1869
1597
1862
1730
1974
497
2048
534
1791
1797
643
765
496
480
499
429
1537
1662
651
323
847
510
356
352
916
465
610
253
373
259
506
362
376
414
250
479
500
356
356
293
434
365
461
269
393
373
403
414
467
387
473
297
388
386
268
343
261
317
397
229
362
414
375
259
369
366
358
209
342
291
409
290
311
383
253
389
263
325
331
355
260
307
320
395
297
276
304
346
363
210
241
317
217
374
3123
3132
227
289
339
294
299
366
373
372
388
470
1327
1377
2020
2047
2094
2238
2085
2187
2269
1853
2432
1952
2552
2541
1466
2118
353
2630
1915
2023
427
2290
790
372
376
360
372
600
328
292
402
382
893
896
494
508
422
262
443
350
242
428
343
400
253
229
384
334
448
337
288
311
495
2560
424
216
387
231
2782
379
352
272
253
429
242
501
405
208
243
402
563
284
223
3242
375
424
251
312
3431
335
252
315
233
252
186
197
618
451
658
200
255
216
256
420
196
202
818
296
248
311
234
804
429
216
269
285
210
288
212
411
202
204
202
529
303
413
335
468
319
233
359
238
418
388
1829
2301
1656
1796
1829
1900
2687
2744
1777
1819
1590
2026
2381
2367
2193
335
374
540
2299
689
644
314
478
449
541
366
329
356
913
542
264
837
673
230
428
782
296
304
273
270
517
477
369
269
261
283
668
346
189
258
258
223
261
271
243
180
205
231
231
193
522
238
188
324
242
193
219
291
261
218
280
270
219
196
236
245
209
238
217
234
203
202
233
242
197
229
229
228
276
249
198
212
237
236
231
256
268
267
229
249
218
257
235
252
241
248
336
418
336
377
355
471
3362
3359
3445
3707
3581
3625
2102
2138
2370
2482
1591
1665
1969
1974
2288
2309
2287
2442
1918
2232
790
626
481
772
443
388
292
373
271
373
332
221
483
399
350
255
247
355
227
365
2123
2322
327
2593
2638
1330
450
606
2204
2081
881
388
428
2349
2361
2628
370
2560
640
392
2926
324
453
503
373
588
592
536
505
877
512
355
580
3000
354
427
344
569
822
325
464
226
455
338
539
331
441
496
294
335
242
495
358
304
349
508
249
455
292
482
203
453
2132
2157
2244
2251
198
306
198
258
546
195
460
562
222
444
175
384
242
215
371
347
558
479
467
450
452
2078
374
641
2377
1940
1946
2141
2193
3204
3345
3235
4449
4449
466
739
4511
590
4594
380
2351
2357
480
647
731
385
381
936
441
439
383
465
321
349
650
273
292
1446
397
697
2115
531
364
316
662
2292
2237
341
440
303
443
1493
577
2622
3244
262
2323
384
2403
2412
518
408
311
361
191
426
3660
2668
271
330
1643
1636
478
227
310
1213
351
267
1263
740
381
205
659
311
684
241
474
399
285
272
343
302
487
974
1580
233
676
531
369
205
1187
221
555
341
327
273
203
347
589
501
466
425
653
219
2072
203
263
196
538
464
281
885
425
367
861
772
1073
1179
7244
7339
3586
3725
2193
2358
354
354
2240
1561
1645
1086
2457
329
332
279
379
425
600
383
455
390
394
251
347
364
280
463
449
207
446
2121
269
322
2281
1599
334
212
1794
322
222
367
306
1468
2209
250
375
263
487
231
275
190
274
1886
261
1910
325
1325
447
217
272
625
279
293
694
332
211
291
280
249
191
341
1631
311
218
420
217
190
196
634
191
220
556
216
208
372
322
246
222
222
234
211
247
584
227
236
499
196
211
394
215
209
194
209
259
218
1465
214
243
212
228
286
431
463
332
2001
2116
6045
2091
2083
2036
2142
2405
2405
2749
2916
963
831
367
430
324
421
333
349
603
590
314
396
244
300
3886
3889
1477
304
6770
6786
272
1731
255
215
205
517
491
531
240
2577
230
501
284
232
897
929
230
251
3026
244
603
202
620
381
292
402
2399
274
317
2497
538
835
344
320
449
201
496
220
690
240
335
522
277
231
236
553
333
376
536
187
263
347
686
2356
2362
253
212
350
445
438
217
281
213
437
360
383
348
223
352
207
315
368
221
382
353
565
367
278
402
336
321
245
2219
210
346
683
406
2349
482
269
442
290
2615
461
2648
475
3677
3681
2396
2791
617
704
996
369
436
440
881
439
341
3159
3184
566
463
2627
2895
382
779
786
836
524
539
376
493
362
568
552
257
303
491
567
286
330
196
469
217
442
326
412
3387
1343
3383
3202
1349
1852
1824
3293
444
254
398
646
204
489
416
348
481
595
747
776
513
340
791
386
793
2401
458
2464
374
218
467
242
286
384
241
369
349
2758
1199
569
192
303
232
2832
341
190
585
2464
445
184
360
192
1229
248
227
233
359
688
394
200
393
218
2773
206
548
247
212
475
361
349
601
549
677
844
1953
1803
2005
1951
1961
2315
2349
2337
2538
491
541
2938
594
591
540
2058
2345
321
753
490
314
404
2665
332
1648
344
343
1909
3036
374
284
2225
466
1384
2320
589
274
1325
247
623
3371
3368
310
342
477
512
329
367
435
439
386
395
270
472
291
3008
3016
510
443
487
318
224
428
690
428
628
207
469
258
271
303
257
411
441
462
480
368
808
222
371
547
415
297
328
385
280
1433
410
288
291
272
434
369
348
273
319
448
264
470
242
378
302
293
274
324
604
308
219
264
306
365
395
374
318
332
365
378
378
2327
2394
2207
2208
1928
2164
2036
2220
