151
131
210
153
171
119
73
180
78
81
92
69
99
64
89
75
65
75
189
193
77
84
89
69
126
90
94
95
75
102
105
80
66
64
65
64
57
69
90
51
78
71
95
77
91
72
64
61
91
74
60
56
78
89
79
82
91
86
51
73
53
70
79
87
115
89
79
72
70
99
67
61
103
81
60
53
69
84
92
49
103
59
70
63
75
63
55
72
78
64
85
89
100
73
117
62
54
63
75
60
52
105
71
82
56
78
103
60
61
46
62
66
62
66
84
67
83
74
52
55
167
195
152
152
122
192
59
109
59
62
95
189
109
93
80
91
77
95
91
101
110
104
69
139
113
88
71
81
70
87
95
86
67
108
93
101
78
90
77
67
53
103
88
93
70
90
100
100
66
118
148
148
77
80
101
66
66
431
66
81
100
105
115
135
73
143
84
105
64
57
54
109
91
87
91
113
85
84
93
57
69
55
81
79
216
62
97
228
96
71
107
101
73
82
79
70
57
78
38
66
87
76
123
130
154
70
137
110
73
113
70
82
47
123
46
73
79
75
95
93
235
82
102
84
136
100
102
157
87
90
81
74
79
81
52
49
55
82
48
81
101
48
56
69
87
52
73
67
63
55
86
81
56
202
207
77
97
55
57
74
62
58
91
88
69
77
67
142
81
68
164
70
104
98
103
57
80
57
97
87
80
68
186
55
108
60
59
215
226
81
75
50
54
73
113
65
132
84
98
63
102
74
97
72
89
77
76
83
112
90
101
93
74
60
52
60
74
63
106
72
73
57
111
62
115
124
73
70
61
71
104
84
87
78
64
60
79
97
91
64
85
45
195
46
50
43
131
105
111
183
51
158
105
43
239
170
62
55
96
80
42
47
103
44
199
69
97
109
60
65
46
75
109
41
189
63
52
95
73
42
70
82
231
78
201
118
49
123
42
188
109
70
55
72
60
92
57
41
58
82
106
105
85
98
41
89
92
64
104
79
68
74
88
91
60
38
75
78
103
56
87
52
51
38
126
62
97
103
76
75
78
116
84
48
88
64
37
47
80
73
103
84
70
38
67
80
67
69
64
51
64
111
88
58
100
77
72
134
131
1792
79
145
102
104
114
125
81
98
57
68
325
57
50
192
195
116
233
57
218
76
96
57
72
88
52
402
64
75
106
109
65
88
73
61
53
214
114
48
107
65
213
68
65
270
88
79
67
127
79
229
112
92
87
89
135
48
72
103
46
48
86
156
100
124
60
49
85
87
77
73
58
61
141
79
129
75
92
180
106
61
95
47
85
84
58
66
81
103
75
123
103
68
108
97
92
80
91
87
95
57
123
124
67
62
55
69
107
69
48
53
68
81
54
48
59
113
84
82
68
119
108
156
59
169
50
76
163
160
72
105
120
145
64
83
69
93
90
90
90
51
141
44
151
156
143
94
83
102
112
84
108
78
118
71
70
133
125
51
130
83
152
66
83
63
77
101
97
103
66
100
88
54
140
79
159
65
87
69
84
49
205
145
50
60
90
95
106
107
58
74
47
166
66
73
71
101
76
92
77
125
71
74
68
69
108
97
87
76
86
119
70
79
117
62
104
135
98
59
110
68
91
53
78
144
96
141
57
72
59
110
120
112
103
77
82
151
50
95
63
72
134
78
153
166
58
75
88
104
242
94
74
246
42
58
56
47
80
100
58
75
63
49
79
67
56
70
71
59
258
57
60
48
89
60
77
109
57
189
54
56
324
63
80
61
67
71
48
55
101
67
119
61
117
48
323
82
58
54
75
205
101
86
87
150
50
82
147
56
102
149
119
76
80
112
63
68
96
73
138
52
68
90
114
139
70
78
88
165
63
66
72
63
70
86
110
82
77
50
140
47
85
71
100
73
62
94
80
54
104
81
78
73
44
98
104
161
161
77
72
116
214
248
75
99
192
234
134
136
75
51
87
74
53
86
233
112
234
114
83
79
58
66
116
66
327
44
74
80
106
90
86
237
41
95
99
64
95
254
83
71
60
59
52
70
83
69
84
127
68
75
71
101
106
87
87
79
78
94
111
95
82
96
81
70
70
117
51
43
98
96
111
67
47
99
131
106
74
82
138
60
104
65
42
95
107
96
87
77
91
117
49
67
58
123
86
72
75
61
70
49
152
57
68
71
56
90
143
124
62
87
136
75
86
153
75
67
127
134
150
298
159
78
159
175
112
131
58
74
90
192
120
109
75
69
63
76
77
83
96
63
93
87
66
52
99
104
57
47
124
97
81
67
87
74
121
154
57
121
71
85
86
64
70
66
119
78
100
92
356
93
75
77
57
80
62
64
64
81
110
55
73
74
68
93
60
54
86
276
54
53
71
65
51
91
79
81
57
78
65
77
106
46
85
64
84
71
53
101
55
81
80
61
78
79
56
77
64
126
71
127
73
65
100
67
105
68
41
69
88
70
105
55
77
54
57
55
67
68
83
97
