110
118
124
137
150
176
168
183
182
182
189
200
24
106
232
241
247
245
85
269
272
129
190
178
318
136
338
120
362
355
110
376
124
107
178
218
78
461
277
197
284
89
175
196
116
181
64
344
286
441
117
399
127
387
71
256
184
155
64
103
149
91
364
263
395
195
294
107
442
563
168
193
185
117
280
171
145
326
35
195
430
243
258
627
669
62
66
140
341
314
570
184
552
92
76
154
965
324
189
59
695
401
597
132
465
78
51
521
594
70
1028
256
951
84
67
74
367
279
1052
110
169
1111
117
829
168
772
689
444
404
235
987
239
468
272
279
593
487
820
162
190
311
347
259
117
231
299
393
452
374
222
303
369
240
1237
625
472
195
240
662
654
170
641
254
690
223
540
873
302
601
356
794
156
147
153
190
222
1270
441
249
387
311
436
133
230
181
506
297
287
419
289
418
308
370
594
12
13
11
629
12
13
10
121
12
416
398
28
387
42
41
56
920
16
391
21
527
27
18
454
21
24
28
31
126
387
133
440
523
308
514
475
110
183
366
909
445
207
548
572
1030
837
110
118
126
134
133
179
180
182
185
53
195
196
209
207
212
95
226
265
122
95
108
312
324
106
182
112
154
350
164
134
91
98
263
80
182
247
216
81
118
242
472
89
168
223
70
138
98
125
212
195
349
123
281
69
303
334
169
202
317
20
195
389
129
177
386
259
278
203
62
259
108
223
202
166
118
64
146
101
162
247
93
194
383
243
94
283
366
149
80
291
252
107
290
44
153
64
36
104
75
111
124
121
93
88
127
280
472
505
562
509
366
567
609
503
487
618
830
603
41
234
558
67
71
646
252
75
144
738
501
357
633
648
122
178
834
232
231
225
976
239
1112
622
250
340
790
157
381
211
377
145
379
274
101
448
318
521
181
523
411
203
392
615
548
230
439
209
246
632
194
290
548
469
777
517
413
444
226
476
175
135
272
240
187
450
113
823
229
380
170
457
535
531
253
197
291
309
289
286
362
350
20
9
324
11
19
10
502
16
16
44
58
351
14
40
10
16
15
333
11
444
8
15
389
764
50
54
339
570
300
1021
209
954
413
145
465
743
590
1190
695
705
60
100
107
109
115
112
125
134
147
146
90
170
183
185
86
218
214
229
236
239
71
270
131
80
294
96
293
312
190
163
223
158
337
122
236
102
100
133
87
290
67
196
258
283
42
276
62
123
173
167
514
169
122
125
156
76
244
279
78
384
246
117
166
68
192
333
391
223
398
277
51
330
107
255
398
465
147
200
163
136
47
315
92
36
343
198
179
73
218
309
319
87
68
256
339
249
202
140
343
265
434
167
472
540
590
573
387
620
705
548
218
307
338
713
732
464
646
566
834
344
602
281
353
723
781
397
399
223
358
276
387
303
481
339
275
1012
818
426
1019
279
167
994
979
93
190
290
306
291
317
210
240
524
569
453
504
231
237
421
208
540
350
213
549
248
594
683
54
620
612
389
182
267
213
472
848
362
136
200
332
361
280
563
153
211
540
478
450
512
284
317
246
316
11
7
9
6
510
813
737
26
14
456
56
399
40
487
1302
400
20
19
47
137
401
660
74
34
36
33
49
408
20
21
20
512
981
121
326
573
247
527
405
442
677
580
556
233
538
150
199
596
110
132
153
172
166
168
173
191
59
206
211
217
230
236
246
46
88
280
82
94
269
291
274
82
344
161
165
340
352
395
116
287
240
31
149
226
179
247
274
177
239
231
517
172
250
70
600
223
124
384
276
234
182
63
222
259
345
189
49
500
392
122
239
371
316
223
85
229
175
349
176
268
161
330
163
193
398
41
79
80
149
103
176
554
430
155
391
85
68
82
748
153
645
134
53
202
63
163
367
123
335
509
209
251
177
218
625
451
20
122
592
133
233
549
868
478
667
481
809
579
502
608
647
694
669
736
848
841
432
883
495
516
428
292
1007
265
865
381
469
1019
275
919
446
566
225
147
269
377
192
267
320
515
491
505
251
357
404
543
189
195
311
168
240
679
619
442
284
210
318
107
293
197
141
213
396
800
720
342
244
292
142
670
277
133
204
536
206
632
555
888
615
566
241
335
617
16
26
727
13
10
526
13
17
18
20
459
297
35
431
494
496
452
89
48
41
86
35
26
24
20
21
24
537
417
204
311
563
232
440
961
241
242
546
674
429
548
454
617
647
790
72
103
96
104
140
133
133
141
153
155
167
62
151
71
171
188
62
196
218
151
31
229
266
104
282
265
267
301
115
114
149
128
151
218
169
75
416
123
260
137
181
315
319
226
111
163
151
329
518
411
121
145
100
363
319
288
107
296
87
174
131
285
93
166
380
76
157
84
326
93
87
181
62
193
76
197
98
212
250
306
524
345
54
210
122
199
203
86
86
371
104
59
178
185
151
185
183
129
192
337
125
480
228
186
247
240
466
572
21
757
523
66
225
96
184
512
326
106
136
626
575
930
608
631
459
515
198
731
686
245
749
189
702
718
703
818
290
814
360
407
852
320
335
1040
252
514
429
307
174
324
386
424
130
342
504
402
413
268
576
413
534
621
278
236
228
436
423
426
317
208
57
259
353
188
248
128
215
433
225
178
393
511
369
460
362
476
993
784
529
217
317
399
585
319
347
650
460
35
10
38
7
629
14
376
7
364
14
15
16
14
413
37
39
36
435
25
11
16
23
11
16
401
165
473
173
895
595
504
343
460
379
464
534
332
639
420
613
584
628
809
78
115
146
147
164
169
180
189
194
79
235
257
127
262
96
287
205
304
115
325
129
342
350
344
356
197
129
164
136
106
134
429
90
132
163
224
278
144
145
276
91
266
154
244
357
324
265
184
105
382
148
21
470
589
369
84
181
137
211
222
185
45
496
135
483
180
63
105
117
63
181
288
234
88
440
598
113
128
141
111
117
306
178
506
217
482
169
72
193
71
128
67
180
43
198
187
97
104
354
81
211
147
461
342
357
337
570
436
517
314
254
563
494
487
594
467
44
242
63
521
228
138
76
762
92
488
123
164
783
789
845
887
169
880
745
280
681
232
340
890
244
312
896
808
887
959
125
399
272
620
281
508
553
370
356
416
357
77
533
372
351
141
224
195
471
474
233
787
330
287
242
210
276
335
375
277
847
688
442
278
1026
180
164
545
317
378
411
411
129
478
297
523
341
313
535
633
275
409
677
256
31
8
8
464
8
18
15
7
394
411
963
52
45
442
10
368
46
40
43
18
432
48
17
15
20
15
447
454
313
608
558
561
238
226
549
432
546
461
560
657
110
121
126
127
138
139
158
165
174
206
216
120
241
249
251
141
89
155
318
325
325
201
356
247
170
170
390
149
151
101
231
120
131
51
133
139
141
552
145
158
315
310
309
74
130
55
464
86
306
49
402
345
519
155
164
133
24
335
46
380
188
353
201
108
158
65
97
158
203
278
137
146
283
225
318
324
49
32
149
152
35
78
255
585
236
172
150
196
180
83
63
82
52
235
74
475
86
224
255
155
96
284
260
377
480
510
628
431
437
496
403
770
686
658
6
635
98
49
541
807
728
72
91
737
91
419
415
941
292
339
774
180
506
816
226
168
197
301
234
240
928
340
279
141
921
358
1018
233
213
875
280
347
520
447
113
261
1345
142
553
226
272
274
355
457
671
574
180
272
444
552
605
839
366
390
59
415
476
481
193
220
350
1086
174
131
455
372
509
504
373
508
280
188
217
422
330
242
765
319
427
319
404
553
15
6
9
31
425
10
417
18
13
9
10
349
1326
11
16
16
15
941
371
14
11
16
32
17
28
595
154
457
253
392
554
556
467
1194
604
466
527
605
99
104
117
149
174
167
194
191
205
195
80
90
215
229
256
267
273
276
277
126
298
95
136
326
330
102
341
86
313
430
154
92
230
183
196
165
214
186
44
104
246
179
99
588
263
73
82
309
63
639
204
107
222
162
510
111
548
207
467
157
605
560
289
163
148
159
398
114
171
248
414
186
58
140
265
163
726
151
43
119
251
549
455
107
253
54
184
304
270
205
79
201
904
246
521
239
440
214
163
343
525
468
72
191
370
607
702
165
704
716
13
427
342
650
104
247
86
78
484
547
173
136
163
355
195
346
875
176
414
809
577
840
639
948
868
772
930
263
378
393
638
406
867
263
324
182
102
383
242
224
114
411
1031
958
443
172
260
449
574
470
576
234
359
248
388
523
659
470
539
283
285
287
554
78
299
642
187
284
449
193
727
296
461
423
300
620
360
426
366
143
424
271
338
344
437
653
650
594
14
18
11
295
13
1225
337
12
10
16
381
11
15
14
16
13
334
22
437
495
378
41
64
43
52
36
67
458
854
440
189
312
446
329
503
456
539
518
438
595
661
762
198
198
207
225
244
246
250
251
257
277
289
293
314
336
384
105
141
112
411
438
477
524
267
549
304
352
340
172
610
588
601
444
116
276
130
264
419
343
706
508
94
168
223
120
172
233
530
434
544
201
282
670
65
96
158
161
493
270
98
316
411
281
144
132
417
268
482
63
213
354
294
634
134
68
130
72
107
69
204
57
201
178
651
75
67
53
131
86
168
150
166
64
181
292
654
408
85
224
215
329
471
482
49
156
321
177
83
198
495
173
14
158
75
296
123
179
75
194
573
241
514
317
721
618
581
726
624
682
420
214
292
247
659
295
312
802
848
273
272
687
724
754
182
189
325
122
468
292
118
958
372
453
523
381
415
452
353
211
488
536
499
296
270
409
344
466
254
315
235
1100
54
277
175
373
389
267
151
304
391
231
251
323
486
901
464
456
426
459
183
786
275
332
343
287
302
272
266
7
332
10
18
14
33
504
13
419
13
28
28
398
12
24
327
831
84
403
64
93
156
69
84
16
26
22
391
153
225
417
525
300
897
522
458
380
631
564
547
764
1112
836
