100
125
145
170
106
1880
3187
3360
3290
451
4309
5074
5391
5462
2339
83
6444
2394
42
8291
90
8708
3416
9417
5210
64
50
47
57
6681
67
72
133
58
94
10217
63
10274
10386
10518
10709
49
1427
57
48
95
54
69
44
36
50
12723
70
14381
9502
5814
60
1907
14820
8613
12605
6013
68
54
5951
1961
41
39
50
41
242
42
84
42
42
42
46
11027
65
31
65
45
62
46
31
63
54
9979
750
68
74
9173
5565
10108
6470
7900
9435
1729
24204
15863
17066
8537
5472
7039
27564
18774
20902
14740
7227
32589
8614
9948
35031
28002
31298
52340
45808
47132
40504
67504
182
197
1808
3221
3333
4291
4599
32
3012
5536
5545
87
2448
6378
1846
1034
1064
7603
8645
65
9391
9646
9898
5101
320
269
10298
11404
126
81
11766
2475
59
7379
13534
93
6442
4206
11525
43
38
91
72
56
60
56
50
43
4534
9106
11522
8311
64
34
10530
19666
15543
6863
60
8381
9702
22670
1639
1990
5602
11328
2394
1592
7110
78
52
62
51
39
37
52
47
49
39
9404
42
47
37
80
50
55
16472
73
41
68
47
7253
36
67
50
51
55
45
51
41
39
2068
2712
14724
13878
20562
8782
28066
12420
11793
26660
38387
13800
41508
36732
38646
34517
53125
46608
69121
131
134
200
368
483
104
1595
1678
2351
3016
3082
4405
4833
51
2806
50
6517
6775
96
7212
47
5728
8127
7407
5795
77
9040
4815
89
69
9592
9833
10783
67
10874
60
46
42
47
44
54
63
4804
51
1846
4487
9114
86
12457
12609
68
12582
103
8453
1179
38
44
35
55
36
13809
51
58
48
41
60
63
98
51
68
53
40
36
32
35
37
45
47
35
39
31
41
61
36
3185
8993
11072
7893
10300
2568
5460
17738
9181
7436
7492
106
7075
14566
991
6319
14301
6860
2674
8499
16060
19478
9918
30433
14307
13726
32330
26958
24719
25302
35507
38478
48632
40494
53096
61813
106
141
188
84
235
395
125
2303
2793
2832
188
52
4205
4855
95
5295
5312
118
3026
5934
7714
2962
5663
8064
266
40
8559
8721
9585
9697
127
98
4102
56
49
56
50
52
67
48
63
10591
3352
11521
1173
7273
6413
12565
2488
13090
92
13765
14075
8794
11145
8478
2661
36
33
43
43
67
42
7382
47
35
134
39
17840
8943
1146
704
295
179
34
55
233
5925
48
10653
59
37
6107
41
44
58
59
83
71
49
59
46
18834
60
11100
6716
2106
61
1756
11986
20456
24529
8313
11210
8344
13552
26773
8285
7018
28176
16828
16550
26335
32695
34771
45008
37857
48004
43005
82065
119
142
169
154
1280
2085
2396
37
77
3282
3530
5078
5286
4025
3884
284
6284
96
63
6502
7616
7800
227
8895
9012
1768
10229
4892
10594
6107
2564
8915
1986
64
123
101
11758
2853
11992
6057
78
84
12598
67
52
87
104
12730
35
53
48
140
2140
13887
64
93
1991
3400
9237
8020
51
12433
68
44
46
55
78
41
13112
46
64
38
44
37
43
43
35
59
1327
7225
6753
7767
82
41
42
50
39
45
41
42
35
45
57
19261
63
36
6634
9706
10614
7858
6419
7944
10479
15092
21441
27483
17642
11884
10292
20119
27643
19476
38068
38974
28321
33979
35736
40153
56799
73250
178
183
1624
2884
3206
56
3298
70
3913
754
4321
4862
4990
2124
7188
93
2986
8285
8725
70
166
5158
82
3691
10183
43
7151
10932
259
74
77
11832
59
12473
80
11289
475
3399
13500
2937
8305
12648
10735
105
8244
9436
11276
6678
1941
7014
11107
61
45
46
34
49
37
61
45
52
22477
6687
9296
13761
5094
37
11736
54
24981
96
6414
69
91
61
65
78
60
54
65
50
48
53
43
63
73
365
54
50
11405
158
50
47
32
1685
44
74
9228
608
559
589
7988
13309
19644
6189
2386
5367
13802
2489
16749
39901
17475
46899
25334
24878
40049
48196
34075
35472
38410
63195
89
241
82
2067
3395
245
33
54
3905
4532
48
1570
1117
6090
6233
151
7933
6019
8583
48
9052
9940
3939
10630
4735
6048
2429
89
132
11949
81
12056
7354
71
9726
13577
13975
3375
125
4056
3692
17401
9610
378
73
4752
1830
8881
64
9179
62
50
66
55
46
55
46
41
3032
6482
9825
9758
82
61
8285
89
73
33
50
14098
289
35
40
42
2413
41
40
1354
46
6579
95
14993
69
98
42
76
38
49
47
48
51
55
40
100
6113
70
48
14526
2185
62
27843
21644
16402
6450
7894
7344
17396
8317
10017
37152
18023
40711
45465
15727
22864
30203
49979
38610
44326
68972
1377
1382
1382
1381
1426
153
1378
1231
109
3178
3937
4160
975
4487
4273
56
6055
6630
7015
4785
3509
8177
8758
52
7931
9454
5641
111
76
10250
10455
3170
7042
11055
6936
11362
12348
7020
11927
68
13476
54
91
2749
46
40
42
51
38
3439
6305
65
72
85
2516
5708
18188
8770
12179
11603
92
11399
8413
100
2170
43
42
46
38
39
13801
62
31
66
10106
1229
43
55
47
38
74
7450
57
56
12240
55
70
57
60
52
45
57
64
55
42
56
47
77
8908
11809
7469
7497
21472
10899
32018
17960
11762
23136
15107
35216
26648
29149
19583
32579
37327
39473
46243
44072
55522
78954
171
222
187
216
94
112
1880
112
3028
2969
3624
3685
69
83
56
63
73
4019
61
62
40
66
64
95
5120
6089
6165
6478
902
7672
8111
2472
290
6299
3533
9953
2559
10575
34
10454
455
379
71
11218
11265
218
9760
11836
1898
12953
4311
13877
9254
64
12223
6137
5525
1668
441
42
53
52
42
45
54
41
17634
96
60
38
50
44
39
43
35
5149
1172
42
52
47
45
44
46
33
10382
85
47
45
48
7828
66
7043
75
6403
10439
16589
3314
2131
14511
7476
16124
10050
19037
8158
25294
8166
32187
20924
7128
22392
36039
24612
32677
14556
45287
30621
35688
53528
47481
68525
