298
281
313
296
287
311
307
337
358
358
373
386
389
399
417
416
442
439
462
460
461
503
225
544
262
271
255
550
235
274
295
258
311
235
262
248
257
292
304
274
278
365
308
243
246
237
259
233
403
274
239
265
265
245
259
175
452
369
283
279
258
183
237
225
200
190
244
179
240
256
242
238
288
240
213
223
252
178
223
248
251
216
284
241
168
332
226
200
368
221
310
207
220
225
188
241
221
293
230
280
267
208
240
261
251
258
259
213
190
248
287
232
213
231
225
277
280
304
525
582
258
291
286
310
317
313
331
346
342
357
352
356
358
365
397
394
421
435
527
557
253
273
325
225
275
246
243
253
299
340
303
343
345
330
230
219
249
209
210
525
165
259
223
251
270
209
288
512
591
581
180
179
253
272
163
159
153
213
225
282
215
224
224
248
241
207
221
239
244
215
188
187
234
205
298
245
251
208
217
214
209
239
233
255
159
212
235
186
282
272
202
235
256
222
221
214
186
297
233
193
133
159
221
218
229
213
213
182
364
220
181
256
195
227
216
186
201
216
232
215
274
291
291
282
300
308
304
342
357
330
337
358
346
420
435
478
480
482
520
229
527
225
546
267
261
238
267
237
264
621
599
248
239
261
628
331
213
212
301
225
218
243
329
398
261
228
254
267
418
350
273
473
623
396
387
331
333
318
270
228
149
196
157
155
142
388
244
301
166
277
266
169
240
163
185
292
208
207
193
197
238
156
204
179
190
188
140
202
235
217
224
149
138
237
201
222
175
233
150
135
236
189
274
176
256
142
206
154
160
213
159
152
258
220
143
290
300
252
258
302
259
251
286
297
289
318
318
321
313
375
383
381
449
451
455
227
494
509
499
518
224
554
220
559
197
229
233
588
585
310
223
635
299
261
267
163
160
232
187
463
226
271
290
282
173
246
259
182
266
404
233
306
353
252
352
315
391
148
219
213
219
179
271
209
282
262
237
164
338
388
154
243
296
262
234
215
296
248
305
200
275
636
217
247
143
239
269
362
257
867
874
339
199
206
219
210
300
281
323
282
218
274
240
167
244
258
219
314
407
159
221
253
326
484
232
233
232
252
362
546
314
292
308
296
324
329
332
336
374
366
363
395
385
381
387
403
431
508
483
490
507
520
242
286
295
267
253
294
250
259
338
303
343
274
355
448
251
316
394
259
414
797
244
321
172
849
236
240
165
168
371
169
276
298
255
183
205
279
442
167
206
161
179
140
292
179
241
241
292
144
238
251
263
170
164
198
158
245
179
282
196
192
154
277
255
196
188
615
197
230
334
295
610
141
135
244
173
228
135
235
134
132
244
183
209
152
210
206
197
159
191
204
199
232
174
233
237
225
267
276
268
328
341
319
342
350
340
305
387
425
421
512
219
505
513
222
582
237
544
227
265
587
262
263
570
237
282
276
238
224
243
219
220
235
830
773
212
250
288
406
271
218
373
257
148
279
360
156
371
152
139
154
186
223
154
213
263
233
171
213
202
249
182
249
121
193
156
161
245
196
131
127
168
224
139
141
157
130
189
232
222
210
203
137
218
243
155
190
232
162
194
181
183
143
147
211
203
186
139
158
215
220
140
239
248
136
215
133
140
168
141
145
157
236
166
170
271
251
2213
2223
262
266
247
306
331
354
386
394
408
399
422
425
449
448
477
233
231
269
518
339
337
266
255
315
306
320
237
341
321
304
240
232
320
234
398
243
266
254
241
901
398
915
231
498
188
229
245
235
288
254
395
292
297
238
163
250
173
190
284
296
267
325
200
263
200
221
320
264
269
215
188
237
234
216
297
216
278
218
286
267
309
204
203
289
310
225
212
241
209
253
250
210
253
260
239
294
274
259
243
269
294
377
201
215
221
210
240
297
339
215
194
218
189
214
228
153
192
192
220
289
310
322
321
327
323
334
336
352
351
354
369
335
383
407
391
449
471
433
227
238
263
249
243
276
299
317
286
294
294
267
260
420
234
320
375
228
252
218
208
203
276
258
340
139
248
286
150
216
194
244
177
196
225
238
180
131
268
227
219
142
246
230
139
239
155
250
133
619
251
592
234
188
238
227
259
155
258
279
218
161
224
515
551
193
130
227
187
261
210
288
214
225
181
238
209
143
264
187
181
222
201
223
131
226
236
181
280
266
252
221
429
3130
3557
3698
1982
3737
3744
3833
3842
3546
256
267
240
284
273
342
341
367
350
351
388
391
397
399
412
443
259
262
252
554
229
240
240
293
260
280
662
674
287
285
712
266
214
304
219
765
765
372
383
816
270
271
886
279
295
340
269
313
353
230
678
288
224
257
291
221
272
234
274
276
261
302
217
314
243
237
245
220
261
231
253
287
212
210
246
369
221
238
246
183
227
228
219
214
281
185
231
251
291
226
218
215
255
227
210
208
163
296
280
173
227
230
289
262
301
177
192
207
125
205
192
196
245
215
202
223
520
516
802
831
