77
61
96
85
109
84
59
54
77
85
98
88
77
77
99
42
96
59
70
57
70
67
53
94
56
71
62
67
75
78
70
64
63
81
78
77
59
60
75
136
138
78
60
69
74
92
104
63
66
63
69
65
83
59
58
66
58
70
107
84
78
57
79
59
63
87
53
76
60
85
68
58
66
88
64
94
82
113
82
55
65
87
74
53
53
66
68
92
58
40
71
58
76
69
56
59
99
57
62
62
64
90
62
63
69
75
80
58
70
107
65
66
61
68
80
94
70
64
107
79
65
81
55
85
39
111
40
69
58
50
54
63
34
58
55
96
46
61
42
75
59
49
91
52
47
48
61
61
41
87
37
52
62
73
53
61
112
62
39
60
51
39
65
53
45
53
49
59
47
82
77
65
39
52
95
47
66
42
49
66
37
67
48
43
49
57
45
42
65
52
47
68
40
70
67
48
50
57
50
55
48
43
44
65
57
67
55
53
46
53
53
44
49
60
57
52
56
64
48
38
52
48
47
61
41
56
62
53
51
63
45
90
34
48
45
86
45
73
66
74
79
88
87
54
98
68
108
70
39
91
80
58
75
115
152
76
68
83
45
60
43
78
73
79
110
48
69
71
37
64
69
97
73
41
49
39
93
32
81
69
76
39
53
53
100
58
46
56
42
62
43
73
72
52
44
58
75
61
35
59
84
85
41
76
77
43
42
50
45
49
59
84
66
52
55
49
52
52
43
68
62
43
60
44
44
38
67
50
58
81
46
80
72
87
38
64
51
42
54
68
36
51
69
71
76
61
47
78
87
55
57
39
55
34
42
77
78
56
62
72
49
72
86
50
37
73
66
96
73
99
63
48
57
54
105
71
51
42
83
43
37
130
71
101
76
56
138
44
57
70
67
70
112
57
113
64
73
50
125
121
71
73
77
74
63
82
67
79
56
81
63
67
75
68
60
45
69
56
57
105
48
70
66
59
77
81
60
86
68
64
67
80
75
59
63
76
60
64
56
98
62
100
76
95
55
54
67
44
59
64
47
67
65
54
79
61
67
68
88
86
94
50
53
107
68
58
64
86
58
71
81
50
51
58
50
64
63
41
71
77
61
54
78
110
82
87
45
68
79
70
50
113
52
86
69
111
61
64
42
76
51
42
56
62
47
84
57
65
99
52
61
72
71
75
48
56
58
57
79
123
85
57
53
47
54
57
46
86
65
62
69
73
52
49
57
68
53
48
68
47
68
81
78
74
65
68
66
58
51
70
77
48
43
81
78
75
81
60
49
52
47
51
60
59
61
43
82
56
68
65
74
78
104
83
43
46
49
53
102
94
65
38
58
93
84
69
87
57
85
39
63
42
69
46
71
68
66
69
77
102
87
100
63
86
49
107
58
66
58
62
48
40
36
89
52
55
98
38
50
66
46
34
53
50
47
91
88
75
60
69
42
64
41
33
58
51
38
78
52
49
40
62
41
44
36
71
59
47
48
63
65
46
33
62
74
70
84
35
50
45
64
48
48
52
68
40
66
54
35
65
48
48
64
43
61
59
54
62
58
75
45
56
58
37
56
51
41
40
63
47
42
60
55
63
52
41
62
56
57
61
54
52
76
67
71
57
56
30
55
56
70
38
67
42
60
38
41
57
84
58
92
78
62
79
93
76
93
70
67
42
65
56
95
71
93
75
65
75
58
68
91
72
54
44
71
91
65
69
77
77
61
67
120
67
54
60
61
51
55
86
62
73
53
63
56
36
63
92
51
58
65
60
56
54
64
67
53
64
53
103
76
77
79
57
72
92
58
86
91
95
61
57
65
62
46
86
63
60
65
83
69
64
77
59
49
71
56
49
67
56
70
70
61
99
97
69
78
70
61
85
70
55
53
87
90
59
63
61
61
76
49
78
67
71
58
81
74
100
71
81
68
89
67
85
51
123
85
94
55
59
45
77
80
57
71
62
56
81
76
76
68
91
77
110
101
65
64
54
56
83
51
48
62
62
66
51
55
86
70
70
77
61
85
88
55
63
52
50
64
64
97
62
50
64
64
62
56
64
54
55
53
64
55
82
57
81
78
60
85
59
58
45
74
61
68
80
60
86
88
73
58
51
52
64
78
75
61
66
77
56
60
94
75
48
99
59
101
75
71
72
76
68
59
63
63
56
61
63
1799
2266
2284
2259
2266
2229
2232
2309
2187
2284
2271
2348
79
88
75
77
61
107
109
106
61
53
117
48
57
53
56
76
62
67
49
93
60
96
59
87
63
57
84
65
70
55
47
76
107
53
80
61
54
60
54
51
61
50
60
57
51
49
66
58
106
83
76
107
45
58
77
83
59
66
47
65
49
59
82
55
49
69
103
99
62
49
51
48
53
68
79
51
81
57
41
58
70
91
65
72
91
61
51
46
45
83
63
50
68
55
52
54
54
44
53
55
55
55
62
55
53
61
50
52
42
51
50
74
56
58
87
49
47
87
52
51
