91
106
104
122
137
124
162
127
153
137
170
87
115
94
176
200
237
210
146
106
127
109
161
59
336
112
315
185
359
166
182
394
217
399
258
93
455
83
121
454
307
298
59
211
81
377
218
204
299
320
171
279
98
86
170
280
261
323
43
672
192
108
222
308
180
181
107
735
237
331
236
347
518
74
306
177
206
293
194
198
102
130
165
70
269
255
518
94
174
154
291
324
196
69
246
136
404
345
439
441
240
206
45
253
452
513
17
48
36
394
523
57
63
67
62
204
202
568
467
578
321
239
616
312
366
170
198
144
489
251
605
694
718
216
297
295
172
827
250
193
143
405
353
656
392
163
268
236
317
90
299
154
118
406
515
193
404
873
879
248
197
169
206
207
198
325
395
484
444
390
474
239
710
432
413
361
167
226
273
201
234
388
507
374
858
237
253
251
466
275
558
333
216
262
657
398
606
247
353
36
44
34
23
450
362
91
21
16
26
28
25
354
30
358
9
287
27
20
25
15
23
15
26
433
386
373
38
297
219
310
181
290
183
441
352
228
378
181
466
594
137
207
227
227
239
245
251
258
255
273
274
278
321
135
109
362
375
363
393
251
142
405
192
73
86
208
137
230
243
525
551
123
285
282
74
84
70
81
169
342
90
368
321
343
359
164
165
76
80
157
53
285
143
147
184
394
76
76
48
80
71
410
102
449
22
233
48
122
77
436
165
150
92
508
369
173
192
167
216
100
144
334
120
334
178
188
207
540
272
164
173
232
137
169
87
356
48
171
35
149
344
46
435
133
118
161
32
493
461
410
96
461
216
55
16
578
115
594
163
482
518
564
93
108
351
118
87
108
477
513
396
479
484
283
893
356
736
438
707
724
766
397
671
780
455
803
583
146
789
608
748
162
886
824
133
1673
244
284
179
368
892
385
168
390
252
368
275
458
569
594
1972
323
374
454
367
263
592
135
182
207
504
339
319
430
522
871
337
402
408
551
2115
330
1077
341
426
375
329
406
313
530
364
12
205
2618
10
16
14
12
18
18
33
15
510
12
13
324
21
20
11
174
162
402
22
17
29
29
28
268
368
339
290
232
154
370
410
252
387
407
422
510
124
124
143
161
173
186
52
64
202
196
204
208
207
208
210
239
253
258
121
281
110
289
307
107
340
349
364
160
418
226
94
219
209
237
153
270
252
128
72
242
28
316
270
155
362
573
132
156
80
252
299
91
187
218
380
111
115
377
66
322
92
242
131
171
185
130
92
209
66
559
61
528
107
121
103
210
78
122
204
96
522
351
124
211
69
400
82
55
261
59
118
185
182
27
182
382
328
200
309
132
118
334
136
252
421
31
468
10
122
42
42
501
480
505
219
97
102
415
283
534
137
451
468
391
356
423
422
366
157
197
528
672
689
228
247
211
164
276
232
208
663
206
311
398
266
406
444
842
424
1019
494
182
1040
203
520
375
322
410
305
235
446
219
78
378
688
225
372
496
403
197
158
296
571
158
752
123
356
587
181
233
270
244
157
435
192
394
272
457
476
254
191
268
317
505
364
316
493
11
325
13
17
16
309
8
16
348
18
12
333
14
13
18
13
303
117
38
49
633
41
23
41
385
60
420
22
194
133
380
435
469
126
282
403
290
376
295
391
460
415
337
102
125
142
152
156
163
162
167
166
173
173
189
181
202
216
228
248
108
86
277
281
105
147
97
196
120
358
185
411
143
239
254
32
453
133
149
190
332
153
495
489
280
167
269
235
341
359
415
86
275
99
98
230
129
207
188
255
216
233
101
500
309
377
475
204
192
113
192
285
92
124
296
139
99
68
57
219
372
332
74
409
146
108
51
171
162
372
163
44
413
439
83
135
243
77
199
118
404
100
78
246
219
73
137
164
417
118
302
38
86
139
66
85
294
683
54
103
594
242
565
570
138
490
465
478
211
406
165
646
509
466
468
543
713
208
291
241
337
626
330
755
859
709
178
149
233
201
416
423
99
279
304
551
191
392
350
411
181
243
501
107
506
239
297
574
369
262
386
243
279
361
498
279
563
260
320
314
407
241
346
390
227
297
609
445
313
420
320
777
697
393
336
546
377
12
16
219
9
378
24
49
400
14
391
313
16
20
195
182
11
354
37
363
566
23
17
244
366
19
30
19
10
21
22
582
347
448
31
471
247
369
187
206
320
583
128
135
273
444
531
72
100
113
118
115
129
139
143
158
93
160
63
169
177
187
195
212
221
225
259
129
140
274
154
153
97
142
144
218
143
377
202
69
86
407
409
246
224
150
114
103
35
329
248
129
361
312
141
144
350
243
184
177
87
325
287
243
377
292
678
369
174
113
591
322
231
220
96
151
329
67
150
94
55
262
194
46
217
188
255
240
69
844
180
58
454
179
301
358
54
189
176
151
115
251
153
77
149
88
218
146
422
309
156
195
387
243
411
254
520
24
439
150
172
39
66
368
64
79
80
462
542
134
162
344
616
413
137
461
385
573
255
715
710
603
171
728
713
594
315
227
333
190
220
335
402
184
461
163
342
209
1005
162
241
103
385
95
465
433
109
394
276
466
301
305
245
991
265
197
231
230
254
466
618
308
107
109
180
279
557
130
185
363
172
214
584
311
316
427
465
236
270
286
217
310
360
37
684
12
311
90
597
443
56
244
27
362
61
18
28
608
37
50
43
52
56
199
355
51
362
414
456
232
379
19
304
26
17
16
18
14
165
540
149
411
307
584
423
512
477
119
165
174
184
200
205
202
222
229
236
251
281
128
328
325
312
118
134
431
86
224
435
322
328
516
520
121
225
112
628
403
115
452
87
456
66
350
293
195
79
207
297
92
76
542
459
350
130
182
161
252
108
151
579
153
777
223
170
202
74
164
113
657
57
111
161
150
199
50
57
340
54
214
66
63
290
218
102
365
84
386
193
101
162
140
123
144
203
750
58
31
377
103
117
188
195
84
142
181
59
189
215
107
96
85
132
128
184
201
290
134
212
634
318
465
322
29
462
41
112
471
36
451
82
52
331
107
468
364
286
120
596
272
125
574
628
636
508
628
518
622
177
236
796
264
160
303
163
249
322
143
292
171
293
85
260
93
425
483
238
529
504
501
629
481
204
325
368
318
101
238
452
180
347
272
509
731
83
151
152
313
292
161
424
392
358
344
267
209
362
393
419
222
262
453
487
333
302
283
367
584
366
8
270
8
343
9
14
8
7
11
280
509
45
34
111
32
41
11
14
324
168
42
16
24
13
279
16
240
19
267
356
373
528
350
415
525
539
288
455
108
120
137
155
168
153
185
185
199
209
110
254
266
275
300
318
329
117
71
238
205
132
72
405
270
453
152
92
479
287
349
208
318
364
101
101
386
601
155
339
150
206
123
258
346
91
225
200
245
363
325
128
12
89
357
163
48
260
125
240
215
685
214
285
60
95
173
242
352
197
195
64
181
309
74
95
179
244
171
161
97
159
120
117
178
172
235
101
155
172
445
336
196
204
227
319
142
190
112
312
659
445
115
389
76
602
474
156
450
376
460
697
10
358
144
533
343
180
48
51
63
486
73
270
109
93
542
132
376
145
167
478
478
260
556
343
841
332
339
465
412
378
915
203
1051
162
267
829
217
242
934
471
369
347
372
160
570
554
119
104
594
126
169
192
299
326
452
318
233
315
359
94
277
373
351
310
523
126
178
160
588
375
445
201
566
377
444
250
271
470
317
292
206
590
352
364
481
332
328
15
402
14
23
264
440
470
58
23
35
51
196
26
32
32
24
164
21
19
31
29
459
268
33
42
21
34
358
281
328
585
409
210
295
129
181
255
462
167
429
504
124
178
170
184
197
204
216
201
227
231
238
272
276
314
181
314
342
347
178
362
366
375
383
391
178
389
197
256
128
239
201
211
197
116
376
175
206
213
145
82
105
169
355
245
669
120
230
307
327
478
89
349
524
323
497
113
350
502
173
85
111
186
190
52
105
190
555
235
176
154
41
111
143
301
261
196
150
54
109
140
211
82
185
292
293
55
331
50
105
105
174
291
92
400
140
200
125
107
87
65
81
383
230
128
507
129
494
219
39
261
38
207
55
478
159
163
576
367
557
77
92
113
613
133
306
596
177
384
185
486
549
594
778
677
801
669
498
913
746
714
440
458
577
1205
791
543
538
830
814
1264
567
664
722
884
734
887
96
192
888
963
871
200
198
880
184
237
555
252
320
717
391
198
458
102
238
400
143
512
406
480
432
404
643
297
437
255
529
431
251
498
289
307
375
672
530
859
318
312
449
11
12
20
9
447
12
504
22
451
14
333
557
10
798
13
173
398
159
36
31
33
43
32
43
41
450
28
33
532
27
671
533
468
284
487
466
623
362
427
259
230
74
94
101
121
121
149
148
172
192
112
187
207
109
211
214
77
226
225
245
83
257
270
303
315
94
318
137
198
68
388
111
180
138
177
68
461
96
164
371
298
118
324
92
224
335
171
177
352
486
633
385
310
394
136
258
33
50
287
134
159
365
219
481
53
518
100
122
251
72
43
63
115
49
302
61
316
65
74
99
337
90
125
307
228
168
320
133
123
260
343
744
316
97
166
193
289
195
521
79
201
151
392
226
101
187
165
34
223
382
55
408
75
42
131
302
173
401
394
406
78
103
106
554
314
496
583
165
152
695
239
664
682
477
176
539
714
275
205
506
302
161
360
155
420
216
288
788
250
323
421
369
424
840
263
862
308
249
441
258
159
229
513
773
469
372
489
316
484
666
380
394
270
332
724
351
433
445
131
124
145
160
161
193
246
178
293
408
463
245
351
373
256
249
504
308
400
210
226
23
257
111
409
37
35
63
22
22
28
297
14
10
13
21
16
366
507
211
556
31
32
394
30
365
28
258
17
45
12
261
437
219
424
301
344
210
490
358
425
249
491
