184
233
239
233
243
130
126
469
1760
2447
3019
3274
3043
54
1877
2938
3756
85
53
4112
52
4775
7101
4966
365
7660
93
81
7570
48
82
80
8231
1103
9269
5620
50
60
9559
7575
39
2779
40
45
11147
45
59
43
51
11352
55
85
2406
8493
2903
12798
8288
13750
13779
10808
46
1010
10783
7827
7800
48
50
43
1513
61
52
51
42
62
43
100
70
45
38
46
59
39
29
37
64
60
47
37
38
4325
2601
573
16869
463
494
258
55
64
7949
4912
10402
14753
7323
19510
11195
20579
11515
12825
9967
9760
25961
23501
20389
25124
28676
31163
36909
39350
37702
59728
126
151
208
759
461
1537
3141
3310
158
77
3735
3903
47
62
47
37
30
72
52
2806
6364
247
42
36
72
43
48
47
39
6855
51
41
7254
57
7381
7539
6835
65
4540
8780
9346
8327
10480
956
7271
2401
1128
15168
6750
16942
9521
5386
59
73
3433
7393
33
54
30
38
44
50
44
43
35
26
26
42
30
33
2518
38
33
1354
12818
10570
70
63
61
39
46
51
48
54
12209
39
58
54
39
38
47
9684
21732
2625
4450
3649
23335
20295
16825
9739
8504
2196
1928
19348
5432
29205
6763
6896
24101
11119
75
35843
8915
31956
32117
15340
17296
27435
40197
60037
99
121
139
180
81
131
1820
257
3062
3083
3333
37
3492
4204
4347
5689
2459
3647
4177
3451
68
1358
8300
2422
8110
64
273
53
48
6492
110
8663
83
8946
71
9259
9238
9546
68
157
911
80
76
40
47
62
47
48
1706
63
48
52
43
2156
10978
2967
3691
1077
34
39
47
31
32
62
48
42
35
30
32
35
47
8432
48
42
5154
37
5436
14717
6881
457
7296
16059
8953
70
40
58
41
52
35
51
60
69
51
49
76
59
7101
18622
12906
9223
6893
5180
6175
11802
6575
22420
22969
24174
24616
14591
10726
14663
18287
20772
23914
34969
38038
26824
36325
68387
122
159
143
218
78
215
93
147
293
1908
1998
68
2770
56
2743
3691
4220
2339
4580
930
77
89
4888
251
3595
6023
315
6588
1152
2566
2203
4663
9296
140
9323
5122
9947
10410
54
64
74
10676
10894
2360
125
2667
9137
39
31
40
7666
34
54
30
36
73
7234
12913
13119
13844
86
5012
2549
44
49
51
34
39
31
30
43
53
48
51
43
43
46
15112
43
72
57
11924
34
44
94
57
11191
55
32
46
32
41
41
42
54
215
1314
8471
7801
9351
9824
7890
8054
3961
22230
22529
11646
24984
11310
27289
19721
17353
20622
18290
27293
34215
36332
37749
39566
56959
182
219
225
181
138
1927
92
2428
77
2565
3226
3283
34
1048
3126
47
123
43
50
40
41
40
36
4275
39
2297
5094
1831
5482
5765
7397
297
43
51
8426
8945
9233
9190
67
10699
54
1211
58
58
50
28
6774
54
56
119
43
35
54
11652
120
11947
57
12082
282
45
54
39
57
45
3383
52
13023
59
29
2371
28
8024
33
41
49
118
42
37
45
34
13555
52
31
1049
59
82
3722
6980
2176
3223
120
8006
9921
13164
66
45
18648
18954
6207
17330
6003
7548
10375
12314
8338
11973
23428
26257
11196
9340
8246
23767
26509
19383
24877
38475
30976
37805
41234
62670
170
195
228
238
129
2302
3335
3829
62
123
4122
161
83
80
5279
94
2307
6291
38
6716
1350
7300
53
60
61
3382
320
8147
9015
9547
68
10105
82
2747
10975
7087
2565
45
12328
5500
1713
66
12877
513
6527
7825
85
56
2991
2214
84
14905
2262
15357
9095
1862
10722
4649
10061
4726
1115
6526
20491
115
118
38
44
48
62
40
25
49
8438
42
11205
73
951
386
218
30
51
40
38
49
36
40
50
46
22117
42
38
9125
36
76
44
48
57
37
34
68
37
36
64
10586
23666
6471
6052
8013
17735
19563
8209
17394
35044
28403
24211
25387
22954
38511
44455
37580
88
114
130
173
70
2044
75
2631
2916
2690
2941
3192
505
94
4340
74
4658
4978
1615
3545
2384
36
7009
85
2468
8009
43
8166
8587
9377
2909
10193
7726
2232
11643
69
12786
395
6424
9550
14683
58
76
63
42
33
45
40
36
333
41
53
6718
10928
16276
15070
6920
219
47
2461
3183
1072
12598
8272
39
59
38
52
47
55
82
58
51
40
44
51
36
43
64
64
50
45
43
45
42
47
54
38
36
45
8459
54
61
43
11442
73
21930
4352
57
14773
19955
5334
19865
8173
11285
5737
8635
17856
894
33
18664
5701
20789
20654
28061
28202
40800
44277
43158
51395
84
99
109
111
152
101
1362
72
1957
2168
2402
444
97
353
2948
3317
70
70
4136
4843
2705
1499
5527
66
1472
5664
81
6280
52
43
3360
36
40
55
40
57
3984
44
45
32
3036
48
43
51
51
60
66
44
8434
7055
1029
789
9452
56
47
53
39
63
39
51
50
9816
45
10117
10744
10757
11586
12260
69
12574
226
7616
36
36
7774
47
34
45
46
161
157
33
304
271
36
61
6093
11236
16244
6199
14586
10389
12001
772
1144
2263
9375
2978
7526
5775
22546
14249
7676
8879
29816
20780
14022
21786
10134
13246
30259
19507
24672
21331
17001
36125
39883
38187
27190
58884
142
145
183
159
68
98
242
275
759
1267
68
2201
2611
3427
3394
3496
3187
4345
121
2312
4839
2663
1326
6013
6632
252
35
7388
490
62
2045
9070
55
56
52
7761
9691
378
5392
6860
7260
10755
12063
8008
12439
8962
34
60
7356
43
35
43
32
47
39
51
12875
2472
3696
8683
1301
2182
7598
4939
7424
38
36
39
30
30
33
36
38
35
35
35
30
39
45
28
17207
42
46
68
46
27
28
48
46
9705
48
10427
35
52
50
44
48
40
18381
49
10243
7215
4841
15713
20915
11138
24481
12668
24778
25919
10869
11481
15560
20833
29773
34394
36538
42366
39782
65170
