279
280
282
282
286
295
321
332
312
320
325
333
334
339
337
363
372
373
382
397
401
423
216
177
225
234
237
240
184
239
278
234
257
255
267
605
289
270
270
141
147
319
155
322
132
686
321
327
263
269
258
402
149
128
154
166
252
256
249
274
464
240
279
263
228
280
254
130
134
161
359
199
166
254
229
175
390
333
224
372
232
219
283
218
157
129
218
157
130
265
351
285
129
238
266
136
237
326
153
237
264
167
215
232
494
452
245
238
340
295
252
250
142
250
143
141
201
218
373
244
252
252
239
271
264
275
288
313
299
304
308
322
351
368
385
373
373
405
470
212
213
270
233
268
286
272
259
269
264
247
636
369
315
218
308
335
409
342
257
351
239
226
244
358
280
277
265
286
211
351
320
213
257
285
239
388
215
321
202
343
432
263
205
253
155
278
198
142
355
405
217
318
209
131
164
143
227
147
179
188
217
210
353
158
262
286
136
133
338
239
334
134
269
134
320
385
160
226
144
124
382
370
134
219
246
256
184
204
197
274
144
166
231
167
306
344
225
302
258
386
275
243
304
306
284
291
298
283
314
312
324
327
340
342
341
356
373
385
386
427
457
250
493
516
256
509
232
233
233
224
230
264
255
296
276
295
283
318
285
317
284
230
304
315
289
208
173
239
241
144
225
240
249
170
272
264
255
177
206
309
242
199
232
159
263
176
228
141
177
218
192
220
199
207
212
227
185
151
184
226
216
174
161
136
187
160
279
175
262
249
240
134
144
259
260
160
230
301
240
142
229
169
152
256
271
165
257
236
240
155
249
161
220
227
235
239
237
273
297
280
258
267
267
255
279
297
302
305
319
351
367
400
448
471
260
534
261
274
301
282
318
604
274
291
622
653
346
354
723
361
273
755
318
251
239
281
334
865
284
269
218
899
293
377
144
185
281
316
292
355
975
134
345
976
350
260
228
257
148
134
283
122
254
244
183
137
187
189
296
177
311
225
215
252
147
157
246
291
151
244
246
377
137
171
268
152
247
354
291
136
264
278
144
135
146
228
145
205
245
212
226
201
267
291
267
246
140
142
259
148
242
248
208
247
229
193
217
232
238
254
177
180
193
203
213
245
236
255
268
254
285
307
322
328
341
328
335
331
331
345
321
357
190
217
412
199
174
233
186
195
266
484
234
185
244
168
252
229
311
256
269
209
302
247
223
326
317
234
254
351
253
366
333
268
208
273
223
242
241
250
203
239
251
214
310
236
248
229
646
633
299
251
190
278
287
279
256
243
338
230
267
213
235
183
247
268
216
284
265
245
231
259
257
286
233
309
189
283
237
213
212
317
187
204
373
329
206
327
205
310
315
271
282
249
319
246
238
246
262
286
240
246
239
269
268
274
277
284
284
290
320
321
333
366
391
385
452
246
226
245
216
236
243
222
259
536
261
233
253
230
150
129
136
318
139
144
218
385
169
225
231
295
260
247
373
130
253
122
275
419
151
182
195
195
133
229
238
204
189
134
222
238
319
306
225
286
191
279
122
163
139
1129
212
389
1151
220
331
219
223
215
248
221
211
214
141
222
142
222
191
225
206
189
191
261
211
231
130
232
261
244
214
164
122
222
158
199
216
148
216
157
137
170
333
193
212
261
184
229
258
302
263
261
262
260
263
275
279
287
307
310
312
325
339
365
393
441
463
499
245
244
502
270
279
297
576
294
292
247
282
335
355
306
295
216
372
253
213
260
224
259
246
373
239
242
241
358
548
403
228
241
409
367
255
229
234
211
288
225
245
270
260
296
292
446
290
323
257
310
257
205
295
229
360
236
258
209
144
214
391
269
218
222
199
235
247
165
196
232
230
287
156
211
209
408
192
193
201
182
280
218
348
203
234
397
184
223
292
191
158
192
375
206
201
366
270
228
167
165
201
225
289
305
298
302
306
319
334
337
370
404
398
432
442
432
455
449
445
483
467
528
525
543
254
216
242
288
248
267
254
872
877
219
455
543
535
597
521
631
214
220
232
226
697
268
264
220
287
335
241
271
1057
814
1056
251
691
1129
240
614
789
1105
304
1145
845
1170
818
1189
152
1023
223
239
298
207
214
225
181
232
138
247
276
149
227
160
241
341
198
298
138
232
148
292
121
175
276
215
134
315
302
279
227
199
206
390
154
186
209
639
656
660
664
739
776
1648
2016
4419
4251
4459
4438
4272
4299
4312
294
300
291
271
287
332
325
300
327
330
330
336
335
327
355
373
380
399
398
399
421
444
517
237
256
215
235
284
244
238
251
272
263
288
265
260
615
313
325
314
349
333
372
230
252
236
374
262
222
311
384
280
272
280
251
280
284
267
252
299
234
250
235
211
325
231
235
244
206
283
207
208
232
244
669
220
223
231
215
260
232
506
225
166
270
141
176
221
171
202
238
221
216
184
210
217
225
229
168
227
228
228
239
252
195
245
251
190
199
167
526
247
209
272
221
233
259
234
299
484
