50
48
85
40
104
62
81
61
48
92
38
42
116
111
87
50
79
37
62
89
65
51
52
41
52
59
51
142
145
66
53
54
64
40
47
47
51
46
82
57
57
64
54
63
65
83
63
77
47
59
73
91
64
74
55
38
57
68
56
76
55
44
56
52
53
42
63
82
44
57
60
56
59
49
51
64
67
57
69
49
65
74
50
45
65
46
47
70
89
56
59
61
60
41
46
59
52
73
80
69
42
47
62
66
81
64
63
42
65
55
65
82
51
49
41
50
52
55
58
65
71
96
77
36
82
50
135
38
44
41
72
75
75
89
36
68
52
58
39
103
39
50
41
38
64
70
62
93
69
82
87
43
70
34
79
78
56
59
64
85
84
52
106
60
110
45
49
49
51
66
53
86
61
85
78
75
37
55
37
105
90
41
48
35
90
37
36
78
35
34
88
90
51
74
77
35
94
51
39
67
54
103
79
96
101
89
70
81
179
61
59
61
91
69
104
84
113
96
58
63
61
66
73
113
65
94
58
71
86
62
92
66
75
59
56
84
168
84
139
64
64
42
66
117
44
75
59
94
40
92
84
44
85
73
90
42
58
69
47
78
54
61
40
63
59
37
44
35
87
70
62
118
72
90
54
62
56
51
103
40
49
87
77
108
53
66
93
54
61
64
97
63
54
73
74
66
36
39
46
48
87
41
60
67
89
47
84
59
65
41
66
43
74
73
78
73
40
96
65
86
66
55
90
36
59
51
75
93
66
60
54
44
81
38
53
38
83
47
40
64
68
41
86
81
74
43
41
65
83
42
61
59
101
83
83
71
105
91
95
140
75
77
78
84
56
84
48
95
70
74
55
84
78
69
95
50
67
48
74
114
67
49
62
47
60
69
89
94
53
55
44
51
63
75
67
70
43
73
81
71
85
57
49
63
80
75
70
45
44
62
68
65
38
39
51
79
68
40
58
46
117
74
64
67
68
83
47
35
59
56
61
61
54
56
81
59
51
43
60
64
69
48
79
61
60
35
51
72
44
42
70
65
86
45
88
55
93
54
67
88
47
66
68
64
36
110
32
50
59
56
43
61
55
59
93
99
133
71
89
91
83
87
72
76
101
68
84
81
86
55
97
100
59
67
80
67
82
69
93
83
100
65
114
105
71
71
67
61
62
82
96
77
68
83
62
64
82
81
65
103
79
87
82
100
114
68
76
85
62
119
75
65
63
63
83
84
54
81
53
98
62
62
63
87
75
67
106
88
124
68
62
83
62
69
112
99
68
69
58
51
51
104
91
61
69
60
88
52
97
73
67
70
67
62
59
64
69
88
94
61
63
59
87
110
102
57
70
64
62
81
53
68
62
62
78
84
85
62
77
63
72
74
59
79
87
73
72
81
91
41
50
154
51
46
41
57
48
56
63
56
80
51
38
36
56
76
57
55
100
73
52
42
50
42
64
34
42
71
88
36
63
73
54
63
48
40
52
44
37
70
46
61
55
46
62
55
58
40
35
55
60
63
86
55
46
41
97
61
60
39
61
64
39
75
64
44
71
73
39
56
65
55
93
44
40
35
52
42
81
75
68
69
61
61
57
55
56
40
49
100
41
90
45
49
42
54
50
59
41
67
40
56
50
55
67
67
108
98
73
77
68
86
83
91
55
75
120
75
77
56
93
51
67
103
52
44
69
106
38
61
61
61
60
54
79
49
98
99
86
56
57
77
72
65
52
55
62
66
42
71
48
55
57
62
46
67
48
76
67
65
58
69
60
56
39
37
59
62
52
49
85
51
58
49
76
58
42
54
44
50
64
46
57
65
80
60
76
89
60
56
50
38
64
52
53
54
49
73
55
53
54
58
54
47
46
52
76
44
55
44
53
58
51
56
43
55
33
55
56
51
36
39
54
38
42
40
55
51
82
74
68
87
75
80
73
55
56
55
69
50
50
73
56
68
57
56
84
65
51
53
73
57
61
55
60
51
49
49
96
57
53
63
50
48
66
57
56
62
69
50
47
60
51
59
55
62
82
52
62
54
104
69
65
54
54
51
61
49
54
62
60
53
71
54
55
53
64
56
70
50
120
59
62
50
71
59
60
58
73
84
58
59
63
95
94
60
75
54
51
107
82
64
51
70
52
72
65
64
52
74
74
65
73
71
63
48
75
102
79
59
59
77
58
65
69
65
63
78
99
107
68
70
66
91
70
95
58
77
99
64
90
90
87
58
59
57
72
63
68
58
54
56
55
110
61
63
68
61
45
71
55
61
66
56
55
83
72
64
60
61
66
52
55
50
58
61
62
62
49
54
58
78
78
44
56
58
59
186
59
97
46
67
101
59
58
45
55
86
61
58
65
55
56
57
71
70
60
65
45
60
68
72
64
55
70
62
58
51
93
90
58
53
71
90
62
55
54
62
71
47
76
70
87
84
82
45
59
49
61
38
135
84
50
75
45
58
79
67
78
96
