68
115
125
131
161
159
165
168
160
185
188
192
78
207
213
239
235
239
241
249
261
296
168
322
252
205
148
149
353
193
138
127
103
280
39
227
269
274
302
308
186
147
158
120
532
287
228
309
112
254
414
100
183
423
293
77
351
222
522
184
174
222
88
265
211
269
52
274
132
106
228
225
93
465
200
176
428
52
156
137
79
95
163
251
265
214
730
86
98
292
295
62
557
92
371
238
94
461
187
645
158
60
383
341
277
60
58
51
350
512
511
10
91
42
58
141
45
570
61
353
249
482
452
110
344
157
277
142
144
608
801
397
510
166
215
752
214
321
765
170
750
302
176
363
339
364
315
367
412
410
565
852
453
434
453
535
650
634
556
319
431
613
1185
606
438
402
721
390
697
778
812
110
521
136
190
212
739
246
207
831
1036
218
342
911
394
290
425
256
403
288
401
355
370
267
493
346
393
349
13
82
158
583
13
32
9
22
432
13
15
11
24
20
424
449
23
348
51
46
49
59
693
39
49
49
12
452
548
355
127
539
282
317
125
462
207
343
308
397
507
549
132
130
148
150
161
167
201
203
212
216
49
52
245
254
252
256
291
294
299
172
94
338
129
342
255
164
93
171
217
86
223
323
230
506
178
91
82
320
255
312
136
380
74
262
185
170
84
34
239
562
204
123
289
135
282
411
170
167
163
215
260
162
155
75
180
535
291
146
585
44
61
127
140
59
176
326
51
451
70
210
166
202
77
192
130
84
327
163
315
73
308
45
276
265
54
119
157
202
49
84
208
59
454
343
104
194
186
263
205
118
430
10
70
57
245
552
442
39
757
580
43
78
592
541
542
122
676
496
174
796
533
193
240
266
154
670
294
694
937
254
160
927
223
355
963
417
344
175
380
224
432
70
217
426
483
127
377
467
472
167
357
255
304
296
455
307
362
346
212
326
231
339
248
267
260
106
565
333
237
119
233
220
414
670
378
207
490
286
406
185
227
351
163
312
265
350
600
339
391
439
8
608
312
12
9
280
168
30
26
406
19
22
42
102
377
20
12
17
18
13
29
13
18
17
12
21
447
382
115
363
567
185
328
520
392
345
324
464
672
609
96
80
145
144
146
146
161
159
164
164
169
174
186
183
210
215
137
252
254
298
123
159
142
231
318
339
123
154
366
134
165
370
156
398
144
261
227
157
226
129
137
292
94
159
235
176
204
16
71
227
67
187
78
155
470
171
243
86
81
208
305
283
524
426
108
113
290
444
116
326
237
265
433
228
385
331
209
302
271
147
49
338
301
54
110
115
95
288
243
788
104
101
153
299
193
494
129
190
294
212
118
295
418
421
286
189
46
10
289
17
33
352
162
52
287
252
749
121
88
86
542
556
463
633
453
137
476
647
671
693
513
411
720
233
172
247
288
187
173
192
216
825
379
416
368
717
190
750
82
1082
385
272
416
427
821
599
440
235
141
234
223
386
301
199
143
731
534
209
169
429
177
232
128
119
400
196
388
377
354
247
159
190
362
204
595
668
283
323
474
297
541
592
346
245
215
443
611
429
128
14
15
19
20
19
310
17
11
415
691
31
30
19
17
14
21
23
378
15
310
16
118
31
29
21
312
797
290
488
510
162
391
149
165
247
303
409
356
542
464
530
128
134
142
172
174
179
195
199
201
205
205
202
205
218
228
227
265
269
281
283
143
86
313
130
181
182
169
240
159
98
210
277
241
86
223
225
162
365
250
235
321
565
157
342
234
129
142
147
30
342
287
251
106
147
723
270
352
168
739
352
132
489
485
311
123
154
342
288
243
329
138
479
54
246
97
130
157
179
67
277
154
192
37
362
386
258
208
202
187
81
258
99
98
107
124
108
141
285
93
478
236
163
445
330
206
47
586
59
31
49
58
168
497
52
321
434
60
529
395
300
446
146
362
533
490
153
132
668
669
436
177
236
299
228
822
782
314
213
745
346
355
713
215
390
927
237
78
930
237
454
276
201
363
153
1046
150
319
419
227
384
205
255
149
315
497
297
316
206
102
264
126
210
291
684
203
168
510
236
397
222
499
550
428
260
188
504
220
427
490
258
477
314
220
600
340
153
513
34
41
45
371
334
19
325
288
14
16
114
384
15
12
14
163
362
17
9
17
11
26
39
35
40
417
38
43
487
577
315
175
529
633
291
507
343
245
420
247
441
526
666
121
142
141
151
174
161
182
178
189
221
222
229
235
256
270
274
281
302
315
185
81
160
135
230
153
233
283
491
255
329
230
335
538
298
495
362
541
446
286
625
231
70
409
56
227
231
103
130
271
237
269
112
110
571
580
166
128
87
112
74
80
233
191
497
274
310
91
157
347
161
110
141
156
165
386
71
285
191
248
336
419
172
129
92
208
261
427
300
420
148
387
231
239
106
217
83
544
78
169
658
108
604
187
144
249
221
164
56
487
170
115
147
32
354
40
62
331
372
280
77
443
116
141
704
629
114
341
154
201
678
522
698
666
454
287
749
364
908
270
417
379
153
385
790
319
243
451
241
271
321
479
792
427
87
473
160
527
159
542
391
310
979
129
194
276
684
270
229
309
87
245
144
177
301
326
215
566
228
438
403
148
354
391
446
281
154
290
406
314
242
238
169
460
393
481
118
11
331
9
11
315
103
548
69
62
69
74
40
53
29
34
33
14
380
16
16
404
907
396
10
429
12
468
14
340
406
263
380
41
521
283
361
146
122
288
193
541
446
550
551
73
78
101
99
116
133
134
142
150
90
189
178
58
135
225
82
225
133
67
238
51
142
255
148
63
294
291
317
104
220
76
102
359
14
142
124
97
170
81
177
105
287
48
460
178
140
100
197
171
44
255
49
208
277
182
79
367
165
90
180
231
103
48
43
214
388
242
103
51
50
251
138
226
295
164
204
159
295
124
360
83
70
317
98
138
90
128
294
151
91
181
225
214
389
181
196
440
285
196
418
493
166
365
164
253
419
142
120
443
106
580
496
16
7
163
592
56
385
137
111
272
263
116
318
368
709
502
680
406
179
456
197
688
623
762
794
158
227
215
213
258
871
212
361
333
339
234
321
267
397
275
428
302
282
305
518
189
148
378
311
171
382
291
202
188
561
372
286
138
254
74
225
368
183
247
173
232
615
340
336
167
233
361
220
522
204
293
269
408
235
546
610
298
708
536
324
331
267
332
9
278
10
9
363
34
51
12
97
12
18
16
286
283
17
16
18
430
19
17
13
305
13
30
14
19
850
148
291
479
186
262
157
339
424
537
575
602
667
601
567
84
105
108
111
112
132
157
170
178
186
73
182
76
114
227
233
240
73
246
50
129
150
100
200
373
102
303
56
58
94
238
314
215
473
216
254
307
420
514
192
358
168
168
138
164
223
108
238
213
191
282
78
68
73
149
138
105
751
162
24
64
222
78
765
149
50
67
117
134
571
337
95
91
323
287
253
119
97
78
123
180
164
89
213
138
215
272
301
625
203
341
646
345
433
350
304
378
249
500
464
447
180
178
393
350
355
322
594
403
592
437
188
62
306
17
41
11
71
53
434
69
126
190
455
108
329
118
105
699
792
167
145
280
370
375
376
843
206
475
407
256
223
207
333
531
198
343
341
331
192
350
79
355
332
209
265
419
166
284
192
347
129
312
307
365
481
300
172
273
228
167
243
217
394
137
95
190
183
306
378
292
404
408
298
161
156
122
661
399
462
410
342
328
234
330
173
386
849
291
275
351
324
330
261
12
25
18
93
18
445
28
23
17
286
17
16
16
11
17
20
268
19
27
15
32
12
18
351
274
165
825
295
536
496
381
545
662
436
474
620
184
191
190
196
194
201
204
217
219
219
218
30
251
39
273
26
295
291
306
276
68
317
119
322
290
121
163
157
374
138
155
102
157
209
177
287
194
331
241
355
598
244
624
278
661
71
364
429
222
505
231
281
383
126
130
169
334
344
225
446
458
121
257
773
647
414
682
95
266
243
218
384
240
76
58
147
7
9
189
46
206
88
22
60
13
105
58
49
267
186
20
503
671
115
164
65
40
90
106
912
383
51
124
729
149
102
329
90
165
95
193
261
239
188
200
206
283
727
85
431
141
33
743
22
176
51
359
84
390
214
920
204
366
289
905
26
172
128
25
129
23
296
12
26
9
335
177
189
17
198
21
187
18
9
223
424
47
182
55
473
516
170
258
620
339
195
396
344
185
1002
76
352
485
439
341
168
433
357
348
324
151
383
307
211
470
199
285
167
658
585
235
480
89
282
188
183
485
190
260
351
371
225
384
415
164
297
241
399
296
635
591
295
519
495
349
295
836
267
147
441
310
254
392
335
377
107
413
278
451
282
721
278
273
257
420
487
398
482
456
478
106
135
122
159
176
168
181
163
193
187
195
205
211
227
191
130
117
92
319
325
142
355
372
242
185
404
86
417
421
275
96
68
149
150
101
26
254
119
368
377
129
363
136
210
573
94
262
118
615
417
186
54
86
155
452
662
163
206
359
115
216
136
254
240
138
73
177
225
61
470
36
170
208
176
392
121
53
151
236
291
51
93
85
407
234
102
383
106
181
257
175
133
429
58
398
168
38
97
406
45
484
308
336
300
87
121
528
27
12
105
63
93
172
644
455
435
481
374
592
448
358
564
387
447
486
800
407
405
412
724
436
394
887
455
503
338
275
458
427
345
471
460
378
465
391
199
373
1060
249
131
562
248
156
210
230
379
574
210
270
215
394
418
173
452
230
179
337
259
452
447
185
522
196
302
159
557
417
136
299
492
362
319
402
304
490
251
483
303
307
374
289
280
138
9
337
338
348
14
15
24
19
14
91
22
23
470
9
616
402
389
344
21
17
391
942
32
27
28
14
356
17
299
25
22
28
222
173
496
272
342
197
210
135
159
148
448
278
547
420
582
