117
136
157
191
222
132
110
1688
2197
111
2641
2985
1482
3347
55
3580
3941
2471
2276
2468
72
3386
7285
50
40
7614
45
8643
8717
75
156
9125
2805
9577
7378
1200
6601
336
71
314
5347
61
10713
36
85
10830
46
42
52
37
41
42
57
49
11266
6331
12101
12786
9938
3134
5938
13619
49
67
71
5009
27
33
41
125
34
32
35
37
34
41
1364
49
47
38
14820
53
41
31
34
46
47
63
52
36
93
52
34
32
33
8586
9926
7063
8225
6044
19754
9559
7402
21159
12504
11766
6432
9995
26734
16087
27669
17508
17504
15152
21330
28325
37975
36883
40702
62518
158
165
210
71
105
154
154
1983
2010
33
83
2321
2713
3462
1798
2738
47
4919
56
7527
9247
2664
88
10088
9763
7737
10537
42
83
10686
2131
12249
83
6886
37
2425
12870
14789
2903
199
7950
550
5294
6926
17001
17230
54
17940
3224
18770
63
107
19067
1652
9945
44
1856
45
41
33
43
52
7410
51
48
45
7725
45
900
43
47
43
32
22729
29
27
63
53
50
41
46
50
50
35
42
13108
38
37
49
38
46
46
8387
33
49
55
40
44
43
41
5624
7793
9547
5421
9290
11622
10028
5782
28946
9729
11101
20005
9419
29978
26018
18225
29027
30420
41155
57648
85
107
124
161
126
172
171
171
65
132
112
756
1735
2189
2704
2710
2300
3269
3147
4208
2390
65
5074
54
55
32
32
40
51
48
50
57
7414
55
7807
7976
8468
8539
8586
5542
1088
80
215
10066
10095
54
10374
7656
1997
11002
11674
8577
2473
10033
47
13320
53
33
6069
31
57
37
43
52
52
42
10538
11750
75
86
59
57
135
44
49
35
36
2504
56
66
55
46
50
54
6603
50
58
48
37
36
1562
6344
2653
46
55
7117
60
12013
9230
17912
4627
8088
11205
18806
6580
20911
8961
14880
8724
10827
28632
20385
25682
17489
25848
26116
32705
36549
40309
71618
134
148
155
168
183
186
75
80
88
82
87
109
2144
2164
2424
2794
60
3169
3103
147
3725
4197
966
1958
63
111
331
7170
7277
7552
66
62
7744
8322
8349
3011
8214
61
40
65
34
49
7130
36
41
38
47
7367
2546
9799
10031
46
6679
10791
2982
10104
12400
5652
10750
14427
1320
4707
63
15198
45
37
65
52
56
45
41
37
51
63
51
5712
45
40
1318
72
42
66
41
34
34
38
40
51
39
45
32
40
42
17081
9943
8355
9748
9032
18682
6650
91
10525
287
12930
12651
4719
6564
15644
24698
23213
16059
21357
16849
19189
24489
37002
31888
31511
34651
58509
249
236
278
339
66
48
79
91
64
83
47
109
40
78
68
2134
2242
61
2410
3236
3247
382
1582
35
76
2878
6133
6985
80
7723
8038
8344
2008
9124
4195
6814
9230
70
1187
273
1690
9679
76
119
10081
10190
10767
35
11047
57
64
1973
36
37
50
45
66
2063
47
41
48
46
55
73
46
50
1389
41
37
38
42
43
43
88
75
50
2612
44
57
51
54
49
13124
71
3087
42
9560
14932
14750
16942
66
11613
9231
9009
5594
18646
69
83
10161
8970
5644
11798
6375
5914
14942
6445
14484
27132
17986
23997
27051
11005
8458
33201
20847
17532
30940
39061
33201
65787
93
124
144
162
86
118
111
137
1962
2525
3401
94
3772
96
2241
46
5584
41
65
73
60
57
51
49
43
37
3332
3086
7329
54
40
529
67
7578
9223
9444
10536
11033
11146
12151
12360
6432
2395
12974
45
2260
1122
9853
41
60
2662
44
33
34
83
35
36
40
32
39
42
45
7956
47
42
47
7056
14596
2117
71
2161
9705
1299
7760
37
19040
19403
7298
41
34
33
32
35
39
38
33
35
32
62
34
39
11024
5969
259
62
10157
4651
23840
24100
5995
89
6146
12346
8502
1534
14118
13084
7847
12531
9324
24620
23176
17276
6432
34126
34748
25287
26592
37263
68119
125
118
138
69
76
313
100
125
1775
143
2071
2091
3031
3410
47
2246
1531
5027
6023
2260
55
7437
115
7034
9063
9225
5664
373
58
244
9532
9888
115
10093
107
69
10321
39
2039
1481
11296
83
11749
3118
3573
73
44
45
6973
13693
45
66
52
41
49
52
53
75
8529
1759
10153
39
40
52
39
34
58
50
15911
45
61
43
39
37
51
48
64
16723
62
97
5936
60
62
53
76
41
78
41
68
36
52
48
8619
8653
12161
20771
10208
10236
1096
6119
13049
16409
4183
7859
2158
17807
14008
12950
27610
17709
5752
17529
19808
7407
32152
9638
33525
25412
38273
68461
125
126
143
149
55
78
1931
77
57
2154
2631
2766
3281
3701
2705
2212
67
6276
7894
8148
234
8963
6419
106
373
7336
10635
2378
10718
66
5650
10742
55
99
49
85
8878
41
75
44
40
51
80
74
32
41
38
37
11560
33
38
81
33
31
31
2683
53
44
33
37
44
12373
60
1641
41
46
61
1273
13591
3194
4793
12416
16484
66
49
48
48
33
50
48
44
43
4496
41
42
50
46
8389
1943
13413
18199
18642
8695
13402
99
7481
9430
20248
1022
74
60
13257
3491
4195
9139
11254
25421
26031
6109
8415
12717
28360
7839
10698
20896
36735
23212
30619
36080
64778
119
134
167
205
85
82
98
297
118
154
79
2060
49
2171
54
40
46
31
32
32
80
68
3427
3400
47
71
3541
153
4097
2722
2981
82
5630
6728
6973
380
7545
7741
9431
9480
3525
51
3935
141
104
10275
10635
3421
11225
1873
57
9253
12612
52
13072
13343
2594
76
1566
60
51
38
10411
53
47
44
39
48
40
50
39
54
50
38
49
5640
15112
4669
7715
1729
1125
48
35
32
30
36
36
33
45
12867
8930
38
51
64
82
65
8009
18858
9462
5293
20379
9255
7378
10334
22018
22023
7088
12826
17262
11229
10491
12393
17799
16620
24671
30213
34674
28010
40164
57410
