530
876
863
930
979
1007
110
1075
1104
209
1142
180
145
41
347
150
116
1208
1250
38
58
41
85
151
114
1403
1444
246
245
495
157
499
239
356
327
213
1864
731
1888
320
107
314
188
658
74
2047
397
127
169
130
86
46
2177
22
24
2243
23
1189
45
22
388
1034
244
437
153
425
35
2398
116
92
150
87
674
91
329
298
66
133
2549
134
2615
2582
2623
93
156
268
110
2107
100
218
232
122
204
151
2922
223
164
673
207
378
54
165
86
224
392
680
68
278
209
15
226
13
19
131
16
9
39
181
1041
145
64
869
318
60
16
182
28
18
395
23
26
375
95
679
77
279
146
151
128
227
97
116
330
543
507
681
487
358
576
1062
830
1648
1029
1037
723
311
588
462
470
249
898
1038
729
865
239
430
157
176
59
1157
289
203
933
98
412
27
31
19
140
165
87
309
309
163
229
269
332
210
621
184
499
557
1009
1072
629
1027
549
721
413
463
452
293
488
173
27
240
211
254
291
34
579
442
1142
431
857
433
486
461
139
25
339
192
251
103
384
414
734
497
579
753
565
1006
649
718
852
199
99
74
77
720
338
660
656
673
675
829
152
289
166
371
387
840
331
224
1250
284
217
1387
1437
232
499
370
1603
537
448
1684
168
43
127
164
292
201
2054
254
862
160
428
769
344
158
68
44
257
214
83
119
405
551
219
225
1138
367
1384
359
1096
54
308
590
59
102
182
344
887
135
172
244
154
613
595
289
92
64
79
537
76
237
315
80
193
123
525
104
191
998
1402
881
88
1370
597
124
393
577
221
20
130
23
154
696
142
21
233
175
735
236
1007
317
163
452
429
598
388
689
789
730
668
758
814
1009
386
334
264
490
691
385
1068
122
26
348
107
560
279
165
338
644
229
38
398
263
259
505
488
395
662
242
642
464
376
881
287
437
541
826
349
278
18
257
89
232
142
264
112
118
654
271
456
382
315
323
597
622
182
577
553
847
574
518
1078
578
791
31
15
53
14
616
85
99
598
178
630
93
53
766
54
70
211
597
163
103
81
81
43
150
267
136
317
232
84
106
47
118
418
208
19
14
112
12
14
135
197
93
27
47
70
37
420
165
107
12
11
88
19
27
38
51
15
58
24
24
14
24
867
939
977
1059
143
1224
136
1240
191
301
575
373
1662
238
1783
528
1874
644
214
69
188
779
405
209
926
149
2235
353
276
190
300
133
326
147
183
338
653
343
557
1252
585
1151
524
276
1910
638
444
671
933
545
743
810
162
1849
522
144
29
165
26
114
269
836
22
135
649
254
525
164
177
310
338
482
452
353
592
935
671
687
957
709
1264
903
461
545
222
772
400
119
30
379
82
447
229
472
167
623
119
18
333
294
220
441
356
510
365
585
216
411
628
622
348
323
340
310
500
316
166
837
15
264
152
60
254
147
632
142
356
379
297
290
438
567
543
527
322
629
521
865
635
570
647
323
676
158
239
132
547
531
1105
145
89
58
180
18
25
31
21
85
79
62
75
63
684
108
80
143
67
202
195
164
318
119
286
432
262
201
76
126
42
60
20
138
18
33
131
42
117
204
163
102
212
230
239
189
156
197
171
167
308
13
79
162
124
32
29
28
288
38
116
65
125
55
239
80
153
113
175
173
202
43
196
57
17
128
82
29
19
16
56
15
75
63
97
59
57
113
86
125
122
96
541
715
744
165
726
75
861
868
55
937
965
975
993
1022
1017
1027
1030
1073
1069
1121
1161
149
156
1247
61
531
287
87
1347
387
91
447
361
60
306
371
73
35
411
611
51
382
60
37
1551
201
42
252
147
25
40
1633
30
252
527
201
113
886
379
248
132
1039
532
207
847
332
525
296
1011
362
302
619
372
264
189
344
407
719
508
2064
415
266
234
122
132
338
2082
336
134
258
142
199
75
230
106
141
208
100
334
189
56
149
343
395
171
230
213
235
162
395
308
126
420
171
133
81
254
220
183
963
764
390
857
1151
23
1091
361
168
604
551
520
305
1016
879
285
488
626
616
879
646
951
578
1070
151
579
120
250
31
696
33
377
326
247
54
512
595
193
307
768
353
396
897
1032
1243
924
661
889
622
333
1063
374
250
259
357
695
505
189
411
17
297
89
129
369
211
512
459
582
21
357
363
755
587
593
606
190
373
476
829
656
489
313
390
490
416
255
523
158
390
40
199
169
145
580
668
607
280
374
470
812
1005
1117
200
737
810
793
519
850
577
1230
864
724
135
75
45
134
847
58
34
222
84
570
584
663
740
761
786
817
805
255
942
987
1023
341
1081
1083
1100
1098
365
1199
410
1289
1312
565
1375
372
327
1348
207
636
499
447
956
1577
806
538
124
243
275
410
339
155
446
191
840
983
485
173
124
462
1830
204
121
245
61
152
206
475
296
409
99
222
128
930
935
157
63
401
126
246
194
183
218
366
102
55
186
77
139
44
37
389
31
800
27
41
49
154
2283
35
210
76
38
232
95
42
44
244
202
242
1125
329
68
341
63
319
61
99
44
596
147
368
833
333
338
2499
172
660
242
98
247
129
88
424
111
127
1290
1044
883
26
300
1421
925
668
287
704
1136
997
407
651
827
460
493
774
524
363
761
712
1636
335
121
629
817
808
570
669
752
301
408
201
980
225
120
201
608
183
117
1435
115
166
125
32
104
621
121
28
30
139
265
677
526
314
329
515
667
665
618
583
753
357
391
237
149
375
42
58
334
178
322
118
279
308
375
17
227
468
568
344
377
599
385
624
399
662
838
656
341
187
18
188
104
167
248
114
371
405
393
886
651
677
338
1160
630
583
851
805
543
575
62
107
652
459
454
489
506
677
699
329
108
202
1041
292
629
259
1172
755
177
509
175
221
988
123
171
132
1515
337
90
91
1602
1605
52
562
171
771
411
322
447
374
605
294
251
431
190
226
73
2197
134
337
227
102
123
294
95
127
170
223
224
702
338
171
235
226
1087
131
122
981
274
327
1214
207
246
51
88
197
906
451
167
350
663
841
352
462
35
20
181
19
153
625
230
898
773
548
1638
648
151
129
556
869
123
212
828
702
259
145
251
642
360
356
364
356
332
722
16
676
57
469
620
17
173
288
806
562
682
986
629
407
212
476
213
513
146
157
752
18
578
72
277
483
282
264
171
339
307
327
212
387
355
459
315
214
521
229
454
679
709
540
394
580
296
533
307
236
202
911
442
203
181
284
764
127
425
377
143
493
85
623
83
557
119
100
56
62
97
72
75
41
91
110
662
45
83
68
76
721
36
64
653
117
75
110
15
13
13
16
1122
68
58
51
17
588
28
21
14
9
79
240
597
177
110
172
234
193
20
12
18
15
15
354
557
139
14
292
15
16
26
25
228
204
50
58
57
545
545
194
272
907
860
922
987
987
998
153
1065
54
223
1146
56
192
271
1179
68
307
1304
1306
57
175
55
1372
1364
248
34
150
234
251
540
34
178
203
510
52
45
1567
23
21
549
249
1677
26
21
309
316
25
292
127
440
347
116
458
1936
129
77
505
2019
184
348
309
125
590
552
574
137
1322
107
114
979
2174
92
483
224
250
558
145
102
240
678
88
99
159
158
318
222
615
78
386
326
53
225
300
581
212
167
503
169
295
206
124
195
311
455
186
139
185
783
104
258
156
297
75
250
306
53
74
121
56
518
410
344
57
56
621
463
1283
27
1042
444
204
680
439
741
486
1073
190
616
338
497
387
494
399
691
574
373
186
411
163
468
48
196
30
236
337
194
21
146
366
260
134
349
573
285
548
928
917
849
1252
794
872
569
786
529
153
527
346
471
648
143
330
16
120
232
211
242
272
210
363
448
37
429
459
471
679
589
765
248
629
399
293
940
415
364
297
333
298
1032
170
22
132
124
50
267
122
272
372
734
552
276
444
793
627
609
1081
236
528
938
700
550
536
725
447
677
219
578
366
322
312
121
577
53
179
564
585
593
57
697
90
45
701
57
47
753
798
189
47
48
164
47
54
287
36
330
48
339
947
75
983
1019
100
243
202
1073
973
164
1131
983
203
418
257
216
1178
443
1210
145
223
1197
175
512
162
951
194
331
287
298
163
410
143
197
234
373
114
104
516
116
280
292
107
404
574
288
1744
1633
113
250
102
87
399
81
701
347
138
148
136
163
272
243
231
127
2090
391
149
897
220
653
636
214
328
281
601
247
82
427
54
114
449
1382
325
285
66
946
324
169
143
1084
234
140
154
154
1348
49
1251
639
823
440
392
223
811
146
1067
523
385
424
718
412
721
582
89
100
623
150
380
180
25
27
137
155
111
22
126
394
443
267
256
568
603
795
1303
717
866
738
1014
533
554
507
237
304
301
369
608
968
194
591
27
71
423
134
358
264
344
37
428
328
272
600
988
480
387
971
285
316
1071
658
413
292
243
520
176
196
584
437
37
297
503
333
214
716
808
570
481
477
604
530
712
1392
201
510
597
471
847
294
778
427
390
835
216
128
124
76
82
205
103
364
35
225
614
571
712
928
938
254
1025
1022
476
1085
1104
180
1162
217
1153
1221
131
133
1305
94
180
328
1409
235
399
1428
437
189
144
437
164
1606
152
570
1609
1722
108
387
207
596
472
295
147
359
414
1875
456
132
510
682
243
212
197
170
355
271
169
221
129
569
85
113
121
102
157
485
129
393
135
347
188
385
2269
302
123
148
250
181
304
222
226
144
382
535
153
271
244
76
205
120
74
2566
89
265
215
249
87
750
289
187
174
293
60
293
22
566
181
289
318
2962
1339
81
268
143
3091
107
219
972
1600
230
258
367
903
2763
918
501
3521
1204
566
1208
624
1146
647
1615
624
737
92
88
1710
1328
788
358
221
914
500
29
1014
1956
740
1065
565
797
1074
538
370
770
552
1963
562
1054
555
54
1370
699
127
569
90
1647
303
1088
492
242
510
703
426
337
1426
496
797
840
424
696
1139
834
465
47
14
18
38
1100
18
41
22
33
565
18
1993
626
33
38
44
21
48
1111
60
50
73
87
89
527
499
1233
718
388
859
1222
673
722
774
653
687
821
1110
416
1064
895
1066
1066
271
761
612
214
261
624
445
1088
79
351
66
38
