411
419
560
589
780
753
871
660
1787
2834
2826
2960
134
2752
4334
5506
171
171
160
173
178
92
141
139
331
5591
11006
11955
4777
13883
7398
15292
12874
8159
186
11974
122
66
12069
65
151
99
13016
18342
1809
14621
11102
16269
16790
6153
3010
6849
5706
9212
27934
3111
14097
12572
2511
15014
13258
106
124
142
153
152
215
93
125
111
126
172
36872
1884
29846
6725
3563
32958
31537
27785
12412
33699
5814
5874
35413
6628
8700
44515
9381
18204
38744
11321
9689
3133
13416
11335
81
123
119
126
123
141
118
170
179
194
192
195
188
16016
13877
20406
52648
13855
31414
28173
24604
37507
39427
38771
191
272
389
1450
2079
2881
192
210
176
166
103
137
169
204
523
613
10159
4861
5403
12918
13703
8983
18068
17117
13250
15127
18357
7835
5727
16616
16809
156
149
193
54
224
115
293
69
70
114
485
7059
9314
2020
2780
4243
12046
25009
7235
7847
11974
11779
27428
5509
12887
106
119
117
103
79
5667
79
48
45
38
40
41
1991
5562
33461
2255
10475
34701
28640
9526
34505
12099
28361
3077
39761
9394
12009
12606
6049
66
39
55
41
5001
33
46
48
35
40
36
85
44693
59
76
1008
4937
21979
5598
2233
51508
3567
9637
10691
22987
14600
16347
17945
19875
33031
32779
38454
27130
32664
50368
391
106
1314
1968
2735
115
98
293
389
545
548
552
513
575
612
711
10192
4544
4571
12278
13985
7743
4883
17493
11529
16910
12537
16884
12368
95
59
13307
91
60
49
51
55
14127
185
216
245
695
18700
2249
6732
3379
13863
4650
5311
10473
13145
7321
1954
6395
1964
6096
26986
18391
62
53
90
60
55
50
56
45
62
44
77
27189
28308
12376
13115
9328
26820
32002
32586
16507
33170
10754
9679
13344
22251
5619
2894
42698
45567
182
192
223
277
316
121
93
147
153
168
194
5197
154
123
4632
1608
3840
5975
6364
52249
9595
11261
15302
15709
34347
31624
18595
31042
36585
21691
29973
30005
49771
246
282
306
358
2112
2371
3769
126
223
216
362
291
498
484
525
626
4276
4621
10957
7193
11883
8374
5043
11449
11528
145
156
270
101
11576
165
68
135
84
104
80
12428
481
13925
2309
3952
2977
17371
9215
18758
13101
6789
19318
20153
7958
6657
5996
39
44
50
40
56
45
41
48
42
43
47
1307
13218
12758
25403
6734
2862
14215
11420
28802
29134
26264
13725
9976
4008
10024
4440
33444
4861
33904
88
743
72
74
79
80
74
12112
77
114
75
34771
84
93
57
79
12854
6948
7305
3512
21237
9108
5148
11414
41164
13833
47267
16266
20265
51466
18201
24423
31606
35176
32137
37851
29824
39927
552
550
528
763
1680
2417
4734
4874
518
113
121
198
251
209
391
332
388
407
4335
10471
3498
12861
13334
5918
6570
5899
13317
18296
160
160
206
74
150
100
173
95
85
85
5015
12354
2125
12919
11635
22405
14290
3149
7534
7672
18340
18577
18600
9305
6208
11992
6343
13213
23868
127
151
105
157
201
86
98
85
100
106
91
1839
16115
27774
2427
9345
10459
26615
30770
12474
6020
32517
7038
5980
33517
6395
116
167
93
84
84
11654
71
128
116
88
118
82
63
12170
67
1272
9608
5347
14016
4097
41606
20163
6357
44774
44820
10818
18393
13861
19009
19456
32100
36911
37399
37941
29761
32112
49473
195
302
314
1795
2048
2434
134
123
101
128
564
561
109
692
685
579
3480
10816
4894
12166
14144
15868
9760
6526
12013
12725
17167
6028
14701
14615
6825
17032
21501
74
102
138
118
66
161
79
202
195
88
335
7941
1690
2652
14376
4370
10700
26430
6623
7667
7745
23605
12577
10735
30472
9242
5223
13767
34292
2114
37164
5948
1337
10677
48
56
43
49
45
40
40
50
41
48
47
29170
43049
7801
17847
12034
46610
48553
4839
37
52
57
57
1916
44
39
51
44
53
38
37
60
41
13234
3809
5783
7812
8042
2287
8736
10977
12317
16381
16621
17270
23044
31075
30512
32650
36619
30011
29353
50866
234
232
266
393
438
220
2240
2819
3349
124
166
193
307
166
329
241
272
692
4763
4892
5168
10761
13514
11809
11980
12830
8801
14695
15203
105
165
103
77
74
72
61
16035
60
16451
9501
276
1553
19234
5390
6523
7084
10334
2853
3168
10760
12132
27218
14034
6222
3519
10431
63
2310
44
46
48
49
48
56
60
55
50
47
1896
29492
30505
6291
26812
38463
9018
11188
29750
10001
2739
10033
4949
9759
5555
11126
6801
7358
30183
92
1210
40680
17883
3447
2925
48
65
43
34
40
45
40
52
39
36
10447
12464
46810
56
73
13914
15477
53643
16400
22329
26162
31985
32812
36427
40334
31083
41918
549
534
563
579
2467
3299
3827
119
128
182
242
245
262
503
490
505
3735
11995
5053
5618
9216
14726
10434
11303
6303
16131
20688
10141
15185
154
15536
229
133
131
102
134
103
86
137
189
345
11395
17938
8326
2266
19307
19542
3474
4155
3059
2144
1899
5938
140
104
78
87
12244
84
58
76
46
48
60
6814
39
7060
6964
21611
13762
27292
10719
12265
28351
28295
3392
3519
11784
11273
11177
1005
10140
89
6453
111
72
80
11562
68
70
89
98
74
54
69
69
7338
75
33866
33800
5330
3562
5145
36485
10978
10783
15153
45315
45430
15995
16599
21120
54521
25625
30583
30999
37469
30875
44339
40977
398
94
1453
96
98
103
80
136
93
73
71
123
2962
3076
4349
6050
6737
171
4066
96
8571
1620
9823
10106
11095
11752
12056
14974
3368
15215
15427
3445
7326
13441
16742
17022
17276
358
1634
96
106
78
75
18131
102
106
91
114
107
14054
87
86
96
142
94
339
364
9063
19855
14080
21004
7033
12866
2990
22964
104
86
6620
100
85
121
282
8904
98
98
6871
89
133
104
6165
120
94
7801
3410
2167
11200
10481
173
255
146
259
6494
28873
12368
9976
910
15937
8158
16658
3059
9342
30778
25251
33729
16348
19713
27404
45500
45882
37997
30635
19441
32337
30822
28109
29314
31675
38138
38889
47973
