450
442
441
523
501
438
478
589
544
627
590
698
691
720
658
294
298
719
813
314
396
331
446
797
799
317
316
233
836
833
836
855
326
335
186
207
204
322
159
1107
333
244
286
207
243
171
204
319
212
308
269
308
318
168
170
525
295
560
142
193
232
318
220
269
680
443
323
159
175
294
298
225
243
254
175
161
184
322
402
354
175
329
181
285
163
184
273
288
151
391
190
190
233
189
394
237
250
262
143
161
330
233
350
204
374
162
148
258
308
262
213
197
264
214
205
232
252
212
523
365
322
333
366
471
461
520
489
560
583
572
593
258
263
622
684
695
357
176
779
790
815
834
221
412
260
301
896
428
313
917
409
513
421
228
226
200
419
348
271
261
227
365
602
474
365
307
161
390
519
195
317
209
183
507
198
239
435
226
214
148
241
311
231
299
160
221
305
285
371
238
296
310
215
227
141
472
264
454
195
248
313
283
225
232
217
214
168
263
373
203
306
192
259
180
149
204
270
302
225
283
236
325
191
168
421
137
146
345
176
380
192
194
310
224
209
278
360
334
321
520
322
350
320
364
451
497
476
514
251
525
570
281
237
615
654
669
672
158
380
722
232
287
167
245
227
134
819
871
882
865
872
327
904
405
278
279
927
187
224
954
974
204
239
217
278
381
191
327
466
181
193
272
280
270
304
268
210
280
220
318
349
323
311
199
278
147
315
142
371
320
415
303
193
273
172
249
157
204
245
218
167
154
290
242
158
255
219
237
362
176
233
191
252
153
271
248
154
145
142
168
162
310
385
233
237
388
408
292
158
176
278
196
225
515
285
290
257
299
307
347
367
379
389
505
531
504
561
644
604
597
680
310
646
648
321
696
752
712
724
720
772
770
829
811
481
394
296
189
214
865
206
878
405
296
341
358
373
263
149
316
332
539
331
177
302
371
233
298
252
260
485
270
314
375
237
263
220
414
193
359
143
278
300
163
303
275
482
329
275
328
309
256
174
285
313
354
215
172
348
235
339
263
491
186
308
296
297
332
135
242
188
133
247
302
140
252
275
285
487
367
347
289
198
248
255
148
290
339
319
262
333
268
452
148
319
265
279
242
288
271
381
380
423
459
493
478
519
526
540
533
560
575
579
582
618
654
676
660
715
761
779
788
763
811
365
473
426
345
308
288
398
384
335
337
525
404
280
405
345
465
215
345
223
354
219
210
180
415
171
238
296
225
326
348
173
212
259
246
371
278
306
258
253
281
365
190
235
197
282
221
269
163
213
296
272
252
297
295
269
366
353
240
259
384
288
254
259
230
321
220
237
254
266
315
436
408
276
257
333
325
233
267
377
333
207
205
289
279
403
174
369
219
180
247
239
307
283
321
379
390
316
356
370
441
448
496
500
475
567
298
632
266
688
694
357
746
761
228
284
832
347
240
414
403
347
865
881
242
903
200
943
324
209
968
180
283
129
240
172
146
244
372
278
141
297
207
166
292
314
496
284
306
120
466
172
144
407
366
175
172
324
478
480
261
252
183
262
323
224
220
166
332
216
165
147
173
146
378
139
283
318
144
189
155
263
413
360
328
138
525
183
410
306
168
322
347
237
157
165
487
180
126
218
281
200
148
249
147
248
194
253
199
326
252
217
419
350
424
469
368
341
351
393
405
404
455
452
505
477
491
550
530
306
621
634
275
674
221
739
364
787
176
425
282
803
180
141
357
349
133
875
344
905
479
135
593
525
168
203
376
211
178
211
246
465
152
330
320
436
378
536
191
276
337
251
263
196
241
215
139
313
196
456
291
405
172
255
163
165
140
162
248
307
342
369
202
268
142
139
145
138
285
399
245
258
383
454
293
294
294
458
163
279
224
205
302
259
200
203
251
333
332
159
385
284
141
169
155
250
222
366
201
417
274
416
414
312
397
296
388
448
447
452
449
533
521
583
586
619
622
617
614
621
626
635
661
680
726
728
734
265
731
269
738
772
407
243
234
903
287
305
225
310
332
442
245
251
478
390
286
397
450
513
315
203
313
180
168
377
235
252
240
589
235
252
542
250
253
276
183
343
230
544
228
395
239
299
313
360
334
299
241
347
221
461
148
228
196
295
219
267
330
332
250
259
292
153
346
344
287
210
177
238
259
213
422
312
437
342
367
270
380
329
311
131
353
136
161
192
228
291
257
333
325
362
310
294
278
260
354
398
391
411
434
426
581
584
402
485
651
536
597
579
554
575
643
219
186
686
724
723
782
765
351
371
315
919
322
854
156
381
847
382
230
184
274
454
161
329
155
316
179
177
400
181
314
479
222
310
191
167
277
180
213
156
272
156
180
279
176
373
318
204
171
148
446
326
311
200
206
191
139
237
335
300
314
437
175
191
166
220
153
214
315
171
164
176
193
351
233
263
303
241
161
277
173
177
293
171
173
209
248
360
208
346
274
272
350
385
400
309
218
267
217
221
213
301
498
313
410
