81
86
141
99
92
126
102
116
58
148
74
79
64
112
51
69
60
62
73
59
80
119
108
84
95
77
88
185
95
52
85
60
99
51
45
92
71
43
69
77
72
71
63
55
69
67
72
96
50
141
59
53
70
56
37
73
88
45
61
115
114
63
77
60
79
40
60
144
38
45
70
58
122
63
59
107
99
80
54
56
74
80
45
71
98
75
70
74
56
45
74
46
76
75
88
61
75
105
53
63
38
41
48
41
88
80
53
70
113
93
78
38
58
44
46
88
83
58
142
118
67
81
55
125
90
61
65
44
51
141
57
71
54
190
77
123
60
58
44
71
63
76
136
71
65
43
75
53
104
71
107
67
39
100
54
145
112
61
60
48
117
49
37
85
93
58
126
49
43
84
57
89
59
44
51
113
88
42
84
65
39
44
43
64
91
85
48
161
55
67
88
177
148
131
80
48
74
41
75
67
99
62
51
57
72
41
79
74
66
85
59
86
45
45
67
43
42
54
95
45
98
47
114
70
100
49
105
56
52
50
49
83
46
80
48
76
68
46
60
67
69
89
85
114
126
44
57
60
104
45
56
81
44
69
52
61
93
118
45
56
45
33
182
182
79
61
76
54
97
36
57
43
57
42
65
174
191
54
75
35
76
97
127
44
44
69
45
44
71
56
68
64
91
122
66
68
125
64
126
88
61
53
60
57
81
49
63
50
60
94
52
84
86
82
46
43
144
66
67
142
61
73
62
59
177
72
82
132
160
60
75
104
105
61
55
53
70
48
47
61
129
42
65
63
112
40
87
110
59
106
76
111
77
89
69
115
80
89
113
127
73
54
96
101
73
103
129
112
113
87
91
43
54
78
77
51
47
67
54
87
62
71
49
102
38
138
124
145
91
140
48
82
119
66
125
113
112
72
53
57
62
67
62
55
60
68
79
59
52
66
98
38
91
49
75
37
93
69
74
48
53
106
99
68
95
52
94
93
77
67
121
132
44
67
59
59
97
74
56
76
76
81
71
112
69
75
40
70
86
76
39
93
89
78
117
98
90
127
102
38
85
66
66
51
36
77
55
78
74
84
58
52
79
62
43
94
55
60
62
80
81
111
113
122
152
98
115
117
79
74
55
69
100
100
178
102
59
51
53
45
108
48
77
72
65
55
57
84
85
74
111
125
49
87
106
38
46
40
80
95
84
46
73
93
91
51
113
77
68
64
88
44
68
44
113
69
116
83
77
62
78
50
59
71
70
50
80
89
84
78
83
80
84
83
76
93
77
92
44
67
92
74
101
101
58
94
65
102
58
90
83
62
83
63
82
80
69
59
69
59
45
57
81
44
72
94
86
120
87
41
75
78
75
74
39
60
85
62
78
74
69
90
84
38
67
66
91
64
101
43
62
43
47
81
44
49
43
49
47
69
50
38
80
40
56
40
33
61
56
152
72
40
66
35
35
46
65
60
61
63
72
43
132
38
62
144
41
46
76
117
43
76
37
47
40
34
89
64
46
72
39
59
41
39
32
145
34
37
48
67
127
65
63
93
40
43
158
52
70
122
95
109
160
163
58
63
69
40
88
67
66
149
66
62
67
139
57
64
124
44
69
64
87
66
57
77
53
110
58
64
116
124
92
61
56
92
163
67
69
99
85
95
141
90
78
134
66
82
120
72
75
68
79
66
72
69
80
77
69
84
90
113
69
72
64
105
41
63
126
64
88
49
89
76
49
64
77
48
44
62
95
84
88
50
42
51
80
88
41
94
37
73
39
169
59
60
39
138
69
56
91
126
76
46
72
53
49
128
124
77
51
59
50
103
45
155
71
79
52
47
65
73
110
192
107
83
86
78
53
66
44
52
114
41
55
208
45
42
37
97
63
52
69
108
81
40
67
66
80
54
78
62
62
37
48
114
96
106
101
66
84
69
117
78
130
141
117
117
51
55
134
100
76
121
56
66
38
74
47
114
55
88
79
87
46
49
65
101
107
99
92
108
46
39
95
101
93
48
90
75
113
106
114
99
94
53
75
115
93
63
61
36
35
40
68
47
114
87
66
59
43
79
100
71
128
59
74
48
49
74
62
87
72
54
45
68
71
108
94
109
80
52
58
40
69
67
83
79
53
68
82
85
55
105
69
77
47
67
38
72
75
68
49
49
38
69
79
81
71
76
56
57
101
56
71
88
71
83
108
106
85
117
128
64
90
45
62
62
97
63
97
41
92
56
95
69
68
64
48
68
55
47
84
56
42
69
62
112
50
69
41
60
37
97
46
45
76
77
149
55
159
200
66
65
206
63
55
83
78
51
55
74
48
45
60
99
87
59
46
93
80
112
58
56
89
63
69
70
91
43
65
44
94
54
52
73
82
40
76
82
84
74
64
84
68
55
52
75
50
52
78
62
86
93
54
44
38
40
99
47
51
49
77
88
120
64
57
84
92
58
47
53
90
94
74
60
60
101
87
94
