127
124
116
152
169
166
163
53
180
207
210
212
213
183
216
222
124
80
58
281
288
154
326
109
347
189
354
233
139
196
378
380
220
118
83
189
42
449
272
120
136
94
139
259
217
123
264
206
66
362
370
272
143
248
82
141
283
218
95
163
68
185
109
281
193
354
96
363
207
133
813
61
77
146
140
332
290
486
263
421
300
145
534
125
676
89
350
194
347
185
161
211
186
48
247
262
918
206
58
175
496
472
724
539
447
403
15
498
56
149
449
366
86
545
131
886
443
693
831
222
228
282
569
847
923
459
843
830
765
798
774
300
928
326
878
1148
498
769
574
309
238
429
155
434
371
532
400
303
467
139
500
218
223
132
242
646
635
464
765
241
311
265
367
667
362
364
337
158
519
1516
184
421
244
743
943
241
544
352
847
257
432
642
289
355
554
496
273
404
642
587
355
258
300
13
255
16
10
376
44
352
11
737
14
17
20
20
465
419
554
480
22
19
22
17
19
9
55
26
10
19
305
552
258
375
485
203
212
245
474
398
366
609
525
539
482
603
666
651
471
825
101
149
157
165
175
210
48
113
217
225
220
240
260
109
280
286
329
292
103
352
354
112
193
374
111
152
219
260
512
280
175
119
362
328
544
163
157
388
337
262
388
93
95
135
277
204
109
141
42
95
370
339
362
178
100
272
128
228
128
181
134
272
190
122
90
80
302
257
153
92
120
315
325
191
157
142
337
126
163
98
369
131
195
274
226
123
274
111
428
82
112
192
99
461
189
275
164
112
180
60
296
378
142
511
611
284
100
287
153
558
589
554
13
379
52
461
315
582
151
56
108
282
99
827
378
148
207
165
458
940
695
916
448
318
813
432
317
962
414
417
1393
585
624
216
1297
240
124
517
373
500
1205
197
381
371
122
536
848
220
351
737
1633
404
215
407
256
262
242
242
182
363
250
338
1921
334
564
246
391
230
489
340
731
205
555
311
275
232
532
535
331
244
472
278
272
208
798
343
360
409
332
450
41
21
34
877
16
23
27
402
9
393
17
12
33
15
17
472
13
33
8
47
30
17
22
490
718
427
383
735
587
628
186
368
401
175
683
582
572
744
776
502
110
140
183
207
211
214
216
233
136
254
275
281
130
107
297
341
131
139
377
353
125
185
112
196
417
213
427
431
439
446
221
217
128
528
248
177
567
193
177
584
172
100
224
311
240
307
107
162
36
286
732
301
108
110
281
326
75
286
204
526
313
129
94
291
189
457
590
519
72
207
350
164
199
243
394
199
105
108
210
213
299
197
697
236
411
108
274
450
394
876
432
356
600
52
378
174
51
654
51
675
195
53
258
147
221
290
117
157
699
177
429
467
81
602
906
59
168
103
113
136
159
69
995
380
139
1158
899
185
926
742
171
384
872
219
187
482
622
257
504
931
280
485
946
508
398
503
195
483
1139
526
71
1454
624
668
156
261
458
190
552
234
233
831
297
801
177
415
246
394
465
303
360
305
442
417
338
2049
233
172
433
300
315
1784
319
327
315
511
835
234
1217
215
395
1896
334
384
746
564
311
428
658
829
47
51
52
14
17
18
33
26
343
14
410
18
467
13
37
25
25
474
20
33
23
31
410
29
489
429
295
476
452
559
424
426
752
580
509
500
1061
592
609
768
142
166
167
192
210
207
188
222
210
252
250
252
285
263
261
305
277
307
309
130
104
217
90
99
387
130
192
124
442
55
86
323
272
252
198
109
250
136
106
75
243
349
396
277
383
277
637
185
153
243
82
179
290
177
182
261
133
791
149
156
640
229
86
97
290
303
860
340
552
103
136
101
190
605
313
91
298
218
81
107
494
246
283
420
296
250
242
188
181
140
743
97
252
509
36
390
246
300
87
177
209
294
863
104
652
92
206
861
160
435
174
15
726
73
88
145
401
884
136
100
683
620
230
341
236
1048
224
229
404
696
779
825
682
736
367
471
1159
485
872
603
315
1299
304
1251
1048
152
353
1120
513
812
120
672
294
220
448
298
659
1364
555
426
546
568
303
626
1636
306
507
265
435
317
134
467
180
422
391
409
528
401
304
475
346
1120
703
427
489
340
405
326
476
184
356
296
678
725
455
419
641
60
21
60
966
26
20
19
361
572
37
31
502
406
60
24
30
29
15
17
451
15
24
36
76
17
974
292
594
203
245
184
376
423
611
289
427
589
571
670
748
749
808
729
125
142
176
184
185
182
192
227
230
228
197
239
274
275
306
114
159
142
340
149
352
350
356
241
371
118
430
446
431
200
88
71
127
176
225
503
288
186
215
194
302
325
71
138
175
160
154
56
273
165
428
57
256
187
261
165
97
173
415
575
79
167
153
72
146
273
227
462
315
79
329
246
104
431
68
97
280
349
302
214
194
86
156
109
150
269
372
313
141
109
76
805
176
570
454
261
281
242
311
463
241
288
193
350
504
382
369
214
95
69
95
58
745
378
660
691
115
151
574
676
785
259
509
533
698
738
268
653
933
815
918
318
752
314
914
286
818
1048
426
108
342
400
155
275
558
438
495
618
339
112
648
281
191
454
1273
336
871
483
507
185
587
327
341
333
794
822
275
636
308
151
677
355
411
505
517
272
227
307
216
329
506
351
476
346
1164
305
440
280
769
439
330
431
256
393
351
36
19
351
33
392
384
60
19
725
30
17
22
434
42
886
20
897
40
67
32
258
477
76
65
279
55
27
25
35
649
401
570
392
420
384
278
324
228
632
529
576
699
321
613
769
92
102
135
163
79
192
100
218
222
82
221
253
315
318
97
142
329
148
85
82
414
456
260
214
289
496
515
531
196
377
184
149
129
389
445
158
245
360
113
101
57
176
313
289
282
97
442
770
236
137
136
266
191
100
70
106
156
70
81
358
891
904
248
120
64
115
370
434
218
113
242
161
75
173
211
83
230
157
83
203
153
291
260
155
142
415
220
245
109
76
726
155
114
131
51
160
47
420
305
129
111
377
660
131
322
423
426
231
260
550
423
585
428
30
487
766
125
673
102
305
232
78
470
157
472
184
136
156
674
776
751
499
706
239
352
384
865
1173
514
461
1247
1280
295
552
514
436
301
108
1357
508
645
208
509
393
142
489
656
247
713
410
469
282
190
1595
212
555
228
504
241
427
310
395
315
399
518
175
704
361
496
784
198
180
413
298
166
222
476
248
430
493
259
301
177
408
161
1410
303
429
791
522
503
32
360
880
40
39
27
470
13
16
561
315
22
42
373
40
34
102
39
20
62
12
23
25
14
326
390
41
508
372
596
539
449
351
596
377
726
652
393
705
142
175
177
177
183
190
216
240
243
249
264
281
285
304
324
136
357
149
192
71
403
111
420
101
255
151
198
270
482
116
202
300
128
214
27
108
112
59
186
177
217
247
415
328
147
738
88
549
325
138
346
129
81
208
346
631
290
252
558
596
536
145
226
176
53
182
299
311
226
321
191
165
253
262
155
119
193
199
149
82
504
289
98
537
355
50
86
301
216
132
238
527
632
141
92
152
138
280
539
436
111
188
457
461
557
65
334
118
256
265
492
276
645
80
32
655
37
631
110
94
781
680
828
820
106
349
188
994
753
823
794
199
191
972
230
262
371
1143
231
499
804
376
1234
326
275
623
1107
625
1656
431
385
678
175
1348
202
781
383
210
239
287
257
247
448
174
188
615
248
374
915
200
1036
311
1031
508
141
153
569
523
165
459
493
358
391
268
534
245
437
408
376
323
197
907
1097
323
312
487
859
664
884
25
523
17
472
53
29
654
19
25
465
453
29
29
30
24
21
33
968
293
69
57
58
43
211
39
34
307
24
481
389
550
241
593
285
517
359
601
512
599
714
694
192
190
203
225
232
241
244
284
287
323
76
320
344
355
370
370
393
397
448
183
504
506
284
233
514
191
184
166
355
270
249
90
349
611
615
274
230
140
287
146
288
181
153
38
146
138
324
271
610
247
280
647
202
101
283
937
308
241
605
328
264
133
321
151
360
273
453
157
96
315
270
123
199
86
509
73
163
316
265
697
471
197
244
92
163
286
279
241
224
99
76
565
435
288
197
262
96
428
465
318
192
60
64
294
693
387
364
694
25
489
81
83
103
67
440
167
219
304
761
624
887
202
385
738
971
836
195
555
358
920
1118
285
1021
875
1131
256
923
882
1021
1236
333
222
1346
388
508
564
325
411
191
642
382
264
755
413
147
837
672
270
486
208
568
841
579
319
556
850
323
249
437
261
188
378
295
667
883
370
466
423
183
298
268
480
210
401
598
301
471
352
350
260
345
295
586
246
581
625
734
405
30
30
417
11
551
312
31
55
41
36
31
25
32
406
39
40
39
16
25
15
22
24
43
428
541
295
246
618
370
451
485
405
489
555
257
377
591
552
789
633
679
707
84
136
142
149
145
151
168
154
185
171
111
211
199
220
232
90
209
227
263
76
78
74
88
318
342
365
140
218
371
81
236
27
238
233
442
220
146
175
445
342
227
351
81
185
519
153
174
366
219
346
317
120
211
104
115
100
450
77
249
200
137
171
131
298
161
170
389
257
108
376
369
71
186
200
57
187
113
282
301
166
392
209
157
138
249
277
257
90
198
169
510
164
163
156
138
274
83
232
66
607
122
107
211
314
354
99
568
344
467
28
580
788
435
62
679
156
526
831
115
310
185
318
765
419
895
261
220
853
837
883
243
918
272
324
318
477
925
309
564
785
925
478
227
347
1132
1148
477
961
629
401
749
315
575
199
158
388
738
207
665
1231
249
510
143
264
283
787
343
479
362
278
572
352
153
592
228
370
457
488
386
332
503
206
437
175
371
741
429
431
625
557
292
278
375
306
326
422
358
378
308
44
27
21
377
382
67
10
25
27
27
370
54
27
18
633
43
41
18
19
15
11
42
34
468
839
483
927
528
225
342
519
347
570
353
488
611
480
596
589
481
681
