160
219
266
84
332
102
2391
2310
2672
3410
77
86
77
89
4158
4546
5730
5981
85
6112
361
3005
7642
136
8062
1966
8698
2929
1987
9243
6626
106
99
2480
99
84
67
74
10983
69
111
81
64
80
62
76
8837
71
11947
12022
4012
12250
12084
457
84
13574
15653
7456
8516
10594
18793
8071
77
11098
8673
75
20753
82
97
87
55
11587
80
85
59
73
1471
62
60
84
85
74
74
96
1563
56
75
68
63
38
72
55
43
65
57
64
9141
9246
11554
16865
18704
7873
3816
9165
24002
1164
5489
24760
9006
19931
13748
34653
27412
21385
43344
32388
34800
32062
38859
57947
246
286
326
130
430
2082
4537
27
4316
4772
4775
4866
5353
55
89
1987
2238
8157
6123
8494
8871
9046
9128
9863
10150
2133
328
4110
11840
11692
12654
69
3933
9160
70
69
14050
83
63
3635
71
65
65
61
46
56
73
2285
6274
7543
75
11677
4914
13919
3508
10414
8286
75
12536
84
86
90
77
75
85
54
77
59
53
75
58
23711
47
1163
67
41
156
52
7613
66
57
49
48
50
77
70
36
33
44
53
50
53
25145
11271
11186
18475
8017
18488
2676
7953
1034
15884
10860
16048
93
101
93
107
28120
31335
28416
2160
21926
22987
31892
10569
36152
29096
41919
51691
209
233
232
258
129
560
2344
2760
100
3416
3438
3388
366
5004
5086
83
5710
6379
2548
7989
7842
66
78
81
9053
80
87
84
67
9414
64
66
9613
51
72
10736
10876
7230
11673
125
12284
3789
78
1061
106
8441
7897
291
8442
95
95
124
67
66
69
54
66
82
38
70
84
46
72
67
71
54
68
55
77
10224
56
70
13571
80
56
3810
64
69
70
57
58
75
60
77
13635
5466
17801
6927
18257
4352
18442
13905
11000
19372
1725
10310
66
17951
3298
2653
22528
11864
6711
976
3012
8158
10221
19563
8692
33699
28890
13784
10337
27543
21149
29588
31921
42441
39660
60089
128
165
208
212
135
419
159
97
2068
2295
130
105
3217
3231
88
94
3454
4304
5469
5691
5715
328
7911
8048
58
67
69
44
8311
57
70
60
75
52
9331
3913
9614
9977
334
10531
88
61
55
66
76
89
1711
11579
8831
12319
10628
7022
9662
13560
4040
5468
2294
3395
16222
10741
7577
62
7390
16950
2932
1858
52
51
59
54
61
42
106
14581
56
72
2519
48
59
59
62
73
52
68
274
260
3793
46
58
56
51
83
56
73
67
48
13440
8743
9377
9933
990
15128
11769
24613
17003
12950
28926
7631
11453
21191
32481
20895
19320
30579
37138
45364
32487
29363
49688
56696
150
164
253
267
235
130
79
107
448
1860
2745
4614
4797
68
5024
3000
5365
105
2803
103
92
7843
8173
94
8532
8058
9208
67
9288
9521
9695
51
4356
1361
2479
42
71
54
72
87
57
89
68
10581
56
1219
11488
3331
11980
655
7773
94
76
12885
13075
7857
13405
4531
3553
8175
17503
17606
12829
12906
9845
65
5988
75
63
64
70
59
54
58
48
56
60
41
9257
58
56
65
1317
55
74
53
62
2901
90
51
52
53
58
52
41
44
53
76
11238
3808
11228
10544
9658
12801
30132
12235
24186
21057
16703
20134
17930
14097
25252
32862
28364
41943
34826
39503
38365
58733
289
2153
2777
62
1159
67
4078
4501
4632
5571
6243
6291
88
3810
44
4015
8231
8272
51
65
9261
10098
10436
219
61
128
66
74
11079
11109
95
7337
12651
6313
5791
253
928
65
2360
1064
6927
15385
524
3470
6073
7199
10392
9303
77
121
85
76
12581
58
100
388
82
2257
112
84
4809
21659
10790
65
7955
22996
112
80
61
58
1428
71
64
83
70
61
59
92
89
68
64
56
25169
68
67
35
33
42
45
46
37
30
51
37
35
17532
32
71
77
11493
16797
23102
11369
10166
2549
10666
10771
10566
3509
29074
16756
14857
37527
28442
15911
36468
36289
36390
41424
54435
213
280
119
3077
3421
4299
4164
4926
77
5077
6407
1720
129
99
82
61
112
67
67
68
69
73
8822
9503
58
80
10090
131
10425
90
10161
93
10703
97
1920
10844
492
11488
7632
7176
241
53
72
13194
2668
3012
3658
86
14545
3186
14182
7100
2826
17093
12017
73
78
9105
79
11388
2413
13306
18460
224
25164
11523
5016
948
5385
66
3701
72
50
48
257
36
56
59
57
61
977
40
11318
79
66
53
67
55
50
68
11420
52
64
75
64
42
63
54
37
85
44
26413
31573
9937
4319
19505
8897
21271
10430
11209
10739
27660
35101
15874
46171
37257
35898
34975
36711
65118
204
274
302
311
422
178
110
2387
2304
3137
4313
72
4903
4865
5237
5942
1668
438
7712
7786
8477
9005
78
9190
9228
76
113
9506
144
11202
3892
90
64
86
98
480
11825
46
3420
2746
2547
7491
12555
7134
8997
77
2530
12447
10066
3555
98
60
63
66
15706
6052
62
3711
70
84
75
1294
9853
74
7289
61
65
57
71
77
52
62
46
60
56
11889
1362
60
45
71
45
55
8617
9248
12126
66
32
49
33
41
65
60
56
56
62
47
8867
67
1997
50
21760
23077
9062
12647
10205
10501
26328
13748
27856
31277
17342
15202
33555
24182
24670
29287
43049
39418
39146
61985
126
181
203
196
306
2732
3391
4298
103
107
4847
5233
127
1973
5511
5730
5834
5613
6942
67
912
3173
8589
53
8902
87
3826
9926
10314
423
75
108
11125
11276
99
345
7364
7301
12394
69
3854
50
49
36
44
62
68
39
2550
42
151
4147
13322
2713
104
9975
7968
10407
73
11547
79
1550
2926
7248
62
17978
71
47
67
47
56
43
55
1158
45
70
74
59
46
68
67
52
41
76
41
72
46
55
47
82
68
63
61
70
11058
7130
2648
7731
10084
22522
4290
14554
11586
25008
14120
10350
12349
31115
18166
15928
13447
33210
29996
24176
22111
37139
41851
31127
39926
63987
