327
320
327
358
346
379
363
378
383
410
433
441
438
425
466
479
160
502
504
524
187
545
566
563
213
162
165
605
324
341
355
322
304
190
694
261
327
185
299
186
298
226
181
367
252
180
313
222
310
184
175
302
359
185
195
300
201
213
285
166
165
186
192
260
310
304
143
229
218
220
286
181
267
199
162
192
303
329
162
245
209
296
299
223
160
200
224
302
318
168
206
272
206
382
273
296
205
151
147
289
241
203
184
176
199
206
206
266
325
462
286
204
233
230
221
280
233
262
307
314
305
307
335
341
364
378
379
386
424
432
454
452
453
462
462
460
492
515
519
263
568
272
300
258
194
204
306
234
320
265
261
327
345
256
219
169
252
262
323
507
539
185
255
217
160
280
250
289
514
185
271
342
490
244
277
181
165
210
175
277
330
196
188
161
313
195
179
159
149
253
272
281
209
310
217
141
202
149
363
352
191
288
212
246
159
228
192
235
250
205
156
190
198
172
167
150
259
305
252
265
141
183
233
204
148
268
152
417
288
309
192
179
262
338
386
299
235
214
226
288
329
371
433
443
476
489
393
533
411
184
296
493
491
640
646
181
461
306
688
573
166
197
607
624
642
645
166
799
698
339
414
197
258
203
162
236
363
184
265
934
289
346
191
382
258
904
170
154
191
158
157
311
179
219
182
186
339
359
156
279
164
198
538
186
409
523
170
182
197
454
200
183
234
335
206
214
174
176
340
259
186
260
320
169
197
184
177
166
168
190
247
208
178
186
268
194
188
179
286
330
207
224
235
283
202
315
198
161
159
198
164
193
373
188
215
223
188
336
278
316
327
343
375
379
374
428
451
418
415
444
463
473
514
541
538
543
549
559
625
312
635
649
235
667
199
242
693
365
720
288
208
352
351
317
232
407
278
398
169
168
161
271
214
288
237
181
395
317
504
203
189
264
160
325
477
401
268
498
187
308
197
240
292
212
188
167
384
252
282
335
229
178
268
178
290
266
300
235
362
207
202
325
230
310
287
265
257
332
450
306
239
170
264
270
237
223
343
302
260
248
191
262
226
241
305
231
238
224
343
160
195
186
246
303
256
212
307
343
299
360
316
342
368
391
385
414
412
435
436
438
431
460
480
471
504
525
528
540
537
544
547
549
575
599
305
277
254
314
309
327
237
310
299
299
246
392
354
238
253
252
235
376
272
185
311
188
331
390
239
221
443
278
167
172
176
178
190
216
188
280
254
227
267
266
196
229
175
349
209
305
267
285
265
325
262
324
194
171
262
344
204
277
192
174
253
240
211
227
217
234
269
248
272
266
231
333
238
250
201
205
223
211
285
194
221
164
265
188
197
317
243
208
167
280
226
234
262
266
252
298
314
301
301
361
372
379
360
383
385
380
403
428
411
447
500
510
516
539
269
270
309
271
323
327
377
350
763
373
385
295
830
411
361
277
368
295
278
417
320
304
471
510
251
358
260
507
315
279
248
340
230
363
262
252
230
272
289
172
385
173
221
318
166
218
195
265
188
212
249
136
326
164
227
168
235
210
165
188
201
192
300
144
172
216
437
440
187
179
369
284
127
177
304
390
187
260
254
189
253
276
193
233
203
174
274
141
152
202
215
229
181
196
166
246
290
227
282
268
351
351
303
355
329
337
394
338
394
366
469
487
576
612
628
344
362
739
387
310
773
365
821
418
373
462
154
893
911
911
361
502
234
960
249
463
191
349
151
274
159
153
232
238
158
180
229
170
609
213
169
193
536
165
186
149
451
131
408
163
254
150
140
773
303
159
150
156
476
531
175
176
514
184
185
266
217
630
154
328
291
214
167
261
220
156
384
164
174
458
173
260
141
205
196
356
180
368
165
290
177
177
248
364
154
368
387
246
175
220
185
174
198
665
290
184
573
238
434
408
389
430
281
361
378
382
388
373
404
405
423
424
420
422
429
422
447
441
447
462
474
285
593
287
300
278
267
283
301
287
360
334
359
357
322
356
240
253
464
232
169
313
284
276
259
245
301
255
280
189
278
231
279
200
328
187
1173
164
191
168
211
245
213
223
285
238
301
352
265
274
190
249
214
240
264
296
1403
375
249
220
1494
344
195
256
289
264
198
328
202
275
232
305
241
215
266
249
300
259
195
215
361
213
276
212
220
335
208
197
226
218
307
165
262
204
304
237
275
1835
2276
1928
1966
2030
324
333
353
350
357
360
367
357
377
391
390
409
473
462
497
537
542
526
532
534
532
259
572
629
280
303
311
307
328
287
318
350
691
299
193
227
292
328
205
236
368
272
177
236
220
234
302
283
224
200
172
382
224
394
366
418
274
267
271
313
325
314
339
172
235
163
202
155
184
199
184
205
202
159
253
221
270
320
178
207
181
197
168
264
320
164
281
158
174
329
205
158
218
196
181
169
189
144
145
140
156
182
175
198
218
266
162
207
167
186
617
1215
1237
803
1250
1112
1126
1296
1186
1074
