56
70
37
91
95
44
56
51
77
70
71
41
37
45
90
56
37
61
45
43
51
130
65
50
44
46
71
58
80
86
104
41
57
50
71
118
68
85
89
44
67
46
64
60
53
50
59
62
34
74
48
44
67
59
47
41
93
37
101
62
94
47
65
64
62
40
48
96
77
43
42
39
80
67
75
48
58
55
39
42
58
63
96
36
42
38
73
106
86
68
43
73
37
59
62
79
90
69
93
36
65
45
58
59
38
77
102
42
36
78
51
51
61
48
59
68
85
93
72
73
54
47
47
61
46
72
77
41
37
37
76
43
46
111
72
49
67
36
58
60
57
60
65
50
46
81
45
73
63
83
53
66
42
40
50
42
50
70
104
62
59
79
67
51
60
54
87
43
43
44
58
67
59
51
57
105
55
38
39
45
38
35
38
61
38
57
70
44
39
86
43
48
38
39
90
63
69
91
46
89
34
64
86
82
59
48
34
55
39
46
50
50
38
73
38
51
64
62
44
36
55
70
58
77
39
44
40
75
66
76
95
60
66
61
37
51
44
61
79
52
67
80
48
109
57
52
101
73
46
60
84
50
90
60
55
103
51
84
51
57
66
37
63
58
55
45
71
45
55
62
59
64
79
48
37
82
45
47
77
103
87
76
52
51
43
40
105
44
69
57
94
60
69
43
48
77
51
98
57
47
73
60
56
91
43
39
53
94
80
84
46
43
65
78
70
95
52
100
37
52
75
47
48
96
97
38
39
43
39
61
41
60
66
50
62
64
46
56
48
57
59
46
42
44
51
50
46
50
98
48
61
54
69
61
49
90
57
56
82
60
57
85
108
57
53
76
74
133
39
90
38
103
39
92
53
61
54
46
54
71
96
43
59
43
68
73
52
49
118
56
44
86
51
80
46
94
86
71
71
133
90
95
81
43
101
76
103
39
74
65
49
67
53
57
51
75
44
58
79
56
77
38
148
77
80
79
82
69
149
46
56
55
89
74
49
65
49
62
76
41
57
103
89
63
53
59
49
67
54
61
54
62
101
82
56
98
63
62
70
58
95
101
60
74
54
49
47
121
43
54
42
65
43
43
45
43
92
58
111
86
68
70
101
48
83
47
60
97
66
78
112
97
60
46
77
69
42
66
94
80
60
56
64
54
60
65
59
90
52
57
43
67
55
55
73
48
72
52
87
115
64
67
49
69
43
48
44
48
62
55
86
71
55
56
54
57
66
44
80
46
55
48
41
78
64
54
55
49
63
91
45
90
95
70
63
82
39
41
50
50
81
52
45
56
55
88
58
53
61
51
54
73
47
46
61
84
58
41
56
76
55
60
84
66
68
76
44
64
67
71
62
55
75
58
58
52
57
63
50
58
46
87
44
92
92
46
46
68
96
97
43
47
82
86
63
42
69
82
96
49
56
37
165
38
66
36
77
45
45
48
46
43
61
72
36
56
41
54
47
76
39
45
61
48
77
36
166
56
38
71
37
80
74
50
45
58
81
79
87
109
65
56
41
56
43
81
73
60
64
57
56
59
77
85
56
44
69
78
130
61
52
47
50
41
87
42
45
62
85
103
55
81
86
47
56
68
41
59
77
45
76
41
58
71
38
69
66
34
59
50
36
58
76
83
60
79
52
60
65
59
60
54
37
51
136
40
64
66
124
46
44
37
61
140
56
38
33
57
78
40
40
56
65
52
49
49
86
81
67
43
50
48
41
49
40
63
70
72
116
60
61
157
119
80
41
48
55
50
37
79
46
50
42
52
53
53
51
45
53
80
60
65
57
36
41
53
69
79
36
62
46
61
57
80
40
70
42
126
58
127
69
68
41
118
57
71
57
45
125
52
43
40
39
86
58
57
54
48
64
65
47
37
56
84
74
38
71
70
58
67
35
74
46
48
42
88
49
72
73
68
88
54
63
91
55
41
51
84
111
70
127
56
47
77
52
48
80
108
68
50
129
63
35
91
104
61
60
38
39
42
78
55
40
43
115
47
109
73
44
74
58
71
69
64
70
60
95
79
102
48
37
52
77
63
65
44
42
56
81
65
49
54
68
55
63
86
73
71
83
48
122
96
74
44
52
122
53
61
57
125
45
73
65
86
53
63
99
58
103
64
147
44
46
43
121
47
80
107
99
66
71
75
65
42
40
51
114
50
83
54
76
56
60
67
64
72
70
105
99
116
67
53
68
49
55
86
79
31
35
37
47
70
37
41
76
31
41
38
90
57
32
43
59
44
64
31
43
62
56
53
42
39
34
37
52
33
41
34
39
38
43
50
87
34
37
68
65
34
72
66
41
57
31
35
62
44
39
50
50
41
36
55
43
78
67
38
58
59
33
54
32
37
69
90
34
42
39
60
50
33
42
32
40
44
59
73
40
45
63
34
72
41
76
61
100
55
42
75
33
40
40
41
35
42
63
45
37
34
42
75
75
42
39
36
44
76
57
63
66
85
