1763
1932
2059
398
1586
361
586
552
708
2066
373
479
485
1946
336
756
331
2641
587
371
284
287
1674
352
528
315
310
523
372
246
795
561
849
386
561
449
431
287
471
1925
356
349
364
2013
598
363
263
309
842
340
2257
2259
377
259
672
412
337
379
626
269
229
715
405
541
349
201
403
268
406
579
507
421
280
290
574
397
958
552
443
975
474
241
439
363
325
541
191
282
488
273
360
282
569
580
329
626
658
246
269
699
383
488
252
315
356
215
360
264
273
406
316
552
486
273
311
621
504
457
617
849
1653
2037
2167
580
2426
2423
2456
2620
464
747
817
479
702
722
564
785
574
490
2000
2099
407
461
457
1717
474
510
560
541
281
350
364
2042
508
573
312
625
286
507
778
2332
921
249
371
615
324
246
412
382
283
380
318
518
412
343
342
385
393
604
887
322
215
274
376
820
436
293
203
478
435
501
282
295
212
501
538
354
425
190
454
474
329
478
353
538
516
354
537
609
269
239
531
381
210
600
633
687
507
575
322
239
594
365
358
330
265
305
749
309
335
200
730
739
806
709
290
789
699
582
409
505
1754
1885
678
1886
557
679
650
523
499
577
2316
2414
457
1922
401
484
2101
252
423
413
277
638
734
380
921
1693
676
339
446
2477
2477
2468
2488
314
301
520
506
395
802
297
654
482
253
723
559
543
632
342
197
319
306
442
230
726
442
313
617
507
673
528
708
571
315
572
340
329
326
479
544
270
310
462
284
377
627
327
293
456
274
616
280
256
245
276
292
427
321
390
293
372
247
365
399
243
268
249
270
275
373
292
405
338
206
342
304
429
258
426
236
362
267
320
304
436
244
318
437
263
311
580
1620
466
439
425
2118
2124
375
1730
306
1822
1941
309
964
546
1097
297
582
221
854
433
316
232
780
201
285
839
329
196
438
311
196
820
382
440
240
219
276
335
280
1967
262
414
287
247
429
236
1503
281
259
412
586
2798
240
611
254
256
2930
482
363
545
261
366
285
478
2420
615
371
2472
303
341
377
650
514
527
289
580
291
243
352
365
562
1067
323
635
260
282
517
233
411
307
330
260
312
937
306
281
398
449
303
506
652
660
282
434
355
419
786
289
347
251
417
393
449
276
654
266
480
303
318
515
1763
1932
2059
398
1586
361
586
552
708
2066
373
479
485
1946
336
756
331
2641
587
371
284
287
1674
352
528
315
310
523
372
246
795
561
849
386
561
449
431
287
471
1925
356
349
364
2013
598
363
263
309
842
340
2257
2259
377
259
672
412
337
379
626
269
229
715
405
541
349
201
403
268
406
579
507
421
280
290
574
397
958
552
443
975
474
241
439
363
325
541
191
282
488
273
360
282
569
580
329
626
658
246
269
699
383
488
252
315
356
215
360
264
273
406
316
552
486
273
311
621
504
457
617
849
1653
2037
2167
580
2426
2423
2456
2620
464
747
817
479
702
722
564
785
574
490
2000
2099
407
461
457
1717
474
510
560
541
281
350
364
2042
508
573
312
625
286
507
778
2332
921
249
371
615
324
246
412
382
283
380
318
518
412
343
342
385
393
604
887
322
215
274
376
820
436
293
203
478
435
501
282
295
212
501
538
354
425
190
454
474
329
478
353
538
516
354
537
609
269
239
531
381
210
600
633
687
507
575
322
239
594
365
358
330
265
305
749
309
335
200
730
739
806
709
290
789
699
582
409
505
1754
1885
678
1886
557
679
650
523
499
577
2316
2414
457
1922
401
484
2101
252
423
413
277
638
734
380
921
1693
676
339
446
2477
2477
2468
2488
314
301
520
506
395
802
297
654
482
253
723
559
543
632
342
197
319
306
442
230
726
442
313
617
507
673
528
708
571
315
572
340
329
326
479
544
270
310
462
284
377
627
327
293
456
274
616
280
256
245
276
292
427
321
390
293
372
247
365
399
243
268
249
270
275
373
292
405
338
206
342
304
429
258
426
236
362
267
320
304
436
244
318
437
263
311
580
1620
466
439
425
2118
2124
375
1730
306
1822
1941
309
964
546
1097
297
582
221
854
433
316
232
780
201
285
839
329
196
438
311
196
820
382
440
240
219
276
335
280
1967
262
414
287
247
429
236
1503
281
259
412
586
2798
240
611
254
256
2930
482
363
545
261
366
285
478
2420
615
371
2472
303
341
377
650
514
527
289
580
291
243
352
365
562
1067
323
635
260
282
517
233
411
307
330
260
312
937
306
281
398
449
303
506
652
660
282
434
355
419
786
289
347
251
417
393
449
276
654
266
480
303
318
515
1763
1932
2059
398
1586
361
586
552
708
2066
373
479
485
1946
336
756
331
2641
587
371
284
287
1674
352
528
315
310
523
372
246
795
561
849
386
561
449
431
287
471
1925
356
349
364
2013
598
363
263
309
842
340
2257
2259
377
259
672
412
337
379
626
269
229
715
405
541
349
201
403
268
406
579
507
421
280
290
574
397
958
552
443
975
474
241
439
363
325
541
191
282
488
273
360
282
569
580
329
626
658
246
269
699
383
488
252
315
356
215
360
264
273
406
316
552
486
273
311
621
504
457
617
849
1653
2037
2167
580
2426
2423
2456
2620
464
747
817
479
702
722
564
785
574
490
2000
2099
407
461
457
1717
474
510
560
541
281
350
364
2042
508
573
312
625
286
507
778
2332
921
249
371
615
324
246
412
382
283
380
318
518
412
343
342
385
393
604
887
322
215
274
376
820
436
293
203
478
435
501
282
295
212
501
538
354
425
190
454
474
329
478
353
538
516
354
537
609
269
239
531
381
210
600
633
687
507
575
322
239
594
365
358
330
265
305
749
309
335
200
730
739
806
709
290
789
699
582
409
505
1754
1885
678
1886
557
679
650
523
499
577
2316
2414
457
1922
401
484
2101
252
423
413
277
638
734
380
921
1693
676
339
446
2477
2477
2468
2488
314
301
520
506
395
802
297
654
482
253
723
559
543
632
342
197
319
306
442
230
726
442
313
617
507
673
528
708
571
315
572
340
329
326
479
544
270
310
462
284
377
627
327
293
456
274
616
280
256
245
276
292
427
321
390
293
372
247
365
399
243
268
249
270
275
373
292
405
338
206
342
304
429
258
426
236
362
267
320
304
436
244
318
437
263
311
580
1620
466
439
425
2118
2124
375
1730
306
1822
1941
309
964
546
1097
297
582
221
854
433
316
232
780
201
285
839
329
196
438
311
196
820
382
440
240
219
276
335
280
1967
262
414
287
247
429
236
1503
281
259
412
586
2798
240
611
254
256
2930
482
363
545
261
366
285
478
2420
615
371
2472
303
341
377
650
514
527
289
580
291
243
352
365
562
1067
323
635
260
282
517
233
411
307
330
260
312
937
306
281
398
449
303
506
652
660
282
434
355
419
786
289
347
251
417
393
449
276
654
266
480
303
318
515
