174
369
245
265
144
218
229
393
106
289
150
122
270
199
111
112
219
151
142
152
173
175
117
152
109
222
278
177
293
154
138
156
160
186
145
133
128
157
219
108
112
155
189
101
149
162
164
135
126
256
202
116
95
144
154
176
189
180
102
107
169
222
220
185
211
194
107
159
164
160
128
178
152
94
204
208
156
170
129
193
144
144
111
124
213
217
151
107
177
97
136
146
99
149
259
95
259
134
143
112
264
232
137
122
108
140
161
174
122
129
168
110
178
139
166
126
118
118
254
149
204
130
221
302
97
347
357
356
384
397
134
161
201
178
414
172
150
157
118
230
127
158
193
283
112
240
279
199
284
278
155
167
188
117
106
167
185
200
198
161
238
207
129
244
155
165
326
153
124
349
138
177
127
228
251
131
103
200
104
255
174
202
192
358
280
87
128
154
121
204
246
160
184
91
125
210
200
183
193
155
205
243
140
185
169
216
125
172
91
184
139
203
200
120
191
154
94
193
237
207
123
172
121
164
140
147
92
107
130
222
131
208
122
156
121
170
165
144
137
160
203
230
373
246
131
130
247
372
286
267
147
378
303
469
115
127
151
130
114
163
232
204
200
119
155
139
170
132
280
157
116
121
113
203
181
243
211
155
286
245
170
133
220
132
132
170
143
135
219
182
250
276
177
238
174
171
334
190
133
200
167
153
183
220
135
129
123
225
190
234
194
162
106
120
160
175
198
162
219
167
143
171
185
200
151
140
209
132
165
204
158
151
153
141
140
201
168
123
150
129
103
126
137
170
127
209
161
131
139
246
200
114
213
113
145
168
144
127
201
190
183
272
149
337
177
169
189
234
271
222
238
124
131
118
123
186
294
293
145
253
123
132
164
236
297
270
188
151
180
128
132
118
189
137
180
140
136
133
114
177
228
204
204
169
209
116
239
106
174
151
146
171
145
165
117
211
220
143
112
120
122
179
123
302
189
110
195
125
316
121
176
110
194
139
113
163
303
116
159
143
197
265
117
151
445
134
175
122
128
189
152
157
355
135
110
195
135
132
178
157
161
146
126
269
196
128
182
111
166
163
242
115
240
144
132
110
223
174
190
177
174
369
245
265
144
218
229
393
106
289
150
122
270
199
111
112
219
151
142
152
173
175
117
152
109
222
278
177
293
154
138
156
160
186
145
133
128
157
219
108
112
155
189
101
149
162
164
135
126
256
202
116
95
144
154
176
189
180
102
107
169
222
220
185
211
194
107
159
164
160
128
178
152
94
204
208
156
170
129
193
144
144
111
124
213
217
151
107
177
97
136
146
99
149
259
95
259
134
143
112
264
232
137
122
108
140
161
174
122
129
168
110
178
139
166
126
118
118
254
149
204
130
221
302
97
347
357
356
384
397
134
161
201
178
414
172
150
157
118
230
127
158
193
283
112
240
279
199
284
278
155
167
188
117
106
167
185
200
198
161
238
207
129
244
155
165
326
153
124
349
138
177
127
228
251
131
103
200
104
255
174
202
192
358
280
87
128
154
121
204
246
160
184
91
125
210
200
183
193
155
205
243
140
185
169
216
125
172
91
184
139
203
200
120
191
154
94
193
237
207
123
172
121
164
140
147
92
107
130
222
131
208
122
156
121
170
165
144
137
160
203
230
373
246
131
130
247
372
286
267
147
378
303
469
115
127
151
130
114
163
232
204
200
119
155
139
170
132
280
157
116
121
113
203
181
243
211
155
286
245
170
133
220
132
132
170
143
135
219
182
250
276
177
238
174
171
334
190
133
200
167
153
183
220
135
129
123
225
190
234
194
162
106
120
160
175
198
162
219
167
143
171
185
200
151
140
209
132
165
204
158
151
153
141
140
201
168
123
150
129
103
126
137
170
127
209
161
131
139
246
200
114
213
113
145
168
144
127
201
190
183
272
149
337
177
169
189
234
271
222
238
124
131
118
123
186
294
293
145
253
123
132
164
236
297
270
188
151
180
128
132
118
189
137
180
140
136
133
114
177
228
204
204
169
209
116
239
106
174
151
146
171
145
165
117
211
220
143
112
120
122
179
123
302
189
110
195
125
316
121
176
110
194
139
113
163
303
116
159
143
197
265
117
151
445
134
175
122
128
189
152
157
355
135
110
195
135
132
178
157
161
146
126
269
196
128
182
111
166
163
242
115
240
144
132
110
223
174
190
177
174
369
245
265
144
218
229
393
106
289
150
122
270
199
111
112
219
151
142
152
173
175
117
152
109
222
278
177
293
154
138
156
160
186
145
133
128
157
219
108
112
155
189
101
149
162
164
135
126
256
202
116
95
144
154
176
189
180
102
107
169
222
220
185
211
194
107
159
164
160
128
178
152
94
204
208
156
170
129
193
144
144
111
124
213
217
151
107
177
97
136
146
99
149
259
95
259
134
143
112
264
232
137
122
108
140
161
174
122
129
168
110
178
139
166
126
118
118
254
149
204
130
221
302
97
347
357
356
384
397
134
161
201
178
414
172
150
157
118
230
127
158
193
283
112
240
279
199
284
278
155
167
188
117
106
167
185
200
198
161
238
207
129
244
155
165
326
153
124
349
138
177
127
228
251
131
103
200
104
255
174
202
192
358
280
87
128
154
121
204
246
160
184
91
125
210
200
183
193
155
205
243
140
185
169
216
125
172
91
184
139
203
200
120
191
154
94
193
237
207
123
172
121
164
140
147
92
107
130
222
131
208
122
156
121
170
165
144
137
160
203
230
373
246
131
130
247
372
286
267
147
378
303
469
115
127
151
130
114
163
232
204
200
119
155
139
170
132
280
157
116
121
113
203
181
243
211
155
286
245
170
133
220
132
132
170
143
135
219
182
250
276
177
238
174
171
334
190
133
200
167
153
183
220
135
129
123
225
190
234
194
162
106
120
160
175
198
162
219
167
143
171
185
200
151
140
209
132
165
204
158
151
153
141
140
201
168
123
150
129
103
126
137
170
127
209
161
131
139
246
200
114
213
113
145
168
144
127
201
190
183
272
149
337
177
169
189
234
271
222
238
124
131
118
123
186
294
293
145
253
123
132
164
236
297
270
188
151
180
128
132
118
189
137
180
140
136
133
114
177
228
204
204
169
209
116
239
106
174
151
146
171
145
165
117
211
220
143
112
120
122
179
123
302
189
110
195
125
316
121
176
110
194
139
113
163
303
116
159
143
197
265
117
151
445
134
175
122
128
189
152
157
355
135
110
195
135
132
178
157
161
146
126
269
196
128
182
111
166
163
242
115
240
144
132
110
223
174
190
177
