51
44
23
26
186
204
224
296
300
129
321
164
204
156
178
508
537
139
400
155
677
250
128
380
356
208
252
814
175
258
219
232
341
40
31
20
134
159
331
32
370
35
251
631
252
112
466
459
214
230
1305
149
246
721
131
356
199
230
155
419
163
94
124
304
139
520
414
99
312
263
201
236
26
143
247
179
116
32
716
35
38
12
247
202
755
148
383
393
347
196
359
421
357
263
1058
213
223
419
146
217
940
122
931
984
800
121
17
14
36
19
160
19
168
756
809
251
453
123
1074
135
840
963
601
1165
783
247
355
986
180
620
812
822
887
334
888
343
1154
513
321
852
289
735
362
796
350
1309
354
302
1265
613
560
626
422
596
226
432
684
631
615
392
839
718
719
1022
121
681
1195
763
1196
101
835
160
1194
189
113
415
874
109
97
1209
1062
132
194
97
1360
96
106
291
704
100
765
645
499
144
550
175
1017
381
884
431
492
1389
805
1016
785
848
819
753
993
809
505
942
839
954
891
507
537
470
373
934
692
886
513
511
1277
552
711
836
865
789
951
852
897
1048
664
1157
1165
934
793
1267
146
235
105
250
270
135
401
184
244
240
144
585
631
252
272
250
360
284
876
176
123
413
266
167
445
1091
195
244
133
1262
1279
500
264
1329
481
143
235
356
169
106
208
213
553
310
188
605
449
224
182
618
196
262
625
341
242
174
147
219
538
485
196
1412
179
1091
230
474
188
863
935
387
264
783
507
195
528
590
375
166
363
289
215
665
239
114
1116
832
334
262
768
235
377
111
223
249
271
989
166
193
816
192
839
165
872
183
158
581
136
171
432
131
232
131
140
961
911
1073
888
591
562
750
1030
490
669
609
248
546
267
303
408
485
453
332
322
335
569
675
611
620
609
983
1042
970
489
1078
1112
708
855
1079
504
547
931
514
1118
168
449
297
637
235
359
636
627
782
584
429
784
918
1030
773
925
935
1150
765
611
609
737
1173
489
576
480
372
807
351
341
321
514
410
375
793
727
958
757
698
995
1073
1086
772
829
1181
1067
1371
808
1294
20
8
10
8
146
114
157
100
12
29
9
9
10
339
153
166
1134
9
87
11
10
233
14
247
1350
137
152
91
225
18
131
20
17
195
19
27
155
138
203
221
235
222
118
141
382
150
422
238
127
163
125
619
641
163
297
269
712
216
270
248
820
169
189
241
319
1008
354
138
130
415
148
126
621
151
98
327
183
703
339
113
1417
281
701
137
227
177
127
169
787
186
161
720
250
510
397
273
125
160
252
91
219
90
184
224
340
138
147
864
228
309
418
936
160
258
662
781
687
260
229
382
206
615
234
192
1588
712
746
966
868
639
638
691
257
911
738
151
678
207
1061
264
224
582
827
197
318
1067
1022
806
951
540
922
630
864
553
491
363
455
253
365
424
377
386
552
645
579
682
348
793
728
936
1234
685
915
1060
1078
564
916
956
579
935
700
1055
506
292
183
537
628
436
349
467
696
650
707
709
496
966
793
962
780
1007
1199
755
962
761
537
684
539
283
398
532
569
324
491
452
424
482
625
637
745
922
960
1059
1286
842
996
754
911
1156
872
649
1375
16
15
9
10
381
126
114
926
260
960
299
265
279
212
105
336
16
15
12
17
14
160
232
228
271
301
173
11
13
12
353
10
16
301
181
341
13
233
14
12
89
21
16
256
117
127
192
168
171
199
220
238
241
230
133
306
328
347
361
165
195
193
108
450
237
99
276
140
328
282
244
113
263
345
120
329
186
192
309
166
131
488
213
210
162
153
83
140
491
329
167
276
220
180
124
306
442
261
200
210
132
240
237
204
154
214
165
179
425
163
293
140
464
222
232
181
155
194
289
359
191
183
192
212
590
286
250
355
115
162
114
212
165
402
150
112
118
97
160
287
180
309
205
235
192
329
361
772
296
979
584
600
778
809
1120
876
1015
673
462
577
765
806
717
1114
846
989
1177
938
1144
711
1015
1319
237
336
369
567
311
591
690
276
301
1239
976
422
1094
385
343
501
1019
670
424
459
476
477
517
631
904
541
798
884
935
681
397
676
631
1201
443
565
536
802
159
1088
465
1482
196
242
835
390
637
426
453
517
601
628
2130
674
773
624
1031
745
658
929
589
1008
1313
233
599
394
681
431
472
510
1013
1159
626
335
504
500
545
571
483
672
557
749
716
869
781
738
19
28
39
22
17
19
22
913
1110
28
15
42
33
66
29
23
34
33
13
42
21
1279
1274
703
1481
978
1174
1288
1122
51
44
23
26
186
204
224
296
300
129
321
164
204
156
178
508
537
139
400
155
677
250
128
380
356
208
252
814
175
258
219
232
341
40
31
20
134
159
331
32
370
35
251
631
252
112
466
459
214
230
1305
149
246
721
131
356
199
230
155
419
163
94
124
304
139
520
414
99
312
263
201
236
26
143
247
179
116
32
716
35
38
12
247
202
755
148
383
393
347
196
359
421
357
263
1058
213
223
419
146
217
940
122
931
984
800
121
17
14
36
19
160
19
168
756
809
251
453
123
1074
135
840
963
601
1165
783
247
355
986
180
620
812
822
887
334
888
343
1154
513
321
852
289
735
362
796
350
1309
354
302
1265
613
560
626
422
596
226
432
684
631
615
392
839
718
719
1022
121
681
1195
763
1196
101
835
160
1194
189
113
415
874
109
97
1209
1062
132
194
97
1360
96
106
291
704
100
765
645
499
144
550
175
1017
381
884
431
492
1389
805
1016
785
848
819
753
993
809
505
942
839
954
891
507
537
470
373
934
692
886
513
511
1277
552
711
836
865
789
951
852
897
1048
664
1157
1165
934
793
1267
146
235
105
250
270
135
401
184
244
240
144
585
631
252
272
250
360
284
876
176
123
413
266
167
445
1091
195
244
133
1262
1279
500
264
1329
481
143
235
356
169
106
208
213
553
310
188
605
449
224
182
618
196
262
625
341
242
174
147
219
538
485
196
1412
179
1091
230
474
188
863
935
387
264
783
507
195
528
590
375
166
363
289
215
665
239
114
1116
832
334
262
768
235
377
111
223
249
271
989
166
193
816
192
839
165
872
183
158
581
136
171
432
131
232
131
140
961
911
1073
888
591
562
750
1030
490
669
609
248
546
267
303
408
485
453
332
322
335
569
675
611
620
609
983
1042
970
489
1078
1112
708
855
1079
504
547
931
514
1118
168
449
297
637
235
359
636
627
782
584
429
784
918
1030
773
925
935
1150
765
611
609
737
1173
489
576
480
372
807
351
341
321
514
410
375
793
727
958
757
698
995
1073
1086
772
829
1181
1067
1371
808
1294
20
8
10
8
146
114
157
100
12
29
9
9
10
339
153
166
1134
9
87
11
10
233
14
247
1350
137
152
91
225
18
131
20
17
195
19
27
155
138
203
221
235
222
118
141
382
150
422
238
127
163
125
619
641
163
297
269
712
216
270
248
820
169
189
241
319
1008
354
138
130
415
148
126
621
151
98
327
183
703
339
113
1417
281
701
137
227
177
127
169
787
186
161
720
250
510
397
273
125
160
252
91
219
90
184
224
340
138
147
864
228
309
418
936
160
258
662
781
687
260
229
382
206
615
234
192
1588
712
746
966
868
639
638
691
257
911
738
151
678
207
1061
264
224
582
827
197
318
1067
1022
806
951
540
922
630
864
553
491
363
455
253
365
424
377
386
552
645
579
682
348
793
728
936
1234
685
915
1060
1078
564
916
956
579
935
700
1055
506
292
183
537
628
436
349
467
696
650
707
709
496
966
793
962
780
1007
1199
755
962
761
537
684
539
283
398
532
569
324
491
452
424
482
625
637
745
922
960
1059
1286
842
996
754
911
1156
872
649
1375
16
15
9
10
381
126
114
926
260
960
299
265
279
212
105
336
16
15
12
17
14
160
232
228
271
301
173
11
13
12
353
10
16
301
181
341
13
233
14
12
89
21
16
256
117
127
192
168
171
199
220
238
241
230
133
306
328
347
361
165
195
193
108
450
237
99
276
140
328
282
244
113
263
345
120
329
186
192
309
166
131
488
213
210
162
153
83
140
491
329
167
276
220
180
124
306
442
261
200
210
132
240
237
204
154
214
165
179
425
163
293
140
464
222
232
181
155
194
289
359
191
183
192
212
590
286
250
355
115
162
114
212
165
402
150
112
118
97
160
287
180
309
205
235
192
329
361
772
296
979
584
600
778
809
1120
876
1015
673
462
577
765
806
717
1114
846
989
1177
938
1144
711
1015
1319
237
336
369
567
311
591
690
276
301
1239
976
422
1094
385
343
501
1019
670
424
459
476
477
517
631
904
541
798
884
935
681
397
676
631
1201
443
565
536
802
159
1088
465
1482
196
242
835
390
637
426
453
517
601
628
2130
674
773
624
1031
745
658
929
589
1008
1313
233
599
394
681
431
472
510
1013
1159
626
335
504
500
545
571
483
672
557
749
716
869
781
738
19
28
39
22
17
19
22
913
1110
28
15
42
33
66
29
23
34
33
13
42
21
1279
1274
703
1481
978
1174
1288
1122
51
44
23
26
186
204
224
296
300
129
321
164
204
156
178
508
537
139
400
155
677
250
128
380
356
208
252
814
175
258
219
232
341
40
31
20
134
159
331
32
370
35
251
631
252
112
466
459
214
230
1305
149
246
721
131
356
199
230
155
419
163
94
124
304
139
520
414
99
312
263
201
236
26
143
247
179
116
32
716
35
38
12
247
202
755
148
383
393
347
196
359
421
357
263
1058
213
223
419
146
217
940
122
931
984
800
121
17
14
36
19
160
19
168
756
809
251
453
123
1074
135
840
963
601
1165
783
247
355
986
180
620
812
822
887
334
888
343
1154
513
321
852
289
735
362
796
350
1309
354
302
1265
613
560
626
422
596
226
432
684
631
615
392
839
718
719
1022
121
681
1195
763
1196
101
835
160
1194
189
113
415
874
109
97
1209
1062
132
194
97
1360
96
106
291
704
100
765
645
499
144
550
175
1017
381
884
431
492
1389
805
1016
785
848
819
753
993
809
505
942
839
954
891
507
537
470
373
934
692
886
513
511
1277
552
711
836
865
789
951
852
897
1048
664
1157
1165
934
793
1267
146
235
105
250
270
135
401
184
244
240
144
585
631
252
272
250
360
284
876
176
123
413
266
167
445
1091
195
244
133
1262
1279
500
264
1329
481
143
235
356
169
106
208
213
553
310
188
605
449
224
182
618
196
262
625
341
242
174
147
219
538
485
196
1412
179
1091
230
474
188
863
935
387
264
783
507
195
528
590
375
166
363
289
215
665
239
114
1116
832
334
262
768
235
377
111
223
249
271
989
166
193
816
192
839
165
872
183
158
581
136
171
432
131
232
131
140
961
911
1073
888
591
562
750
1030
490
669
609
248
546
267
303
408
485
453
332
322
335
569
675
611
620
609
983
1042
970
489
1078
1112
708
855
1079
504
547
931
514
1118
168
449
297
637
235
359
636
627
782
584
429
784
918
1030
773
925
935
1150
765
611
609
737
1173
489
576
480
372
807
351
341
321
514
410
375
793
727
958
757
698
995
1073
1086
772
829
1181
1067
1371
808
1294
20
8
10
8
146
114
157
100
12
29
9
9
10
339
153
166
1134
9
87
11
10
233
14
247
1350
137
152
91
225
18
131
20
17
195
19
27
155
138
203
221
235
222
118
141
382
150
422
238
127
163
125
619
641
163
297
269
712
216
270
248
820
169
189
241
319
1008
354
138
130
415
148
126
621
151
98
327
183
703
339
113
1417
281
701
137
227
177
127
169
787
186
161
720
250
510
397
273
125
160
252
91
219
90
184
224
340
138
147
864
228
309
418
936
160
258
662
781
687
260
229
382
206
615
234
192
1588
712
746
966
868
639
638
691
257
911
738
151
678
207
1061
264
224
582
827
197
318
1067
1022
806
951
540
922
630
864
553
491
363
455
253
365
424
377
386
552
645
579
682
348
793
728
936
1234
685
915
1060
1078
564
916
956
579
935
700
1055
506
292
183
537
628
436
349
467
696
650
707
709
496
966
793
962
780
1007
1199
755
962
761
537
684
539
283
398
532
569
324
491
452
424
482
625
637
745
922
960
1059
1286
842
996
754
911
1156
872
649
1375
16
15
9
10
381
126
114
926
260
960
299
265
279
212
105
336
16
15
12
17
14
160
232
228
271
301
173
11
13
12
353
10
16
301
181
341
13
233
14
12
89
21
16
256
117
127
192
168
171
199
220
238
241
230
133
306
328
347
361
165
195
193
108
450
237
99
276
140
328
282
244
113
263
345
120
329
186
192
309
166
131
488
213
210
162
153
83
140
491
329
167
276
220
180
124
306
442
261
200
210
132
240
237
204
154
214
165
179
425
163
293
140
464
222
232
181
155
194
289
359
191
183
192
212
590
286
250
355
115
162
114
212
165
402
150
112
118
97
160
287
180
309
205
235
192
329
361
772
296
979
584
600
778
809
1120
876
1015
673
462
577
765
806
717
1114
846
989
1177
938
1144
711
1015
1319
237
336
369
567
311
591
690
276
301
1239
976
422
1094
385
343
501
1019
670
424
459
476
477
517
631
904
541
798
884
935
681
397
676
631
1201
443
565
536
802
159
1088
465
1482
196
242
835
390
637
426
453
517
601
628
2130
674
773
624
1031
745
658
929
589
1008
1313
233
599
394
681
431
472
510
1013
1159
626
335
504
500
545
571
483
672
557
749
716
869
781
738
19
28
39
22
17
19
22
913
1110
28
15
42
33
66
29
23
34
33
13
42
21
1279
1274
703
1481
978
1174
1288
1122
