1929
5133
5747
2725
17390
22766
24364
1842
24679
25287
2799
25823
26983
27934
29483
27739
304
32
38
103
42
42
63
82
71
8657
39192
18676
21273
1391
38
28
96
50
35
28
37
85
66
28328
11759
4796
3342
83
26766
8878
50350
53545
40511
8403
9215
28934
7525
115
16720
170
149
43470
70514
30706
73999
12893
11986
103
11082
14007
105877
82
110
11673
58986
10374
53
66
55
51
19827
9578
5857
105226
20774
38033
151
76
36
37
37
33
33
57
37
36
40
80
54
109984
37711
59327
13145
22081
18040
109
89
14660
66565
36981
56447
19707
16453
26482
49508
27276
78901
30036
34028
71869
52742
144571
90343
115250
166
1537
2290
5908
222
4078
17818
12741
22086
1818
2627
253
166
108
315
7936
173
26635
51
47
36
58
37
34
54
1458
78
29365
21105
7978
31354
11823
28967
46306
43208
43205
38907
9290
50369
24669
52788
58233
69
31
32
47
40
44174
15921
70
46669
2771
3665
18482
13541
18208
8176
27005
90501
6795
91010
78622
14191
16489
11556
32097
172
129
262
27621
91
166
84
100
62
53
86
102377
111818
34150
11471
12602
18750
12688
10716
36603
12642
11025
12762
22754
62289
141704
21984
24872
86
24468
89
257
47
75
31
30
34
81
38
38
7622
76
57
58719
39762
18016
68961
36062
35853
74035
75198
81527
58629
112355
116
2196
7892
50
5434
18431
14435
23161
26295
59
3189
4058
36
49
42
67
222
78
41
1922
47
12062
183
32979
15244
36610
36643
36687
39955
13950
41707
42712
37653
12373
39308
23352
52557
51474
57947
64
65
115
64
55
46
54
59
1035
18257
79
2756
11275
70744
14941
21287
5271
30411
92462
9653
79431
9496
95533
16867
20517
36482
27331
17675
135
156
103
136
103
91
155
85
83
69
9843
11366
127947
44622
15688
19536
50652
10816
48706
11527
139766
15143
136097
12608
22318
25895
28366
59200
202
197
52
96
95
61
51
69
60
65
51
29788
69
59
32405
13303
69069
73924
38967
48651
80875
27283
77712
54740
134728
1942
4407
6858
7563
2466
15510
18391
1647
16005
21239
3033
13643
26489
27448
4680
10117
31479
31848
32555
48051
41236
21878
17031
185
27471
18395
33313
141
100
3668
306
105
20341
7574
26698
11270
13663
130
49
67
78
87
60
56
42
48
55
12023
10658
20637
14434
67
57974
11816
34979
13109
13638
70
44
59
50
60
54
71
46
52
42
58853
49270
77
46
72
33
38
241
36
51
49
50
57
54
39
47
45
48
72
82363
53866
96904
64819
90070
71463
63465
36384
24029
1177
55165
35698
109540
7490
10191
137
24229
9755
19930
4684
28648
52149
34764
13130
23276
33006
36611
25393
34525
57640
57493
116818
119974
85637
1929
5133
5747
2725
17390
22766
24364
1842
24679
25287
2799
25823
26983
27934
29483
27739
304
32
38
103
42
42
63
82
71
8657
39192
18676
21273
1391
38
28
96
50
35
28
37
85
66
28328
11759
4796
3342
83
26766
8878
50350
53545
40511
8403
9215
28934
7525
115
16720
170
149
43470
70514
30706
73999
12893
11986
103
11082
14007
105877
82
110
11673
58986
10374
53
66
55
51
19827
9578
5857
105226
20774
38033
151
76
36
37
37
33
33
57
37
36
40
80
54
109984
37711
59327
13145
22081
18040
109
89
14660
66565
36981
56447
19707
16453
26482
49508
27276
78901
30036
34028
71869
52742
144571
90343
115250
166
1537
2290
5908
222
4078
17818
12741
22086
1818
2627
253
166
108
315
7936
173
26635
51
47
36
58
37
34
54
1458
78
29365
21105
7978
31354
11823
28967
46306
43208
43205
38907
9290
50369
24669
52788
58233
69
31
32
47
40
44174
15921
70
46669
2771
3665
18482
13541
18208
8176
27005
90501
6795
91010
78622
14191
16489
11556
32097
172
129
262
27621
91
166
84
100
62
53
86
102377
111818
34150
11471
12602
18750
12688
10716
36603
12642
11025
12762
22754
62289
141704
21984
24872
86
24468
89
257
47
75
31
30
34
81
38
38
7622
76
57
58719
39762
18016
68961
36062
35853
74035
75198
81527
58629
112355
116
2196
7892
50
5434
18431
14435
23161
26295
59
3189
4058
36
49
42
67
222
78
41
1922
47
12062
183
32979
15244
36610
36643
36687
39955
13950
41707
42712
37653
12373
39308
23352
52557
51474
57947
64
65
115
64
55
46
54
59
1035
18257
79
2756
11275
70744
14941
21287
5271
30411
92462
9653
79431
9496
95533
16867
20517
36482
27331
17675
135
156
103
136
103
91
155
85
83
69
9843
11366
127947
44622
15688
19536
50652
10816
48706
11527
139766
15143
136097
12608
22318
25895
28366
59200
202
197
52
96
95
61
51
69
60
65
51
29788
69
59
32405
13303
69069
73924
38967
48651
80875
27283
77712
54740
134728
1942
4407
6858
7563
2466
15510
18391
1647
16005
21239
3033
13643
26489
27448
4680
10117
31479
31848
32555
48051
41236
21878
17031
185
27471
18395
33313
141
100
3668
306
105
20341
7574
26698
11270
13663
130
49
67
78
87
60
56
42
48
55
12023
10658
20637
14434
67
57974
11816
34979
13109
13638
70
44
59
50
60
54
71
46
52
42
58853
49270
77
46
72
33
38
241
36
51
49
50
57
54
39
47
45
48
72
82363
53866
96904
64819
90070
71463
63465
36384
24029
1177
55165
35698
109540
7490
10191
137
24229
9755
19930
4684
28648
52149
34764
13130
23276
33006
36611
25393
34525
57640
57493
116818
119974
85637
1929
5133
5747
2725
17390
22766
24364
1842
24679
25287
2799
25823
26983
27934
29483
27739
304
32
38
103
42
42
63
82
71
8657
39192
18676
21273
1391
38
28
96
50
35
28
37
85
66
28328
11759
4796
3342
83
26766
8878
50350
53545
40511
8403
9215
28934
7525
115
16720
170
149
43470
70514
30706
73999
12893
11986
103
11082
14007
105877
82
110
11673
58986
10374
53
66
55
51
19827
9578
5857
105226
20774
38033
151
76
36
37
37
33
33
57
37
36
40
80
54
109984
37711
59327
13145
22081
18040
109
89
14660
66565
36981
56447
19707
16453
26482
49508
27276
78901
30036
34028
71869
52742
144571
90343
115250
166
1537
2290
5908
222
4078
17818
12741
22086
1818
2627
253
166
108
315
7936
173
26635
51
47
36
58
37
34
54
1458
78
29365
21105
7978
31354
11823
28967
46306
43208
43205
38907
9290
50369
24669
52788
58233
69
31
32
47
40
44174
15921
70
46669
2771
3665
18482
13541
18208
8176
27005
90501
6795
91010
78622
14191
16489
11556
32097
172
129
262
27621
91
166
84
100
62
53
86
102377
111818
34150
11471
12602
18750
12688
10716
36603
12642
11025
12762
22754
62289
141704
21984
24872
86
24468
89
257
47
75
31
30
34
81
38
38
7622
76
57
58719
39762
18016
68961
36062
35853
74035
75198
81527
58629
112355
116
2196
7892
50
5434
18431
14435
23161
26295
59
3189
4058
36
49
42
67
222
78
41
1922
47
12062
183
32979
15244
36610
36643
36687
39955
13950
41707
42712
37653
12373
39308
23352
52557
51474
57947
64
65
115
64
55
46
54
59
1035
18257
79
2756
11275
70744
14941
21287
5271
30411
92462
9653
79431
9496
95533
16867
20517
36482
27331
17675
135
156
103
136
103
91
155
85
83
69
9843
11366
127947
44622
15688
19536
50652
10816
48706
11527
139766
15143
136097
12608
22318
25895
28366
59200
202
197
52
96
95
61
51
69
60
65
51
29788
69
59
32405
13303
69069
73924
38967
48651
80875
27283
77712
54740
134728
1942
4407
6858
7563
2466
15510
18391
1647
16005
21239
3033
13643
26489
27448
4680
10117
31479
31848
32555
48051
41236
21878
17031
185
27471
18395
33313
141
100
3668
306
105
20341
7574
26698
11270
13663
130
49
67
78
87
60
56
42
48
55
12023
10658
20637
14434
67
57974
11816
34979
13109
13638
70
44
59
50
60
54
71
46
52
42
58853
49270
77
46
72
33
38
241
36
51
49
50
57
54
39
47
45
48
72
82363
53866
96904
64819
90070
71463
63465
36384
24029
1177
55165
35698
109540
7490
10191
137
24229
9755
19930
4684
28648
52149
34764
13130
23276
33006
36611
25393
34525
57640
57493
116818
119974
85637
