426
444
470
487
488
514
516
559
611
655
704
709
376
438
491
498
481
471
588
647
404
539
492
333
365
722
350
410
623
507
388
599
293
521
660
592
693
357
461
341
468
358
445
296
557
721
511
657
391
743
313
531
525
407
372
905
872
354
422
531
480
899
869
881
909
438
463
918
419
492
403
764
489
615
305
481
488
374
402
463
285
485
349
937
1129
338
305
1258
427
262
1045
889
441
614
1029
999
270
350
1001
393
280
1028
411
983
357
1054
318
451
974
468
884
1016
289
731
303
330
418
976
384
605
451
475
494
494
493
509
532
560
575
597
646
314
444
506
472
535
581
539
724
305
691
442
387
1491
586
470
337
1204
1307
456
508
443
541
463
1342
426
354
349
463
329
645
293
484
481
508
534
634
555
514
565
307
298
404
517
537
539
522
690
495
464
261
457
581
450
417
262
469
413
468
439
342
521
535
569
293
535
692
435
432
431
401
392
785
858
836
840
900
427
886
288
425
392
403
452
596
1301
379
367
1478
599
360
1675
1733
1803
369
559
1391
1728
1406
527
1437
1326
360
425
1224
1310
467
609
875
805
427
486
517
518
525
617
657
668
666
666
683
702
431
452
354
489
601
463
472
707
559
541
579
704
442
398
450
405
363
634
325
821
403
338
832
560
436
892
553
956
954
330
416
445
490
1011
447
301
327
887
447
914
417
949
554
430
444
954
330
952
961
461
863
278
395
391
867
470
391
429
623
481
543
427
393
367
472
335
559
562
545
314
622
545
413
510
627
535
347
425
390
376
386
576
438
348
765
592
275
320
306
407
633
311
430
436
749
319
370
749
325
544
274
642
364
333
393
489
582
412
376
419
449
455
468
494
502
513
544
612
633
675
423
401
512
332
644
459
508
517
668
728
730
709
438
394
583
367
425
603
302
415
1342
1316
1380
1398
2295
2229
2339
2381
2020
2218
1526
1237
1217
578
5341
5295
1868
2457
1524
486
510
488
628
448
6336
6095
4386
6811
5260
7324
1541
3899
1628
2151
392
408
760
467
482
608
403
436
646
384
861
505
387
562
542
348
550
1100
904
1064
942
409
306
930
437
393
416
311
990
405
985
1010
339
378
892
1004
480
381
1036
952
293
578
471
948
387
533
803
817
410
887
836
401
654
1158
426
444
470
487
488
514
516
559
611
655
704
709
376
438
491
498
481
471
588
647
404
539
492
333
365
722
350
410
623
507
388
599
293
521
660
592
693
357
461
341
468
358
445
296
557
721
511
657
391
743
313
531
525
407
372
905
872
354
422
531
480
899
869
881
909
438
463
918
419
492
403
764
489
615
305
481
488
374
402
463
285
485
349
937
1129
338
305
1258
427
262
1045
889
441
614
1029
999
270
350
1001
393
280
1028
411
983
357
1054
318
451
974
468
884
1016
289
731
303
330
418
976
384
605
451
475
494
494
493
509
532
560
575
597
646
314
444
506
472
535
581
539
724
305
691
442
387
1491
586
470
337
1204
1307
456
508
443
541
463
1342
426
354
349
463
329
645
293
484
481
508
534
634
555
514
565
307
298
404
517
537
539
522
690
495
464
261
457
581
450
417
262
469
413
468
439
342
521
535
569
293
535
692
435
432
431
401
392
785
858
836
840
900
427
886
288
425
392
403
452
596
1301
379
367
1478
599
360
1675
1733
1803
369
559
1391
1728
1406
527
1437
1326
360
425
1224
1310
467
609
875
805
427
486
517
518
525
617
657
668
666
666
683
702
431
452
354
489
601
463
472
707
559
541
579
704
442
398
450
405
363
634
325
821
403
338
832
560
436
892
553
956
954
330
416
445
490
1011
447
301
327
887
447
914
417
949
554
430
444
954
330
952
961
461
863
278
395
391
867
470
391
429
623
481
543
427
393
367
472
335
559
562
545
314
622
545
413
510
627
535
347
425
390
376
386
576
438
348
765
592
275
320
306
407
633
311
430
436
749
319
370
749
325
544
274
642
364
333
393
489
582
412
376
419
449
455
468
494
502
513
544
612
633
675
423
401
512
332
644
459
508
517
668
728
730
709
438
394
583
367
425
603
302
415
1342
1316
1380
1398
2295
2229
2339
2381
2020
2218
1526
1237
1217
578
5341
5295
1868
2457
1524
486
510
488
628
448
6336
6095
4386
6811
5260
7324
1541
3899
1628
2151
392
408
760
467
482
608
403
436
646
384
861
505
387
562
542
348
550
1100
904
1064
942
409
306
930
437
393
416
311
990
405
985
1010
339
378
892
1004
480
381
1036
952
293
578
471
948
387
533
803
817
410
887
836
401
654
1158
426
444
470
487
488
514
516
559
611
655
704
709
376
438
491
498
481
471
588
647
404
539
492
333
365
722
350
410
623
507
388
599
293
521
660
592
693
357
461
341
468
358
445
296
557
721
511
657
391
743
313
531
525
407
372
905
872
354
422
531
480
899
869
881
909
438
463
918
419
492
403
764
489
615
305
481
488
374
402
463
285
485
349
937
1129
338
305
1258
427
262
1045
889
441
614
1029
999
270
350
1001
393
280
1028
411
983
357
1054
318
451
974
468
884
1016
289
731
303
330
418
976
384
605
451
475
494
494
493
509
532
560
575
597
646
314
444
506
472
535
581
539
724
305
691
442
387
1491
586
470
337
1204
1307
456
508
443
541
463
1342
426
354
349
463
329
645
293
484
481
508
534
634
555
514
565
307
298
404
517
537
539
522
690
495
464
261
457
581
450
417
262
469
413
468
439
342
521
535
569
293
535
692
435
432
431
401
392
785
858
836
840
900
427
886
288
425
392
403
452
596
1301
379
367
1478
599
360
1675
1733
1803
369
559
1391
1728
1406
527
1437
1326
360
425
1224
1310
467
609
875
805
427
486
517
518
525
617
657
668
666
666
683
702
431
452
354
489
601
463
472
707
559
541
579
704
442
398
450
405
363
634
325
821
403
338
832
560
436
892
553
956
954
330
416
445
490
1011
447
301
327
887
447
914
417
949
554
430
444
954
330
952
961
461
863
278
395
391
867
470
391
429
623
481
543
427
393
367
472
335
559
562
545
314
622
545
413
510
627
535
347
425
390
376
386
576
438
348
765
592
275
320
306
407
633
311
430
436
749
319
370
749
325
544
274
642
364
333
393
489
582
412
376
419
449
455
468
494
502
513
544
612
633
675
423
401
512
332
644
459
508
517
668
728
730
709
438
394
583
367
425
603
302
415
1342
1316
1380
1398
2295
2229
2339
2381
2020
2218
1526
1237
1217
578
5341
5295
1868
2457
1524
486
510
488
628
448
6336
6095
4386
6811
5260
7324
1541
3899
1628
2151
392
408
760
467
482
608
403
436
646
384
861
505
387
562
542
348
550
1100
904
1064
942
409
306
930
437
393
416
311
990
405
985
1010
339
378
892
1004
480
381
1036
952
293
578
471
948
387
533
803
817
410
887
836
401
654
1158
