135
129
91
129
103
154
178
76
96
143
101
127
115
100
132
78
107
122
121
82
178
122
119
91
80
112
101
136
77
118
125
117
100
119
112
112
116
130
173
131
129
101
120
90
120
124
146
87
106
152
101
118
152
88
107
101
114
221
135
125
110
81
134
234
169
91
96
105
154
105
117
152
87
136
98
110
123
114
129
121
105
84
117
120
111
98
147
101
102
127
85
134
108
132
121
142
95
84
129
131
133
158
110
122
131
137
115
98
122
102
115
140
108
139
98
123
188
140
116
163
151
213
138
133
138
315
101
113
100
163
181
172
113
96
137
125
101
127
137
174
117
121
262
127
191
121
110
250
225
255
268
107
92
117
177
150
100
135
121
99
128
92
106
124
112
130
97
223
88
124
111
198
104
106
82
104
321
112
176
335
183
132
101
183
83
98
150
191
118
114
185
160
177
153
134
159
130
199
121
130
77
130
107
92
104
134
157
152
120
78
170
218
110
174
172
206
79
134
188
156
183
77
118
112
155
110
119
137
181
126
200
99
113
135
107
131
180
133
139
1258
106
179
85
199
126
102
93
101
119
153
130
173
97
117
128
99
119
159
119
113
124
129
91
88
164
100
116
90
118
116
116
179
111
86
88
125
104
116
142
108
176
110
132
96
133
107
97
156
90
191
123
88
124
143
110
87
97
107
100
204
96
128
111
95
82
89
101
91
107
97
146
126
89
98
92
146
116
112
99
88
100
122
123
140
143
106
124
94
91
117
153
132
106
100
124
93
116
109
95
147
102
115
164
133
90
105
151
142
92
128
95
95
95
116
118
103
166
176
137
124
140
150
103
170
88
134
143
115
143
138
158
69
124
121
114
145
110
213
171
118
198
114
190
121
94
99
103
94
85
113
137
111
85
109
121
102
118
154
80
112
84
111
125
106
111
118
80
128
172
114
133
87
107
86
116
133
122
141
89
117
140
168
123
82
114
112
89
119
91
94
130
126
119
121
106
139
93
93
125
95
127
103
97
85
127
150
92
89
109
155
143
80
107
101
138
156
92
85
128
101
176
106
121
104
100
109
148
90
80
90
100
151
111
104
102
70
116
159
191
225
135
129
91
129
103
154
178
76
96
143
101
127
115
100
132
78
107
122
121
82
178
122
119
91
80
112
101
136
77
118
125
117
100
119
112
112
116
130
173
131
129
101
120
90
120
124
146
87
106
152
101
118
152
88
107
101
114
221
135
125
110
81
134
234
169
91
96
105
154
105
117
152
87
136
98
110
123
114
129
121
105
84
117
120
111
98
147
101
102
127
85
134
108
132
121
142
95
84
129
131
133
158
110
122
131
137
115
98
122
102
115
140
108
139
98
123
188
140
116
163
151
213
138
133
138
315
101
113
100
163
181
172
113
96
137
125
101
127
137
174
117
121
262
127
191
121
110
250
225
255
268
107
92
117
177
150
100
135
121
99
128
92
106
124
112
130
97
223
88
124
111
198
104
106
82
104
321
112
176
335
183
132
101
183
83
98
150
191
118
114
185
160
177
153
134
159
130
199
121
130
77
130
107
92
104
134
157
152
120
78
170
218
110
174
172
206
79
134
188
156
183
77
118
112
155
110
119
137
181
126
200
99
113
135
107
131
180
133
139
1258
106
179
85
199
126
102
93
101
119
153
130
173
97
117
128
99
119
159
119
113
124
129
91
88
164
100
116
90
118
116
116
179
111
86
88
125
104
116
142
108
176
110
132
96
133
107
97
156
90
191
123
88
124
143
110
87
97
107
100
204
96
128
111
95
82
89
101
91
107
97
146
126
89
98
92
146
116
112
99
88
100
122
123
140
143
106
124
94
91
117
153
132
106
100
124
93
116
109
95
147
102
115
164
133
90
105
151
142
92
128
95
95
95
116
118
103
166
176
137
124
140
150
103
170
88
134
143
115
143
138
158
69
124
121
114
145
110
213
171
118
198
114
190
121
94
99
103
94
85
113
137
111
85
109
121
102
118
154
80
112
84
111
125
106
111
118
80
128
172
114
133
87
107
86
116
133
122
141
89
117
140
168
123
82
114
112
89
119
91
94
130
126
119
121
106
139
93
93
125
95
127
103
97
85
127
150
92
89
109
155
143
80
107
101
138
156
92
85
128
101
176
106
121
104
100
109
148
90
80
90
100
151
111
104
102
70
116
159
191
225
135
129
91
129
103
154
178
76
96
143
101
127
115
100
132
78
107
122
121
82
178
122
119
91
80
112
101
136
77
118
125
117
100
119
112
112
116
130
173
131
129
101
120
90
120
124
146
87
106
152
101
118
152
88
107
101
114
221
135
125
110
81
134
234
169
91
96
105
154
105
117
152
87
136
98
110
123
114
129
121
105
84
117
120
111
98
147
101
102
127
85
134
108
132
121
142
95
84
129
131
133
158
110
122
131
137
115
98
122
102
115
140
108
139
98
123
188
140
116
163
151
213
138
133
138
315
101
113
100
163
181
172
113
96
137
125
101
127
137
174
117
121
262
127
191
121
110
250
225
255
268
107
92
117
177
150
100
135
121
99
128
92
106
124
112
130
97
223
88
124
111
198
104
106
82
104
321
112
176
335
183
132
101
183
83
98
150
191
118
114
185
160
177
153
134
159
130
199
121
130
77
130
107
92
104
134
157
152
120
78
170
218
110
174
172
206
79
134
188
156
183
77
118
112
155
110
119
137
181
126
200
99
113
135
107
131
180
133
139
1258
106
179
85
199
126
102
93
101
119
153
130
173
97
117
128
99
119
159
119
113
124
129
91
88
164
100
116
90
118
116
116
179
111
86
88
125
104
116
142
108
176
110
132
96
133
107
97
156
90
191
123
88
124
143
110
87
97
107
100
204
96
128
111
95
82
89
101
91
107
97
146
126
89
98
92
146
116
112
99
88
100
122
123
140
143
106
124
94
91
117
153
132
106
100
124
93
116
109
95
147
102
115
164
133
90
105
151
142
92
128
95
95
95
116
118
103
166
176
137
124
140
150
103
170
88
134
143
115
143
138
158
69
124
121
114
145
110
213
171
118
198
114
190
121
94
99
103
94
85
113
137
111
85
109
121
102
118
154
80
112
84
111
125
106
111
118
80
128
172
114
133
87
107
86
116
133
122
141
89
117
140
168
123
82
114
112
89
119
91
94
130
126
119
121
106
139
93
93
125
95
127
103
97
85
127
150
92
89
109
155
143
80
107
101
138
156
92
85
128
101
176
106
121
104
100
109
148
90
80
90
100
151
111
104
102
70
116
159
191
225
