193
185
204
246
274
288
291
306
122
361
361
176
189
113
142
165
241
219
103
156
593
239
139
231
256
130
123
154
443
163
199
206
295
342
152
856
108
179
291
301
220
187
220
260
153
189
263
339
241
155
237
198
281
153
199
216
474
144
175
126
116
212
854
377
296
313
253
302
132
129
198
211
155
110
128
196
218
275
138
283
132
345
95
162
216
218
128
320
361
163
792
311
225
742
628
650
371
13
67
89
17
21
310
29
340
20
23
34
784
14
29
34
23
35
35
24
38
15
34
596
583
775
421
714
653
781
675
612
455
533
858
636
464
676
938
719
629
768
696
801
838
768
496
613
338
545
362
327
288
250
169
347
393
336
337
266
267
421
450
418
604
794
793
918
856
649
1125
715
1110
830
527
814
498
722
485
735
322
390
419
317
151
217
348
311
479
619
414
732
640
569
553
858
838
975
626
609
850
534
785
467
564
531
458
373
397
241
343
452
386
341
348
398
415
500
540
832
745
1013
962
660
995
975
1034
963
1111
587
720
665
90
154
199
353
210
245
171
118
231
179
179
152
224
256
273
306
321
159
183
218
503
238
243
143
158
636
196
135
302
225
790
157
261
848
140
177
993
236
248
294
168
1068
285
190
474
1185
340
168
240
249
234
342
212
256
243
687
592
235
306
529
609
150
93
272
741
157
274
179
232
137
125
239
619
197
622
1039
617
292
190
257
254
162
116
219
137
239
883
1073
240
252
267
161
134
810
903
840
247
109
1030
501
550
527
974
464
1146
336
310
343
356
189
303
421
624
362
375
355
571
409
410
611
604
800
328
738
416
1004
678
1007
1219
1162
655
1201
309
759
736
435
917
846
1122
226
425
608
331
272
638
659
534
396
779
555
708
760
836
825
693
770
1291
757
1016
1083
663
1010
893
961
692
343
545
578
779
212
598
553
533
376
758
548
535
542
533
614
703
546
923
756
878
1089
939
1127
672
1026
163
132
17
20
13
15
141
1280
697
126
260
1057
172
149
20
8
8
7
1189
9
211
213
142
172
1535
687
8
13
261
16
15
246
11
256
269
118
265
194
205
107
328
285
181
209
311
13
269
11
13
21
233
18
182
166
113
182
161
238
229
127
192
148
173
197
193
239
251
275
273
154
356
186
111
159
244
186
272
226
197
233
242
641
242
719
157
143
169
317
431
365
891
186
204
361
297
206
141
1134
151
511
290
228
212
332
261
136
232
528
241
219
289
614
202
307
200
248
386
517
255
159
251
195
270
270
237
1153
167
247
226
212
833
165
206
193
221
279
117
184
525
229
152
123
794
186
175
206
146
500
341
204
186
266
606
349
649
1163
1038
890
830
778
671
969
1031
798
1151
1074
502
678
387
476
667
430
399
476
351
178
618
313
363
490
291
505
322
533
737
590
391
773
546
702
894
1097
1032
1033
863
899
881
894
992
745
628
652
503
636
719
491
180
452
346
241
683
376
481
471
724
577
795
863
690
821
895
580
979
1122
814
1178
656
639
1044
487
579
377
771
759
550
513
449
369
482
653
508
552
516
486
595
770
673
750
882
660
750
1098
956
1086
884
802
873
1355
1256
12
10
9
9
165
170
164
10
8
13
9
13
213
120
840
190
938
212
9
9
9
9
115
13
258
224
135
161
170
10
106
11
8
19
133
9
229
138
133
144
115
138
111
174
179
171
186
232
248
276
135
170
124
209
107
218
498
320
121
252
194
182
620
648
150
192
157
232
265
313
173
121
216
819
181
148
131
148
146
378
244
158
116
126
196
235
128
243
143
1110
225
336
131
151
169
268
135
363
188
223
176
131
318
290
382
143
190
113
224
262
167
189
234
239
194
549
174
168
186
151
193
202
625
279
283
148
295
197
167
251
243
192
126
189
300
168
136
161
119
169
566
170
230
645
459
603
166
147
177
108
202
407
150
206
409
723
453
580
804
234
320
1101
877
568
616
841
856
821
796
1337
846
804
477
328
336
699
875
220
450
632
512
453
646
329
963
275
1469
314
401
572
547
511
662
668
725
727
908
756
861
610
794
1121
909
579
1243
643
997
270
245
991
551
447
579
462
761
568
434
562
523
587
566
625
776
1081
898
829
609
1139
745
494
849
650
940
608
397
263
391
627
515
702
372
417
1391
495
382
404
806
457
541
588
718
700
700
822
839
53
51
93
15
17
17
30
17
23
26
18
15
26
14
14
28
25
15
988
21
932
885
1200
722
1232
978
1309
907
193
185
204
246
274
288
291
306
122
361
361
176
189
113
142
165
241
219
103
156
593
239
139
231
256
130
123
154
443
163
199
206
295
342
152
856
108
179
291
301
220
187
220
260
153
189
263
339
241
155
237
198
281
153
199
216
474
144
175
126
116
212
854
377
296
313
253
302
132
129
198
211
155
110
128
196
218
275
138
283
132
345
95
162
216
218
128
320
361
163
792
311
225
742
628
650
371
13
67
89
17
21
310
29
340
20
23
34
784
14
29
34
23
35
35
24
38
15
34
596
583
775
421
714
653
781
675
612
455
533
858
636
464
676
938
719
629
768
696
801
838
768
496
613
338
545
362
327
288
250
169
347
393
336
337
266
267
421
450
418
604
794
793
918
856
649
1125
715
1110
830
527
814
498
722
485
735
322
390
419
317
151
217
348
311
479
619
414
732
640
569
553
858
838
975
626
609
850
534
785
467
564
531
458
373
397
241
343
452
386
341
348
398
415
500
540
832
745
1013
962
660
995
975
1034
963
1111
587
720
665
90
154
199
353
210
245
171
118
231
179
179
152
224
256
273
306
321
159
183
218
503
238
243
143
158
636
196
135
302
225
790
157
261
848
140
177
993
236
248
294
168
1068
285
190
474
1185
340
168
240
249
234
342
212
256
243
687
592
235
306
529
609
150
93
272
741
157
274
179
232
137
125
239
619
197
622
1039
617
292
190
257
254
162
116
219
137
239
883
1073
240
252
267
161
134
810
903
840
247
109
1030
501
550
527
974
464
1146
336
310
343
356
189
303
421
624
362
375
355
571
409
410
611
604
800
328
738
416
1004
678
1007
1219
1162
655
1201
309
759
736
435
917
846
1122
226
425
608
331
272
638
659
534
396
779
555
708
760
836
825
693
770
1291
757
1016
1083
663
1010
893
961
692
343
545
578
779
212
598
553
533
376
758
548
535
542
533
614
703
546
923
756
878
1089
939
1127
672
1026
163
132
17
20
13
15
141
1280
697
126
260
1057
172
149
20
8
8
7
1189
9
211
213
142
172
1535
687
8
13
261
16
15
246
11
256
269
118
265
194
205
107
328
285
181
209
311
13
269
11
13
21
233
18
182
166
113
182
161
238
229
127
192
148
173
197
193
239
251
275
273
154
356
186
111
159
244
186
272
226
197
233
242
641
242
719
157
143
169
317
431
365
891
186
204
361
297
206
141
1134
151
511
290
228
212
332
261
136
232
528
241
219
289
614
202
307
200
248
386
517
255
159
251
195
270
270
237
1153
167
247
226
212
833
165
206
193
221
279
117
184
525
229
152
123
794
186
175
206
146
500
341
204
186
266
606
349
649
1163
1038
890
830
778
671
969
1031
798
1151
1074
502
678
387
476
667
430
399
476
351
178
618
313
363
490
291
505
322
533
737
590
391
773
546
702
894
1097
1032
1033
863
899
881
894
992
745
628
652
503
636
719
491
180
452
346
241
683
376
481
471
724
577
795
863
690
821
895
580
979
1122
814
1178
656
639
1044
487
579
377
771
759
550
513
449
369
482
653
508
552
516
486
595
770
673
750
882
660
750
1098
956
1086
884
802
873
1355
1256
12
10
9
9
165
170
164
10
8
13
9
13
213
120
840
190
938
212
9
9
9
9
115
13
258
224
135
161
170
10
106
11
8
19
133
9
229
138
133
144
115
138
111
174
179
171
186
232
248
276
135
170
124
209
107
218
498
320
121
252
194
182
620
648
150
192
157
232
265
313
173
121
216
819
181
148
131
148
146
378
244
158
116
126
196
235
128
243
143
1110
225
336
131
151
169
268
135
363
188
223
176
131
318
290
382
143
190
113
224
262
167
189
234
239
194
549
174
168
186
151
193
202
625
279
283
148
295
197
167
251
243
192
126
189
300
168
136
161
119
169
566
170
230
645
459
603
166
147
177
108
202
407
150
206
409
723
453
580
804
234
320
1101
877
568
616
841
856
821
796
1337
846
804
477
328
336
699
875
220
450
632
512
453
646
329
963
275
1469
314
401
572
547
511
662
668
725
727
908
756
861
610
794
1121
909
579
1243
643
997
270
245
991
551
447
579
462
761
568
434
562
523
587
566
625
776
1081
898
829
609
1139
745
494
849
650
940
608
397
263
391
627
515
702
372
417
1391
495
382
404
806
457
541
588
718
700
700
822
839
53
51
93
15
17
17
30
17
23
26
18
15
26
14
14
28
25
15
988
21
932
885
1200
722
1232
978
1309
907
193
185
204
246
274
288
291
306
122
361
361
176
189
113
142
165
241
219
103
156
593
239
139
231
256
130
123
154
443
163
199
206
295
342
152
856
108
179
291
301
220
187
220
260
153
189
263
339
241
155
237
198
281
153
199
216
474
144
175
126
116
212
854
377
296
313
253
302
132
129
198
211
155
110
128
196
218
275
138
283
132
345
95
162
216
218
128
320
361
163
792
311
225
742
628
650
371
13
67
89
17
21
310
29
340
20
23
34
784
14
29
34
23
35
35
24
38
15
34
596
583
775
421
714
653
781
675
612
455
533
858
636
464
676
938
719
629
768
696
801
838
768
496
613
338
545
362
327
288
250
169
347
393
336
337
266
267
421
450
418
604
794
793
918
856
649
1125
715
1110
830
527
814
498
722
485
735
322
390
419
317
151
217
348
311
479
619
414
732
640
569
553
858
838
975
626
609
850
534
785
467
564
531
458
373
397
241
343
452
386
341
348
398
415
500
540
832
745
1013
962
660
995
975
1034
963
1111
587
720
665
90
154
199
353
210
245
171
118
231
179
179
152
224
256
273
306
321
159
183
218
503
238
243
143
158
636
196
135
302
225
790
157
261
848
140
177
993
236
248
294
168
1068
285
190
474
1185
340
168
240
249
234
342
212
256
243
687
592
235
306
529
609
150
93
272
741
157
274
179
232
137
125
239
619
197
622
1039
617
292
190
257
254
162
116
219
137
239
883
1073
240
252
267
161
134
810
903
840
247
109
1030
501
550
527
974
464
1146
336
310
343
356
189
303
421
624
362
375
355
571
409
410
611
604
800
328
738
416
1004
678
1007
1219
1162
655
1201
309
759
736
435
917
846
1122
226
425
608
331
272
638
659
534
396
779
555
708
760
836
825
693
770
1291
757
1016
1083
663
1010
893
961
692
343
545
578
779
212
598
553
533
376
758
548
535
542
533
614
703
546
923
756
878
1089
939
1127
672
1026
163
132
17
20
13
15
141
1280
697
126
260
1057
172
149
20
8
8
7
1189
9
211
213
142
172
1535
687
8
13
261
16
15
246
11
256
269
118
265
194
205
107
328
285
181
209
311
13
269
11
13
21
233
18
182
166
113
182
161
238
229
127
192
148
173
197
193
239
251
275
273
154
356
186
111
159
244
186
272
226
197
233
242
641
242
719
157
143
169
317
431
365
891
186
204
361
297
206
141
1134
151
511
290
228
212
332
261
136
232
528
241
219
289
614
202
307
200
248
386
517
255
159
251
195
270
270
237
1153
167
247
226
212
833
165
206
193
221
279
117
184
525
229
152
123
794
186
175
206
146
500
341
204
186
266
606
349
649
1163
1038
890
830
778
671
969
1031
798
1151
1074
502
678
387
476
667
430
399
476
351
178
618
313
363
490
291
505
322
533
737
590
391
773
546
702
894
1097
1032
1033
863
899
881
894
992
745
628
652
503
636
719
491
180
452
346
241
683
376
481
471
724
577
795
863
690
821
895
580
979
1122
814
1178
656
639
1044
487
579
377
771
759
550
513
449
369
482
653
508
552
516
486
595
770
673
750
882
660
750
1098
956
1086
884
802
873
1355
1256
12
10
9
9
165
170
164
10
8
13
9
13
213
120
840
190
938
212
9
9
9
9
115
13
258
224
135
161
170
10
106
11
8
19
133
9
229
138
133
144
115
138
111
174
179
171
186
232
248
276
135
170
124
209
107
218
498
320
121
252
194
182
620
648
150
192
157
232
265
313
173
121
216
819
181
148
131
148
146
378
244
158
116
126
196
235
128
243
143
1110
225
336
131
151
169
268
135
363
188
223
176
131
318
290
382
143
190
113
224
262
167
189
234
239
194
549
174
168
186
151
193
202
625
279
283
148
295
197
167
251
243
192
126
189
300
168
136
161
119
169
566
170
230
645
459
603
166
147
177
108
202
407
150
206
409
723
453
580
804
234
320
1101
877
568
616
841
856
821
796
1337
846
804
477
328
336
699
875
220
450
632
512
453
646
329
963
275
1469
314
401
572
547
511
662
668
725
727
908
756
861
610
794
1121
909
579
1243
643
997
270
245
991
551
447
579
462
761
568
434
562
523
587
566
625
776
1081
898
829
609
1139
745
494
849
650
940
608
397
263
391
627
515
702
372
417
1391
495
382
404
806
457
541
588
718
700
700
822
839
53
51
93
15
17
17
30
17
23
26
18
15
26
14
14
28
25
15
988
21
932
885
1200
722
1232
978
1309
907
