279
1254
1374
2933
96
4730
5247
10494
11691
63
5200
16657
41
87
49
41
36
40
29
1562
3266
94
12792
15381
23546
20231
21229
21337
29669
37904
37935
42723
47259
7557
45033
40831
24163
49463
44
64755
41
27
29
124
61
55
81
34
63858
73
18999
2567
10597
14749
15060
4933
77149
19947
7099
7023
9928
12049
76337
14511
73877
8725
116
12477
26062
133
105334
92
102
72
38
28
37
35
32
94620
37152
108261
11801
19463
10923
43199
14243
29234
14791
45147
19166
13180
22037
24603
64
7198
843
12443
348
33
36
38
29
37
85
46
40
29143
48836
61
70
31759
38843
33327
58618
61484
67859
56674
57379
98558
288
1363
1584
5388
64
11861
18128
15452
3629
2518
61
75
48
38
54
55
161
18542
26893
27318
23336
1607
3469
89
34120
32938
35534
13287
36146
36764
8856
22427
45450
62231
46936
45516
85
126
81
55
52
104
48
45
109
16860
64
2642
51264
13768
4347
12432
18507
4923
19113
71634
8354
10445
92787
79204
5931
13434
16879
89121
21851
29192
435
409
449
150
148
64
109
81
79
48
601
91278
14260
8924
11876
16501
40800
24854
22334
55275
18190
26631
14875
40575
129261
51513
27474
26889
56
56098
58017
79
80
34
64
58
80
59
52
59
58
50
56
9503
7870
35173
30369
69741
36346
15519
34872
54390
86773
58887
135
1199
1391
6367
33
5111
12875
15614
21309
34
74
49
49
89
109
21
1584
3771
20855
3071
145
27352
26816
11527
27535
34665
34621
34806
37721
46025
9905
39978
24645
58118
50287
102
137
84
453
95
102
72
157
67
67392
68824
50
58131
19585
76456
3974
4546
22839
14983
21781
8337
13080
7854
77101
10248
14570
4497
15458
16262
216
101
80
102
78
83
57
85
55
64
61
9301
29383
12353
42844
39270
109366
28938
20704
46964
128753
12471
10249
14231
13537
26017
143180
25334
54318
31593
40
10576
61
95
161
130
90
52
75
71
68
64
8272
63
56
7365
40135
58803
35864
70274
36808
36980
76684
61792
61360
99787
233
1465
36
5100
7687
12902
5948
14087
2577
35
64
55
45
71
56
46
16539
18813
18831
6082
20586
1189
21877
23756
26065
21385
31054
40060
26327
45173
45177
219
85
3771
6486
9289
62
34546
11693
14387
13099
45978
4400
4589
24470
30954
60319
61010
23566
9541
6852
15501
4313
11275
30618
76508
49862
30925
28678
19740
19323
27662
45
1059
119
60
65
56
55
40
56
60
63
13087
12035
50649
37744
83
110
42
41
38
38
58461
899
25232
117
93
46672
10872
95834
16764
13177
34505
78134
60
45
53
44
46
35
61
36
29
32
50
33051
47
36
15701
118020
35008
30464
57697
81059
53717
60025
57414
75645
56008
279
1254
1374
2933
96
4730
5247
10494
11691
63
5200
16657
41
87
49
41
36
40
29
1562
3266
94
12792
15381
23546
20231
21229
21337
29669
37904
37935
42723
47259
7557
45033
40831
24163
49463
44
64755
41
27
29
124
61
55
81
34
63858
73
18999
2567
10597
14749
15060
4933
77149
19947
7099
7023
9928
12049
76337
14511
73877
8725
116
12477
26062
133
105334
92
102
72
38
28
37
35
32
94620
37152
108261
11801
19463
10923
43199
14243
29234
14791
45147
19166
13180
22037
24603
64
7198
843
12443
348
33
36
38
29
37
85
46
40
29143
48836
61
70
31759
38843
33327
58618
61484
67859
56674
57379
98558
288
1363
1584
5388
64
11861
18128
15452
3629
2518
61
75
48
38
54
55
161
18542
26893
27318
23336
1607
3469
89
34120
32938
35534
13287
36146
36764
8856
22427
45450
62231
46936
45516
85
126
81
55
52
104
48
45
109
16860
64
2642
51264
13768
4347
12432
18507
4923
19113
71634
8354
10445
92787
79204
5931
13434
16879
89121
21851
29192
435
409
449
150
148
64
109
81
79
48
601
91278
14260
8924
11876
16501
40800
24854
22334
55275
18190
26631
14875
40575
129261
51513
27474
26889
56
56098
58017
79
80
34
64
58
80
59
52
59
58
50
56
9503
7870
35173
30369
69741
36346
15519
34872
54390
86773
58887
135
1199
1391
6367
33
5111
12875
15614
21309
34
74
49
49
89
109
21
1584
3771
20855
3071
145
27352
26816
11527
27535
34665
34621
34806
37721
46025
9905
39978
24645
58118
50287
102
137
84
453
95
102
72
157
67
67392
68824
50
58131
19585
76456
3974
4546
22839
14983
21781
8337
13080
7854
77101
10248
14570
4497
15458
16262
216
101
80
102
78
83
57
85
55
64
61
9301
29383
12353
42844
39270
109366
28938
20704
46964
128753
12471
10249
14231
13537
26017
143180
25334
54318
31593
40
10576
61
95
161
130
90
52
75
71
68
64
8272
63
56
7365
40135
58803
35864
70274
36808
36980
76684
61792
61360
99787
233
1465
36
5100
7687
12902
5948
14087
2577
35
64
55
45
71
56
46
16539
18813
18831
6082
20586
1189
21877
23756
26065
21385
31054
40060
26327
45173
45177
219
85
3771
6486
9289
62
34546
11693
14387
13099
45978
4400
4589
24470
30954
60319
61010
23566
9541
6852
15501
4313
11275
30618
76508
49862
30925
28678
19740
19323
27662
45
1059
119
60
65
56
55
40
56
60
63
13087
12035
50649
37744
83
110
42
41
38
38
58461
899
25232
117
93
46672
10872
95834
16764
13177
34505
78134
60
45
53
44
46
35
61
36
29
32
50
33051
47
36
15701
118020
35008
30464
57697
81059
53717
60025
57414
75645
56008
279
1254
1374
2933
96
4730
5247
10494
11691
63
5200
16657
41
87
49
41
36
40
29
1562
3266
94
12792
15381
23546
20231
21229
21337
29669
37904
37935
42723
47259
7557
45033
40831
24163
49463
44
64755
41
27
29
124
61
55
81
34
63858
73
18999
2567
10597
14749
15060
4933
77149
19947
7099
7023
9928
12049
76337
14511
73877
8725
116
12477
26062
133
105334
92
102
72
38
28
37
35
32
94620
37152
108261
11801
19463
10923
43199
14243
29234
14791
45147
19166
13180
22037
24603
64
7198
843
12443
348
33
36
38
29
37
85
46
40
29143
48836
61
70
31759
38843
33327
58618
61484
67859
56674
57379
98558
288
1363
1584
5388
64
11861
18128
15452
3629
2518
61
75
48
38
54
55
161
18542
26893
27318
23336
1607
3469
89
34120
32938
35534
13287
36146
36764
8856
22427
45450
62231
46936
45516
85
126
81
55
52
104
48
45
109
16860
64
2642
51264
13768
4347
12432
18507
4923
19113
71634
8354
10445
92787
79204
5931
13434
16879
89121
21851
29192
435
409
449
150
148
64
109
81
79
48
601
91278
14260
8924
11876
16501
40800
24854
22334
55275
18190
26631
14875
40575
129261
51513
27474
26889
56
56098
58017
79
80
34
64
58
80
59
52
59
58
50
56
9503
7870
35173
30369
69741
36346
15519
34872
54390
86773
58887
135
1199
1391
6367
33
5111
12875
15614
21309
34
74
49
49
89
109
21
1584
3771
20855
3071
145
27352
26816
11527
27535
34665
34621
34806
37721
46025
9905
39978
24645
58118
50287
102
137
84
453
95
102
72
157
67
67392
68824
50
58131
19585
76456
3974
4546
22839
14983
21781
8337
13080
7854
77101
10248
14570
4497
15458
16262
216
101
80
102
78
83
57
85
55
64
61
9301
29383
12353
42844
39270
109366
28938
20704
46964
128753
12471
10249
14231
13537
26017
143180
25334
54318
31593
40
10576
61
95
161
130
90
52
75
71
68
64
8272
63
56
7365
40135
58803
35864
70274
36808
36980
76684
61792
61360
99787
233
1465
36
5100
7687
12902
5948
14087
2577
35
64
55
45
71
56
46
16539
18813
18831
6082
20586
1189
21877
23756
26065
21385
31054
40060
26327
45173
45177
219
85
3771
6486
9289
62
34546
11693
14387
13099
45978
4400
4589
24470
30954
60319
61010
23566
9541
6852
15501
4313
11275
30618
76508
49862
30925
28678
19740
19323
27662
45
1059
119
60
65
56
55
40
56
60
63
13087
12035
50649
37744
83
110
42
41
38
38
58461
899
25232
117
93
46672
10872
95834
16764
13177
34505
78134
60
45
53
44
46
35
61
36
29
32
50
33051
47
36
15701
118020
35008
30464
57697
81059
53717
60025
57414
75645
56008
