425
416
450
512
514
596
592
679
666
740
730
782
404
488
445
394
741
773
486
395
557
821
361
764
302
821
485
767
433
415
273
388
287
427
517
626
579
440
486
560
453
435
446
525
397
567
445
329
489
293
359
635
530
376
370
276
706
662
734
400
315
338
521
416
376
824
848
458
433
607
584
600
511
1123
371
874
960
460
853
874
326
337
763
526
465
431
465
480
443
753
786
722
408
386
376
536
365
473
291
322
459
1099
1167
397
1243
442
1257
1266
388
474
1196
455
798
470
433
939
518
945
581
984
436
472
469
471
523
530
566
616
641
672
738
787
407
398
456
491
386
439
534
524
357
355
601
741
593
420
447
477
496
847
617
472
362
436
386
393
414
463
404
269
321
343
481
681
274
845
716
462
336
509
400
649
264
722
577
714
318
401
498
371
838
696
723
348
463
547
684
473
725
522
603
388
944
909
413
622
917
507
449
1042
1000
1047
1048
624
658
572
499
1205
410
511
1064
549
463
1052
1134
460
454
1239
1140
390
1199
1125
1199
1080
445
428
411
1217
889
397
421
838
372
668
395
834
915
757
792
716
421
439
455
476
469
466
504
457
533
529
609
628
367
387
405
402
385
473
397
422
500
421
453
551
299
423
296
355
398
407
532
352
377
629
348
505
317
625
430
607
406
341
504
418
399
335
403
475
475
470
570
457
514
371
404
464
336
376
446
378
469
415
328
321
306
395
415
513
450
589
326
346
392
354
383
314
720
762
412
768
885
713
631
1000
984
425
1002
626
504
558
607
629
387
395
436
408
486
462
474
350
553
405
494
309
437
464
285
417
748
372
303
277
817
889
541
371
899
900
789
758
417
501
665
714
724
772
739
959
678
1086
426
524
1220
1236
720
1247
600
543
591
336
449
743
490
378
529
625
637
742
747
536
778
380
739
409
342
442
390
590
479
576
441
291
630
391
452
647
534
358
417
481
314
453
412
365
392
600
294
636
460
749
756
745
431
446
285
407
763
538
798
314
408
415
495
514
699
545
544
423
399
285
402
354
487
372
439
434
387
389
449
419
287
618
444
425
388
308
383
471
488
646
519
785
650
941
851
991
796
696
700
931
778
305
430
565
898
635
672
692
652
862
425
416
450
512
514
596
592
679
666
740
730
782
404
488
445
394
741
773
486
395
557
821
361
764
302
821
485
767
433
415
273
388
287
427
517
626
579
440
486
560
453
435
446
525
397
567
445
329
489
293
359
635
530
376
370
276
706
662
734
400
315
338
521
416
376
824
848
458
433
607
584
600
511
1123
371
874
960
460
853
874
326
337
763
526
465
431
465
480
443
753
786
722
408
386
376
536
365
473
291
322
459
1099
1167
397
1243
442
1257
1266
388
474
1196
455
798
470
433
939
518
945
581
984
436
472
469
471
523
530
566
616
641
672
738
787
407
398
456
491
386
439
534
524
357
355
601
741
593
420
447
477
496
847
617
472
362
436
386
393
414
463
404
269
321
343
481
681
274
845
716
462
336
509
400
649
264
722
577
714
318
401
498
371
838
696
723
348
463
547
684
473
725
522
603
388
944
909
413
622
917
507
449
1042
1000
1047
1048
624
658
572
499
1205
410
511
1064
549
463
1052
1134
460
454
1239
1140
390
1199
1125
1199
1080
445
428
411
1217
889
397
421
838
372
668
395
834
915
757
792
716
421
439
455
476
469
466
504
457
533
529
609
628
367
387
405
402
385
473
397
422
500
421
453
551
299
423
296
355
398
407
532
352
377
629
348
505
317
625
430
607
406
341
504
418
399
335
403
475
475
470
570
457
514
371
404
464
336
376
446
378
469
415
328
321
306
395
415
513
450
589
326
346
392
354
383
314
720
762
412
768
885
713
631
1000
984
425
1002
626
504
558
607
629
387
395
436
408
486
462
474
350
553
405
494
309
437
464
285
417
748
372
303
277
817
889
541
371
899
900
789
758
417
501
665
714
724
772
739
959
678
1086
426
524
1220
1236
720
1247
600
543
591
336
449
743
490
378
529
625
637
742
747
536
778
380
739
409
342
442
390
590
479
576
441
291
630
391
452
647
534
358
417
481
314
453
412
365
392
600
294
636
460
749
756
745
431
446
285
407
763
538
798
314
408
415
495
514
699
545
544
423
399
285
402
354
487
372
439
434
387
389
449
419
287
618
444
425
388
308
383
471
488
646
519
785
650
941
851
991
796
696
700
931
778
305
430
565
898
635
672
692
652
862
425
416
450
512
514
596
592
679
666
740
730
782
404
488
445
394
741
773
486
395
557
821
361
764
302
821
485
767
433
415
273
388
287
427
517
626
579
440
486
560
453
435
446
525
397
567
445
329
489
293
359
635
530
376
370
276
706
662
734
400
315
338
521
416
376
824
848
458
433
607
584
600
511
1123
371
874
960
460
853
874
326
337
763
526
465
431
465
480
443
753
786
722
408
386
376
536
365
473
291
322
459
1099
1167
397
1243
442
1257
1266
388
474
1196
455
798
470
433
939
518
945
581
984
436
472
469
471
523
530
566
616
641
672
738
787
407
398
456
491
386
439
534
524
357
355
601
741
593
420
447
477
496
847
617
472
362
436
386
393
414
463
404
269
321
343
481
681
274
845
716
462
336
509
400
649
264
722
577
714
318
401
498
371
838
696
723
348
463
547
684
473
725
522
603
388
944
909
413
622
917
507
449
1042
1000
1047
1048
624
658
572
499
1205
410
511
1064
549
463
1052
1134
460
454
1239
1140
390
1199
1125
1199
1080
445
428
411
1217
889
397
421
838
372
668
395
834
915
757
792
716
421
439
455
476
469
466
504
457
533
529
609
628
367
387
405
402
385
473
397
422
500
421
453
551
299
423
296
355
398
407
532
352
377
629
348
505
317
625
430
607
406
341
504
418
399
335
403
475
475
470
570
457
514
371
404
464
336
376
446
378
469
415
328
321
306
395
415
513
450
589
326
346
392
354
383
314
720
762
412
768
885
713
631
1000
984
425
1002
626
504
558
607
629
387
395
436
408
486
462
474
350
553
405
494
309
437
464
285
417
748
372
303
277
817
889
541
371
899
900
789
758
417
501
665
714
724
772
739
959
678
1086
426
524
1220
1236
720
1247
600
543
591
336
449
743
490
378
529
625
637
742
747
536
778
380
739
409
342
442
390
590
479
576
441
291
630
391
452
647
534
358
417
481
314
453
412
365
392
600
294
636
460
749
756
745
431
446
285
407
763
538
798
314
408
415
495
514
699
545
544
423
399
285
402
354
487
372
439
434
387
389
449
419
287
618
444
425
388
308
383
471
488
646
519
785
650
941
851
991
796
696
700
931
778
305
430
565
898
635
672
692
652
862
