295
133
127
108
154
121
130
125
128
103
340
174
110
119
173
106
117
159
147
196
192
223
108
104
227
102
121
224
94
107
127
140
159
123
237
126
196
104
245
239
211
118
232
141
143
96
156
111
119
123
177
171
148
158
191
141
106
155
106
110
93
156
141
99
118
82
107
110
148
114
197
121
113
132
146
126
108
194
106
122
194
117
123
119
140
70
245
159
187
181
110
123
133
196
97
115
101
121
170
253
242
209
189
107
162
168
186
149
198
220
142
107
185
95
190
112
192
115
207
196
113
114
167
137
234
99
157
98
168
190
127
106
143
218
113
133
128
118
167
141
70
118
114
127
91
155
152
77
120
138
80
100
135
172
152
120
78
147
116
138
91
91
130
111
77
96
104
160
91
125
123
120
120
90
113
102
119
171
115
84
91
130
112
96
112
125
125
157
98
121
132
85
103
124
127
124
131
108
96
133
141
103
122
85
115
208
105
87
130
124
126
139
122
85
128
156
104
87
84
127
120
161
121
122
113
90
139
105
97
224
103
250
223
134
108
84
121
98
140
213
101
144
89
147
77
93
125
143
78
145
97
119
114
128
151
121
81
145
99
148
115
117
109
107
141
124
147
113
154
110
140
96
116
167
216
123
86
138
84
131
111
88
149
132
249
187
91
79
170
109
89
120
144
74
92
161
123
143
133
107
72
170
116
132
98
136
163
113
108
74
133
110
108
153
113
73
98
189
119
170
141
74
103
110
137
205
97
136
124
111
142
139
97
152
89
109
100
125
120
130
111
121
96
77
102
127
113
125
106
74
89
146
121
195
126
140
95
107
113
157
161
317
324
320
115
102
136
114
108
258
246
142
253
119
106
105
128
116
245
122
125
206
89
148
114
120
132
113
110
270
147
116
129
108
109
113
223
120
242
117
118
131
124
294
117
118
236
187
192
191
238
107
247
125
114
256
314
131
103
219
215
128
101
117
179
153
184
215
183
198
111
89
172
121
178
179
207
124
184
262
139
150
117
249
180
145
130
133
215
172
301
231
109
129
287
133
117
153
176
141
143
154
143
181
170
151
108
131
133
110
119
170
147
230
182
107
113
117
129
189
295
133
127
108
154
121
130
125
128
103
340
174
110
119
173
106
117
159
147
196
192
223
108
104
227
102
121
224
94
107
127
140
159
123
237
126
196
104
245
239
211
118
232
141
143
96
156
111
119
123
177
171
148
158
191
141
106
155
106
110
93
156
141
99
118
82
107
110
148
114
197
121
113
132
146
126
108
194
106
122
194
117
123
119
140
70
245
159
187
181
110
123
133
196
97
115
101
121
170
253
242
209
189
107
162
168
186
149
198
220
142
107
185
95
190
112
192
115
207
196
113
114
167
137
234
99
157
98
168
190
127
106
143
218
113
133
128
118
167
141
70
118
114
127
91
155
152
77
120
138
80
100
135
172
152
120
78
147
116
138
91
91
130
111
77
96
104
160
91
125
123
120
120
90
113
102
119
171
115
84
91
130
112
96
112
125
125
157
98
121
132
85
103
124
127
124
131
108
96
133
141
103
122
85
115
208
105
87
130
124
126
139
122
85
128
156
104
87
84
127
120
161
121
122
113
90
139
105
97
224
103
250
223
134
108
84
121
98
140
213
101
144
89
147
77
93
125
143
78
145
97
119
114
128
151
121
81
145
99
148
115
117
109
107
141
124
147
113
154
110
140
96
116
167
216
123
86
138
84
131
111
88
149
132
249
187
91
79
170
109
89
120
144
74
92
161
123
143
133
107
72
170
116
132
98
136
163
113
108
74
133
110
108
153
113
73
98
189
119
170
141
74
103
110
137
205
97
136
124
111
142
139
97
152
89
109
100
125
120
130
111
121
96
77
102
127
113
125
106
74
89
146
121
195
126
140
95
107
113
157
161
317
324
320
115
102
136
114
108
258
246
142
253
119
106
105
128
116
245
122
125
206
89
148
114
120
132
113
110
270
147
116
129
108
109
113
223
120
242
117
118
131
124
294
117
118
236
187
192
191
238
107
247
125
114
256
314
131
103
219
215
128
101
117
179
153
184
215
183
198
111
89
172
121
178
179
207
124
184
262
139
150
117
249
180
145
130
133
215
172
301
231
109
129
287
133
117
153
176
141
143
154
143
181
170
151
108
131
133
110
119
170
147
230
182
107
113
117
129
189
295
133
127
108
154
121
130
125
128
103
340
174
110
119
173
106
117
159
147
196
192
223
108
104
227
102
121
224
94
107
127
140
159
123
237
126
196
104
245
239
211
118
232
141
143
96
156
111
119
123
177
171
148
158
191
141
106
155
106
110
93
156
141
99
118
82
107
110
148
114
197
121
113
132
146
126
108
194
106
122
194
117
123
119
140
70
245
159
187
181
110
123
133
196
97
115
101
121
170
253
242
209
189
107
162
168
186
149
198
220
142
107
185
95
190
112
192
115
207
196
113
114
167
137
234
99
157
98
168
190
127
106
143
218
113
133
128
118
167
141
70
118
114
127
91
155
152
77
120
138
80
100
135
172
152
120
78
147
116
138
91
91
130
111
77
96
104
160
91
125
123
120
120
90
113
102
119
171
115
84
91
130
112
96
112
125
125
157
98
121
132
85
103
124
127
124
131
108
96
133
141
103
122
85
115
208
105
87
130
124
126
139
122
85
128
156
104
87
84
127
120
161
121
122
113
90
139
105
97
224
103
250
223
134
108
84
121
98
140
213
101
144
89
147
77
93
125
143
78
145
97
119
114
128
151
121
81
145
99
148
115
117
109
107
141
124
147
113
154
110
140
96
116
167
216
123
86
138
84
131
111
88
149
132
249
187
91
79
170
109
89
120
144
74
92
161
123
143
133
107
72
170
116
132
98
136
163
113
108
74
133
110
108
153
113
73
98
189
119
170
141
74
103
110
137
205
97
136
124
111
142
139
97
152
89
109
100
125
120
130
111
121
96
77
102
127
113
125
106
74
89
146
121
195
126
140
95
107
113
157
161
317
324
320
115
102
136
114
108
258
246
142
253
119
106
105
128
116
245
122
125
206
89
148
114
120
132
113
110
270
147
116
129
108
109
113
223
120
242
117
118
131
124
294
117
118
236
187
192
191
238
107
247
125
114
256
314
131
103
219
215
128
101
117
179
153
184
215
183
198
111
89
172
121
178
179
207
124
184
262
139
150
117
249
180
145
130
133
215
172
301
231
109
129
287
133
117
153
176
141
143
154
143
181
170
151
108
131
133
110
119
170
147
230
182
107
113
117
129
189
