179
229
260
260
285
294
291
292
144
329
372
187
148
133
220
245
244
145
577
132
330
142
289
334
149
110
150
214
232
507
210
170
797
147
280
190
177
269
193
196
232
343
246
300
171
192
143
146
88
286
239
169
292
280
133
158
203
219
161
572
150
114
188
423
445
165
129
124
156
476
235
94
191
277
210
295
155
199
262
146
160
263
92
339
181
175
196
141
181
84
237
138
203
221
150
306
162
193
317
112
181
593
838
277
589
416
662
751
1205
592
541
625
753
726
722
1005
655
651
843
692
831
946
914
545
1047
441
799
396
809
550
643
306
1105
241
229
328
487
339
433
369
464
353
1254
428
441
609
531
607
539
564
502
657
532
702
649
867
549
837
1192
713
934
1073
325
412
556
788
728
331
274
683
396
474
435
551
577
1817
625
654
785
645
565
690
346
729
453
487
631
558
528
1127
1034
318
332
1040
1082
395
291
412
1092
434
487
322
543
425
725
615
678
610
958
26
21
26
24
846
13
9
985
12
19
19
15
1131
37
19
1174
16
17
18
28
12
30
34
595
935
1357
383
668
984
1056
1446
220
241
266
282
334
121
167
203
187
109
154
576
228
661
217
184
246
725
184
124
185
193
909
266
966
991
272
165
1087
208
186
121
274
323
606
197
251
788
189
227
759
443
319
185
189
266
310
302
165
764
675
829
303
194
193
162
229
227
151
692
165
653
250
199
140
414
267
361
144
949
95
269
253
593
732
289
256
246
228
572
707
114
322
195
247
118
104
177
193
251
843
277
240
1278
932
363
374
940
126
851
254
289
488
599
629
1243
398
556
839
742
716
905
1133
838
1199
292
584
809
778
309
393
562
155
870
562
290
275
330
271
457
557
806
15
21
1076
109
68
459
151
162
538
502
660
440
522
450
206
335
243
211
969
121
158
104
49
69
28
36
1232
65
925
166
19
256
25
27
22
28
21
28
1415
33
28
22
601
990
909
561
990
779
220
726
172
485
441
401
425
478
578
727
771
618
574
959
908
1018
839
493
640
1090
747
676
763
352
602
593
372
353
445
412
377
430
360
482
722
680
675
869
993
803
793
828
1149
802
1151
134
105
853
166
886
253
1037
242
301
168
125
117
109
176
245
159
222
240
251
101
259
287
317
111
102
336
143
182
109
217
197
226
153
556
169
146
248
162
153
110
149
732
156
138
191
428
345
228
216
251
197
1045
163
521
250
248
1151
197
175
313
335
221
133
154
270
349
716
142
333
217
319
283
248
598
194
241
666
187
186
177
111
110
128
255
103
503
156
202
433
330
941
143
194
306
250
294
160
273
193
143
752
182
204
787
323
101
171
201
729
895
921
990
825
1123
771
939
876
860
715
1100
1012
841
601
612
623
532
521
480
206
332
430
309
287
341
318
566
461
386
416
501
623
393
671
465
642
872
956
1158
878
1037
770
797
815
783
685
926
673
768
474
402
786
177
662
440
437
286
339
413
597
544
737
526
549
597
648
819
943
900
1111
994
1209
946
1193
1061
471
675
786
763
557
610
495
684
706
552
426
444
603
597
618
650
644
595
675
722
972
898
969
867
1080
849
1317
1309
1493
1120
18
21
18
15
269
915
239
314
266
346
901
10
107
9
10
10
15
247
13
8
13
18
10
218
171
150
183
154
111
14
14
8
8
21
135
154
108
125
163
174
162
182
201
208
218
235
247
245
283
297
112
292
292
297
132
151
169
192
233
158
160
174
150
223
314
254
151
262
152
219
189
425
234
204
295
158
358
246
136
120
263
134
357
220
207
111
344
142
140
364
208
572
182
207
100
118
183
173
334
199
88
395
137
199
188
264
95
162
179
200
224
301
139
218
100
125
205
267
105
298
167
102
121
159
236
207
125
331
116
166
309
156
107
170
247
295
330
237
171
354
230
337
618
538
621
555
706
640
919
870
470
518
526
768
710
1237
587
638
830
924
944
767
936
508
853
1015
703
475
334
414
243
747
213
1068
259
505
333
298
508
317
1302
384
585
437
444
487
557
410
642
736
590
724
823
680
694
902
314
949
1041
855
229
716
525
227
1373
286
702
1023
484
314
434
503
398
441
468
1267
443
680
496
583
652
696
359
921
895
903
521
766
777
722
757
509
392
232
760
582
446
379
454
347
558
370
1310
377
477
563
671
665
754
767
862
813
10
21
909
14
27
832
19
22
25
46
36
43
45
39
57
36
52
50
36
39
29
1029
1043
796
629
1208
1155
979
820
179
229
260
260
285
294
291
292
144
329
372
187
148
133
220
245
244
145
577
132
330
142
289
334
149
110
150
214
232
507
210
170
797
147
280
190
177
269
193
196
232
343
246
300
171
192
143
146
88
286
239
169
292
280
133
158
203
219
161
572
150
114
188
423
445
165
129
124
156
476
235
94
191
277
210
295
155
199
262
146
160
263
92
339
181
175
196
141
181
84
237
138
203
221
150
306
162
193
317
112
181
593
838
277
589
416
662
751
1205
592
541
625
753
726
722
1005
655
651
843
692
831
946
914
545
1047
441
799
396
809
550
643
306
1105
241
229
328
487
339
433
369
464
353
1254
428
441
609
531
607
539
564
502
657
532
702
649
867
549
837
1192
713
934
1073
325
412
556
788
728
331
274
683
396
474
435
551
577
1817
625
654
785
645
565
690
346
729
453
487
631
558
528
1127
1034
318
332
1040
1082
395
291
412
1092
434
487
322
543
425
725
615
678
610
958
26
21
26
24
846
13
9
985
12
19
19
15
1131
37
19
1174
16
17
18
28
12
30
34
595
935
1357
383
668
984
1056
1446
220
241
266
282
334
121
167
203
187
109
154
576
228
661
217
184
246
725
184
124
185
193
909
266
966
991
272
165
1087
208
186
121
274
323
606
197
251
788
189
227
759
443
319
185
189
266
310
302
165
764
675
829
303
194
193
162
229
227
151
692
165
653
250
199
140
414
267
361
144
949
95
269
253
593
732
289
256
246
228
572
707
114
322
195
247
118
104
177
193
251
843
277
240
1278
932
363
374
940
126
851
254
289
488
599
629
1243
398
556
839
742
716
905
1133
838
1199
292
584
809
778
309
393
562
155
870
562
290
275
330
271
457
557
806
15
21
1076
109
68
459
151
162
538
502
660
440
522
450
206
335
243
211
969
121
158
104
49
69
28
36
1232
65
925
166
19
256
25
27
22
28
21
28
1415
33
28
22
601
990
909
561
990
779
220
726
172
485
441
401
425
478
578
727
771
618
574
959
908
1018
839
493
640
1090
747
676
763
352
602
593
372
353
445
412
377
430
360
482
722
680
675
869
993
803
793
828
1149
802
1151
134
105
853
166
886
253
1037
242
301
168
125
117
109
176
245
159
222
240
251
101
259
287
317
111
102
336
143
182
109
217
197
226
153
556
169
146
248
162
153
110
149
732
156
138
191
428
345
228
216
251
197
1045
163
521
250
248
1151
197
175
313
335
221
133
154
270
349
716
142
333
217
319
283
248
598
194
241
666
187
186
177
111
110
128
255
103
503
156
202
433
330
941
143
194
306
250
294
160
273
193
143
752
182
204
787
323
101
171
201
729
895
921
990
825
1123
771
939
876
860
715
1100
1012
841
601
612
623
532
521
480
206
332
430
309
287
341
318
566
461
386
416
501
623
393
671
465
642
872
956
1158
878
1037
770
797
815
783
685
926
673
768
474
402
786
177
662
440
437
286
339
413
597
544
737
526
549
597
648
819
943
900
1111
994
1209
946
1193
1061
471
675
786
763
557
610
495
684
706
552
426
444
603
597
618
650
644
595
675
722
972
898
969
867
1080
849
1317
1309
1493
1120
18
21
18
15
269
915
239
314
266
346
901
10
107
9
10
10
15
247
13
8
13
18
10
218
171
150
183
154
111
14
14
8
8
21
135
154
108
125
163
174
162
182
201
208
218
235
247
245
283
297
112
292
292
297
132
151
169
192
233
158
160
174
150
223
314
254
151
262
152
219
189
425
234
204
295
158
358
246
136
120
263
134
357
220
207
111
344
142
140
364
208
572
182
207
100
118
183
173
334
199
88
395
137
199
188
264
95
162
179
200
224
301
139
218
100
125
205
267
105
298
167
102
121
159
236
207
125
331
116
166
309
156
107
170
247
295
330
237
171
354
230
337
618
538
621
555
706
640
919
870
470
518
526
768
710
1237
587
638
830
924
944
767
936
508
853
1015
703
475
334
414
243
747
213
1068
259
505
333
298
508
317
1302
384
585
437
444
487
557
410
642
736
590
724
823
680
694
902
314
949
1041
855
229
716
525
227
1373
286
702
1023
484
314
434
503
398
441
468
1267
443
680
496
583
652
696
359
921
895
903
521
766
777
722
757
509
392
232
760
582
446
379
454
347
558
370
1310
377
477
563
671
665
754
767
862
813
10
21
909
14
27
832
19
22
25
46
36
43
45
39
57
36
52
50
36
39
29
1029
1043
796
629
1208
1155
979
820
179
229
260
260
285
294
291
292
144
329
372
187
148
133
220
245
244
145
577
132
330
142
289
334
149
110
150
214
232
507
210
170
797
147
280
190
177
269
193
196
232
343
246
300
171
192
143
146
88
286
239
169
292
280
133
158
203
219
161
572
150
114
188
423
445
165
129
124
156
476
235
94
191
277
210
295
155
199
262
146
160
263
92
339
181
175
196
141
181
84
237
138
203
221
150
306
162
193
317
112
181
593
838
277
589
416
662
751
1205
592
541
625
753
726
722
1005
655
651
843
692
831
946
914
545
1047
441
799
396
809
550
643
306
1105
241
229
328
487
339
433
369
464
353
1254
428
441
609
531
607
539
564
502
657
532
702
649
867
549
837
1192
713
934
1073
325
412
556
788
728
331
274
683
396
474
435
551
577
1817
625
654
785
645
565
690
346
729
453
487
631
558
528
1127
1034
318
332
1040
1082
395
291
412
1092
434
487
322
543
425
725
615
678
610
958
26
21
26
24
846
13
9
985
12
19
19
15
1131
37
19
1174
16
17
18
28
12
30
34
595
935
1357
383
668
984
1056
1446
220
241
266
282
334
121
167
203
187
109
154
576
228
661
217
184
246
725
184
124
185
193
909
266
966
991
272
165
1087
208
186
121
274
323
606
197
251
788
189
227
759
443
319
185
189
266
310
302
165
764
675
829
303
194
193
162
229
227
151
692
165
653
250
199
140
414
267
361
144
949
95
269
253
593
732
289
256
246
228
572
707
114
322
195
247
118
104
177
193
251
843
277
240
1278
932
363
374
940
126
851
254
289
488
599
629
1243
398
556
839
742
716
905
1133
838
1199
292
584
809
778
309
393
562
155
870
562
290
275
330
271
457
557
806
15
21
1076
109
68
459
151
162
538
502
660
440
522
450
206
335
243
211
969
121
158
104
49
69
28
36
1232
65
925
166
19
256
25
27
22
28
21
28
1415
33
28
22
601
990
909
561
990
779
220
726
172
485
441
401
425
478
578
727
771
618
574
959
908
1018
839
493
640
1090
747
676
763
352
602
593
372
353
445
412
377
430
360
482
722
680
675
869
993
803
793
828
1149
802
1151
134
105
853
166
886
253
1037
242
301
168
125
117
109
176
245
159
222
240
251
101
259
287
317
111
102
336
143
182
109
217
197
226
153
556
169
146
248
162
153
110
149
732
156
138
191
428
345
228
216
251
197
1045
163
521
250
248
1151
197
175
313
335
221
133
154
270
349
716
142
333
217
319
283
248
598
194
241
666
187
186
177
111
110
128
255
103
503
156
202
433
330
941
143
194
306
250
294
160
273
193
143
752
182
204
787
323
101
171
201
729
895
921
990
825
1123
771
939
876
860
715
1100
1012
841
601
612
623
532
521
480
206
332
430
309
287
341
318
566
461
386
416
501
623
393
671
465
642
872
956
1158
878
1037
770
797
815
783
685
926
673
768
474
402
786
177
662
440
437
286
339
413
597
544
737
526
549
597
648
819
943
900
1111
994
1209
946
1193
1061
471
675
786
763
557
610
495
684
706
552
426
444
603
597
618
650
644
595
675
722
972
898
969
867
1080
849
1317
1309
1493
1120
18
21
18
15
269
915
239
314
266
346
901
10
107
9
10
10
15
247
13
8
13
18
10
218
171
150
183
154
111
14
14
8
8
21
135
154
108
125
163
174
162
182
201
208
218
235
247
245
283
297
112
292
292
297
132
151
169
192
233
158
160
174
150
223
314
254
151
262
152
219
189
425
234
204
295
158
358
246
136
120
263
134
357
220
207
111
344
142
140
364
208
572
182
207
100
118
183
173
334
199
88
395
137
199
188
264
95
162
179
200
224
301
139
218
100
125
205
267
105
298
167
102
121
159
236
207
125
331
116
166
309
156
107
170
247
295
330
237
171
354
230
337
618
538
621
555
706
640
919
870
470
518
526
768
710
1237
587
638
830
924
944
767
936
508
853
1015
703
475
334
414
243
747
213
1068
259
505
333
298
508
317
1302
384
585
437
444
487
557
410
642
736
590
724
823
680
694
902
314
949
1041
855
229
716
525
227
1373
286
702
1023
484
314
434
503
398
441
468
1267
443
680
496
583
652
696
359
921
895
903
521
766
777
722
757
509
392
232
760
582
446
379
454
347
558
370
1310
377
477
563
671
665
754
767
862
813
10
21
909
14
27
832
19
22
25
46
36
43
45
39
57
36
52
50
36
39
29
1029
1043
796
629
1208
1155
979
820
