2550
5280
6512
2991
9854
6677
13340
16014
109
24147
25338
25237
1682
16644
11695
30471
30705
343
106
7514
3927
19116
13198
1287
24112
40281
19499
17093
16272
24942
51572
11465
31226
8337
11309
11752
57344
96
98
8980
6027
63
61
72
54
51
162
47
43
39387
12124
51339
36856
112
16117
111
113
82
40192
15042
28201
26945
44538
58236
12113
68
67
37
49
46
51
77
54
59
11550
89
63
83
18576
18302
1733
50
72342
83
11882
49
32
36
39
40
40
64
42
41
39
44
50
60
11335
10708
57244
25259
20598
56245
52799
54713
26598
102858
37975
96560
27748
59298
33632
92109
53305
104634
49632
65730
62242
91950
131
1575
2040
7551
58
4856
11399
13302
1999
41
54
57
83
68
57
50
22153
1526
6537
24834
112
19687
3695
27085
33597
30398
35739
38720
33219
42967
10399
42764
38860
53961
48948
28606
259
209
15442
59
71
97
92
56
120
74
50
4289
68174
63263
14754
5889
13023
13212
77521
60306
7150
23368
9588
8301
12461
116
131
115
12957
12412
8991
24453
14075
95984
143
10784
117
83
36
83
66
76
49
39213
31858
23468
10197
119855
12553
26099
119416
48679
18842
8098
15605
37322
50089
10593
69
10386
57
42
26511
46
51
36
44
28
43
56
49
49
47
31504
7778
29844
55198
38928
60617
38151
69284
69913
62625
88583
116
1138
1894
6101
196
6144
12600
13600
19269
29
32
37
31
27
27
52
2459
1680
3487
72
25225
9024
31310
37850
37859
41014
37866
37986
41064
33731
10346
37917
28377
49886
71951
49
89
40
29
29
27
25
23
32
61739
58581
73
17960
3458
59883
13491
5630
26610
16748
15117
7517
9252
75939
74533
92081
8828
100603
9081
14160
105
13064
145
336
311
105
97
152
57
94
73
111
14224
7873
109273
28986
37419
25182
17227
17124
11952
41755
9959
13076
10356
24576
51824
24651
23377
30306
47
12793
87
104
49
78
96
235
64
83
66
54
53388
77
67
6638
11286
46369
40022
67210
66194
34338
77366
57254
92411
65042
1873
3745
5004
6900
12108
13255
9068
2315
1365
18050
15205
21276
2971
25867
26343
11256
95
4076
8241
115
98
21625
22333
36719
10112
11635
46562
112
14494
33701
108
6706
23953
4898
28172
59064
9283
37460
25065
10837
14359
101
58
43
39
28
37
32
35
39
25307
56000
14386
24086
49294
74867
295
59
127
1272
24657
43036
6864
50754
11966
78
56754
104
62
48
35
110
47
44
39
37
74
53
45
56
87
51
97
81
80
46
38
55
54
63
65
10493
109075
20660
16804
65
69
48340
11601
21020
19445
10541
36415
95035
51424
10726
10659
24649
33527
4673
83251
57315
55402
33985
89154
47890
37565
58402
51871
92207
2550
5280
6512
2991
9854
6677
13340
16014
109
24147
25338
25237
1682
16644
11695
30471
30705
343
106
7514
3927
19116
13198
1287
24112
40281
19499
17093
16272
24942
51572
11465
31226
8337
11309
11752
57344
96
98
8980
6027
63
61
72
54
51
162
47
43
39387
12124
51339
36856
112
16117
111
113
82
40192
15042
28201
26945
44538
58236
12113
68
67
37
49
46
51
77
54
59
11550
89
63
83
18576
18302
1733
50
72342
83
11882
49
32
36
39
40
40
64
42
41
39
44
50
60
11335
10708
57244
25259
20598
56245
52799
54713
26598
102858
37975
96560
27748
59298
33632
92109
53305
104634
49632
65730
62242
91950
131
1575
2040
7551
58
4856
11399
13302
1999
41
54
57
83
68
57
50
22153
1526
6537
24834
112
19687
3695
27085
33597
30398
35739
38720
33219
42967
10399
42764
38860
53961
48948
28606
259
209
15442
59
71
97
92
56
120
74
50
4289
68174
63263
14754
5889
13023
13212
77521
60306
7150
23368
9588
8301
12461
116
131
115
12957
12412
8991
24453
14075
95984
143
10784
117
83
36
83
66
76
49
39213
31858
23468
10197
119855
12553
26099
119416
48679
18842
8098
15605
37322
50089
10593
69
10386
57
42
26511
46
51
36
44
28
43
56
49
49
47
31504
7778
29844
55198
38928
60617
38151
69284
69913
62625
88583
116
1138
1894
6101
196
6144
12600
13600
19269
29
32
37
31
27
27
52
2459
1680
3487
72
25225
9024
31310
37850
37859
41014
37866
37986
41064
33731
10346
37917
28377
49886
71951
49
89
40
29
29
27
25
23
32
61739
58581
73
17960
3458
59883
13491
5630
26610
16748
15117
7517
9252
75939
74533
92081
8828
100603
9081
14160
105
13064
145
336
311
105
97
152
57
94
73
111
14224
7873
109273
28986
37419
25182
17227
17124
11952
41755
9959
13076
10356
24576
51824
24651
23377
30306
47
12793
87
104
49
78
96
235
64
83
66
54
53388
77
67
6638
11286
46369
40022
67210
66194
34338
77366
57254
92411
65042
1873
3745
5004
6900
12108
13255
9068
2315
1365
18050
15205
21276
2971
25867
26343
11256
95
4076
8241
115
98
21625
22333
36719
10112
11635
46562
112
14494
33701
108
6706
23953
4898
28172
59064
9283
37460
25065
10837
14359
101
58
43
39
28
37
32
35
39
25307
56000
14386
24086
49294
74867
295
59
127
1272
24657
43036
6864
50754
11966
78
56754
104
62
48
35
110
47
44
39
37
74
53
45
56
87
51
97
81
80
46
38
55
54
63
65
10493
109075
20660
16804
65
69
48340
11601
21020
19445
10541
36415
95035
51424
10726
10659
24649
33527
4673
83251
57315
55402
33985
89154
47890
37565
58402
51871
92207
2550
5280
6512
2991
9854
6677
13340
16014
109
24147
25338
25237
1682
16644
11695
30471
30705
343
106
7514
3927
19116
13198
1287
24112
40281
19499
17093
16272
24942
51572
11465
31226
8337
11309
11752
57344
96
98
8980
6027
63
61
72
54
51
162
47
43
39387
12124
51339
36856
112
16117
111
113
82
40192
15042
28201
26945
44538
58236
12113
68
67
37
49
46
51
77
54
59
11550
89
63
83
18576
18302
1733
50
72342
83
11882
49
32
36
39
40
40
64
42
41
39
44
50
60
11335
10708
57244
25259
20598
56245
52799
54713
26598
102858
37975
96560
27748
59298
33632
92109
53305
104634
49632
65730
62242
91950
131
1575
2040
7551
58
4856
11399
13302
1999
41
54
57
83
68
57
50
22153
1526
6537
24834
112
19687
3695
27085
33597
30398
35739
38720
33219
42967
10399
42764
38860
53961
48948
28606
259
209
15442
59
71
97
92
56
120
74
50
4289
68174
63263
14754
5889
13023
13212
77521
60306
7150
23368
9588
8301
12461
116
131
115
12957
12412
8991
24453
14075
95984
143
10784
117
83
36
83
66
76
49
39213
31858
23468
10197
119855
12553
26099
119416
48679
18842
8098
15605
37322
50089
10593
69
10386
57
42
26511
46
51
36
44
28
43
56
49
49
47
31504
7778
29844
55198
38928
60617
38151
69284
69913
62625
88583
116
1138
1894
6101
196
6144
12600
13600
19269
29
32
37
31
27
27
52
2459
1680
3487
72
25225
9024
31310
37850
37859
41014
37866
37986
41064
33731
10346
37917
28377
49886
71951
49
89
40
29
29
27
25
23
32
61739
58581
73
17960
3458
59883
13491
5630
26610
16748
15117
7517
9252
75939
74533
92081
8828
100603
9081
14160
105
13064
145
336
311
105
97
152
57
94
73
111
14224
7873
109273
28986
37419
25182
17227
17124
11952
41755
9959
13076
10356
24576
51824
24651
23377
30306
47
12793
87
104
49
78
96
235
64
83
66
54
53388
77
67
6638
11286
46369
40022
67210
66194
34338
77366
57254
92411
65042
1873
3745
5004
6900
12108
13255
9068
2315
1365
18050
15205
21276
2971
25867
26343
11256
95
4076
8241
115
98
21625
22333
36719
10112
11635
46562
112
14494
33701
108
6706
23953
4898
28172
59064
9283
37460
25065
10837
14359
101
58
43
39
28
37
32
35
39
25307
56000
14386
24086
49294
74867
295
59
127
1272
24657
43036
6864
50754
11966
78
56754
104
62
48
35
110
47
44
39
37
74
53
45
56
87
51
97
81
80
46
38
55
54
63
65
10493
109075
20660
16804
65
69
48340
11601
21020
19445
10541
36415
95035
51424
10726
10659
24649
33527
4673
83251
57315
55402
33985
89154
47890
37565
58402
51871
92207
