599
275
799
1031
1027
1081
1133
1198
342
1027
282
298
183
1412
239
556
605
307
208
333
539
1797
295
388
280
783
396
299
467
673
245
306
302
514
2279
245
2318
229
322
225
509
189
227
295
201
310
377
575
173
240
374
332
201
437
178
1083
437
213
270
404
324
165
366
260
311
337
973
247
212
164
684
386
269
568
138
767
58
153
328
510
324
219
52
42
45
29
40
207
19
25
31
21
20
31
259
49
19
277
395
26
299
288
41
346
36
53
74
240
522
675
279
225
344
117
262
176
312
1016
122
540
183
131
441
22
233
319
238
481
339
418
500
346
398
307
571
490
665
310
630
366
539
510
390
507
479
204
337
214
223
163
212
233
192
260
215
174
240
219
260
356
712
279
209
337
385
758
652
307
687
489
557
619
353
299
192
425
367
248
594
250
209
457
257
226
22
186
253
269
377
634
323
674
570
346
399
352
438
290
803
375
561
453
197
499
724
217
266
228
241
365
21
290
607
445
443
494
680
741
505
480
424
735
339
561
627
587
338
773
242
385
214
556
183
139
463
389
124
206
172
158
445
588
727
315
906
986
271
621
1078
51
216
72
198
45
31
192
1329
456
239
216
1563
192
155
1741
542
787
594
195
1919
613
70
2041
2063
365
581
240
318
183
156
610
466
1374
179
474
593
147
167
146
545
113
257
539
170
876
512
506
187
303
325
695
304
1157
239
574
244
1249
251
863
325
16
232
223
81
22
18
261
506
336
40
741
205
838
220
186
1015
260
225
647
396
477
280
19
32
425
525
47
240
36
24
292
767
179
303
434
1187
221
370
695
487
253
408
501
18
409
290
32
544
30
534
33
281
23
1895
292
339
287
344
234
286
405
296
410
287
295
138
641
222
502
217
674
302
498
177
764
609
357
894
813
673
1139
525
1620
508
510
804
287
383
485
439
465
42
337
247
786
297
1103
284
358
339
312
461
268
615
465
626
783
703
543
527
172
633
324
844
332
655
298
298
177
686
34
205
381
274
287
212
615
504
682
574
305
820
824
436
477
416
287
588
690
369
752
204
428
587
165
533
1085
550
209
348
278
400
231
174
248
447
130
129
177
295
137
134
131
172
111
277
391
421
151
163
144
704
767
823
851
996
210
350
1182
354
434
198
236
1342
255
194
224
335
1564
195
245
1740
303
216
193
1013
494
128
239
1002
150
433
267
209
2379
2393
800
690
2520
1162
274
251
80
349
495
361
205
318
763
176
153
296
236
225
137
393
223
261
228
172
253
899
194
313
896
998
236
892
341
765
1061
203
300
330
310
239
175
159
351
242
336
178
635
239
205
215
758
189
301
726
150
263
890
197
345
323
567
166
225
1363
601
357
1883
342
1243
314
389
384
549
1116
481
215
443
1225
164
589
362
697
238
214
1809
916
876
630
883
429
313
266
425
210
327
276
288
314
315
378
426
220
371
331
272
709
505
493
684
465
845
1133
580
761
944
535
190
530
483
470
260
373
480
593
259
15
369
339
229
216
277
307
472
502
578
421
535
330
316
387
537
602
278
179
460
173
540
17
333
251
297
196
278
500
419
468
484
607
630
350
360
511
628
687
584
654
378
356
377
40
14
16
20
475
995
17
15
14
14
20
359
194
326
434
314
19
19
19
257
13
21
312
397
127
113
19
116
30
270
13
173
19
23
149
240
520
629
270
812
767
828
870
281
937
184
1022
1008
1087
356
322
454
283
1327
528
1366
295
506
154
301
515
448
250
441
800
434
581
471
390
551
259
621
928
385
276
269
460
200
602
736
445
623
45
491
202
518
199
254
150
279
339
210
661
130
194
827
427
354
111
202
456
501
237
121
155
372
707
101
178
478
93
221
353
226
147
102
89
551
149
227
397
92
291
29
492
393
58
61
152
617
611
45
117
78
53
450
120
860
33
21
149
23
369
106
108
189
79
69
44
266
52
130
25
23
81
95
401
461
313
555
245
498
192
260
369
619
461
330
164
222
482
134
267
252
1001
193
448
980
224
280
456
232
519
304
325
349
362
194
235
212
527
212
281
282
432
238
256
241
445
319
773
743
772
397
444
383
970
298
544
340
741
228
496
48
548
245
388
360
448
363
342
134
291
348
170
248
387
327
171
410
310
448
315
291
240
368
316
340
271
87
734
521
326
278
184
498
470
189
180
200
450
564
302
530
239
484
737
535
776
911
542
924
780
730
411
952
595
617
285
223
216
389
335
302
244
226
599
275
799
1031
1027
1081
1133
1198
342
1027
282
298
183
1412
239
556
605
307
208
333
539
1797
295
388
280
783
396
299
467
673
245
306
302
514
2279
245
2318
229
322
225
509
189
227
295
201
310
377
575
173
240
374
332
201
437
178
1083
437
213
270
404
324
165
366
260
311
337
973
247
212
164
684
386
269
568
138
767
58
153
328
510
324
219
52
42
45
29
40
207
19
25
31
21
20
31
259
49
19
277
395
26
299
288
41
346
36
53
74
240
522
675
279
225
344
117
262
176
312
1016
122
540
183
131
441
22
233
319
238
481
339
418
500
346
398
307
571
490
665
310
630
366
539
510
390
507
479
204
337
214
223
163
212
233
192
260
215
174
240
219
260
356
712
279
209
337
385
758
652
307
687
489
557
619
353
299
192
425
367
248
594
250
209
457
257
226
22
186
253
269
377
634
323
674
570
346
399
352
438
290
803
375
561
453
197
499
724
217
266
228
241
365
21
290
607
445
443
494
680
741
505
480
424
735
339
561
627
587
338
773
242
385
214
556
183
139
463
389
124
206
172
158
445
588
727
315
906
986
271
621
1078
51
216
72
198
45
31
192
1329
456
239
216
1563
192
155
1741
542
787
594
195
1919
613
70
2041
2063
365
581
240
318
183
156
610
466
1374
179
474
593
147
167
146
545
113
257
539
170
876
512
506
187
303
325
695
304
1157
239
574
244
1249
251
863
325
16
232
223
81
22
18
261
506
336
40
741
205
838
220
186
1015
260
225
647
396
477
280
19
32
425
525
47
240
36
24
292
767
179
303
434
1187
221
370
695
487
253
408
501
18
409
290
32
544
30
534
33
281
23
1895
292
339
287
344
234
286
405
296
410
287
295
138
641
222
502
217
674
302
498
177
764
609
357
894
813
673
1139
525
1620
508
510
804
287
383
485
439
465
42
337
247
786
297
1103
284
358
339
312
461
268
615
465
626
783
703
543
527
172
633
324
844
332
655
298
298
177
686
34
205
381
274
287
212
615
504
682
574
305
820
824
436
477
416
287
588
690
369
752
204
428
587
165
533
1085
550
209
348
278
400
231
174
248
447
130
129
177
295
137
134
131
172
111
277
391
421
151
163
144
704
767
823
851
996
210
350
1182
354
434
198
236
1342
255
194
224
335
1564
195
245
1740
303
216
193
1013
494
128
239
1002
150
433
267
209
2379
2393
800
690
2520
1162
274
251
80
349
495
361
205
318
763
176
153
296
236
225
137
393
223
261
228
172
253
899
194
313
896
998
236
892
341
765
1061
203
300
330
310
239
175
159
351
242
336
178
635
239
205
215
758
189
301
726
150
263
890
197
345
323
567
166
225
1363
601
357
1883
342
1243
314
389
384
549
1116
481
215
443
1225
164
589
362
697
238
214
1809
916
876
630
883
429
313
266
425
210
327
276
288
314
315
378
426
220
371
331
272
709
505
493
684
465
845
1133
580
761
944
535
190
530
483
470
260
373
480
593
259
15
369
339
229
216
277
307
472
502
578
421
535
330
316
387
537
602
278
179
460
173
540
17
333
251
297
196
278
500
419
468
484
607
630
350
360
511
628
687
584
654
378
356
377
40
14
16
20
475
995
17
15
14
14
20
359
194
326
434
314
19
19
19
257
13
21
312
397
127
113
19
116
30
270
13
173
19
23
149
240
520
629
270
812
767
828
870
281
937
184
1022
1008
1087
356
322
454
283
1327
528
1366
295
506
154
301
515
448
250
441
800
434
581
471
390
551
259
621
928
385
276
269
460
200
602
736
445
623
45
491
202
518
199
254
150
279
339
210
661
130
194
827
427
354
111
202
456
501
237
121
155
372
707
101
178
478
93
221
353
226
147
102
89
551
149
227
397
92
291
29
492
393
58
61
152
617
611
45
117
78
53
450
120
860
33
21
149
23
369
106
108
189
79
69
44
266
52
130
25
23
81
95
401
461
313
555
245
498
192
260
369
619
461
330
164
222
482
134
267
252
1001
193
448
980
224
280
456
232
519
304
325
349
362
194
235
212
527
212
281
282
432
238
256
241
445
319
773
743
772
397
444
383
970
298
544
340
741
228
496
48
548
245
388
360
448
363
342
134
291
348
170
248
387
327
171
410
310
448
315
291
240
368
316
340
271
87
734
521
326
278
184
498
470
189
180
200
450
564
302
530
239
484
737
535
776
911
542
924
780
730
411
952
595
617
285
223
216
389
335
302
244
226
599
275
799
1031
1027
1081
1133
1198
342
1027
282
298
183
1412
239
556
605
307
208
333
539
1797
295
388
280
783
396
299
467
673
245
306
302
514
2279
245
2318
229
322
225
509
189
227
295
201
310
377
575
173
240
374
332
201
437
178
1083
437
213
270
404
324
165
366
260
311
337
973
247
212
164
684
386
269
568
138
767
58
153
328
510
324
219
52
42
45
29
40
207
19
25
31
21
20
31
259
49
19
277
395
26
299
288
41
346
36
53
74
240
522
675
279
225
344
117
262
176
312
1016
122
540
183
131
441
22
233
319
238
481
339
418
500
346
398
307
571
490
665
310
630
366
539
510
390
507
479
204
337
214
223
163
212
233
192
260
215
174
240
219
260
356
712
279
209
337
385
758
652
307
687
489
557
619
353
299
192
425
367
248
594
250
209
457
257
226
22
186
253
269
377
634
323
674
570
346
399
352
438
290
803
375
561
453
197
499
724
217
266
228
241
365
21
290
607
445
443
494
680
741
505
480
424
735
339
561
627
587
338
773
242
385
214
556
183
139
463
389
124
206
172
158
445
588
727
315
906
986
271
621
1078
51
216
72
198
45
31
192
1329
456
239
216
1563
192
155
1741
542
787
594
195
1919
613
70
2041
2063
365
581
240
318
183
156
610
466
1374
179
474
593
147
167
146
545
113
257
539
170
876
512
506
187
303
325
695
304
1157
239
574
244
1249
251
863
325
16
232
223
81
22
18
261
506
336
40
741
205
838
220
186
1015
260
225
647
396
477
280
19
32
425
525
47
240
36
24
292
767
179
303
434
1187
221
370
695
487
253
408
501
18
409
290
32
544
30
534
33
281
23
1895
292
339
287
344
234
286
405
296
410
287
295
138
641
222
502
217
674
302
498
177
764
609
357
894
813
673
1139
525
1620
508
510
804
287
383
485
439
465
42
337
247
786
297
1103
284
358
339
312
461
268
615
465
626
783
703
543
527
172
633
324
844
332
655
298
298
177
686
34
205
381
274
287
212
615
504
682
574
305
820
824
436
477
416
287
588
690
369
752
204
428
587
165
533
1085
550
209
348
278
400
231
174
248
447
130
129
177
295
137
134
131
172
111
277
391
421
151
163
144
704
767
823
851
996
210
350
1182
354
434
198
236
1342
255
194
224
335
1564
195
245
1740
303
216
193
1013
494
128
239
1002
150
433
267
209
2379
2393
800
690
2520
1162
274
251
80
349
495
361
205
318
763
176
153
296
236
225
137
393
223
261
228
172
253
899
194
313
896
998
236
892
341
765
1061
203
300
330
310
239
175
159
351
242
336
178
635
239
205
215
758
189
301
726
150
263
890
197
345
323
567
166
225
1363
601
357
1883
342
1243
314
389
384
549
1116
481
215
443
1225
164
589
362
697
238
214
1809
916
876
630
883
429
313
266
425
210
327
276
288
314
315
378
426
220
371
331
272
709
505
493
684
465
845
1133
580
761
944
535
190
530
483
470
260
373
480
593
259
15
369
339
229
216
277
307
472
502
578
421
535
330
316
387
537
602
278
179
460
173
540
17
333
251
297
196
278
500
419
468
484
607
630
350
360
511
628
687
584
654
378
356
377
40
14
16
20
475
995
17
15
14
14
20
359
194
326
434
314
19
19
19
257
13
21
312
397
127
113
19
116
30
270
13
173
19
23
149
240
520
629
270
812
767
828
870
281
937
184
1022
1008
1087
356
322
454
283
1327
528
1366
295
506
154
301
515
448
250
441
800
434
581
471
390
551
259
621
928
385
276
269
460
200
602
736
445
623
45
491
202
518
199
254
150
279
339
210
661
130
194
827
427
354
111
202
456
501
237
121
155
372
707
101
178
478
93
221
353
226
147
102
89
551
149
227
397
92
291
29
492
393
58
61
152
617
611
45
117
78
53
450
120
860
33
21
149
23
369
106
108
189
79
69
44
266
52
130
25
23
81
95
401
461
313
555
245
498
192
260
369
619
461
330
164
222
482
134
267
252
1001
193
448
980
224
280
456
232
519
304
325
349
362
194
235
212
527
212
281
282
432
238
256
241
445
319
773
743
772
397
444
383
970
298
544
340
741
228
496
48
548
245
388
360
448
363
342
134
291
348
170
248
387
327
171
410
310
448
315
291
240
368
316
340
271
87
734
521
326
278
184
498
470
189
180
200
450
564
302
530
239
484
737
535
776
911
542
924
780
730
411
952
595
617
285
223
216
389
335
302
244
226
