195
228
281
511
562
186
1698
2278
3421
217
3555
11976
2212
71
54
52
51
64
71
45
10197
55
14828
11653
14013
15015
15807
13966
19469
21093
21656
8541
28075
8355
4850
10595
14566
28902
104
85
158
85
89
73
63
15056
30196
33046
36614
344
33622
1879
29716
8676
8928
2433
14156
7325
4612
41551
6933
47181
14086
8445
52154
3726
6772
9879
12591
9857
92
129
143
129
174
194
89
100
122
118
196
14472
5123
6768
13352
3705
5722
6266
7205
4928
13972
28289
11923
1285
3912
16313
94
73
96
99
90
86
115
110
67
76
109
68
105
19899
21038
20082
31784
31795
17887
29742
47436
52218
30204
49410
318
322
293
1605
3693
4167
361
3367
11602
2037
51
80
86
79
78
76
64
14330
91
16147
103
9953
11641
13878
14659
23100
19727
22525
16069
22117
9767
4469
9509
10492
10160
26862
179
168
256
107
135
145
113
104
27268
24906
258
30615
1540
6678
15026
40616
2253
36794
8597
38843
15713
10282
6183
4351
4428
47844
3312
6766
10053
14966
62
74
47
59
49
98
3232
43
43
36
51
40
11828
57911
13220
12303
17024
10140
3520
14023
4391
5699
7139
7525
27164
15149
11520
1562
61
5277
72
71
36
42
41
57
53
73
54
75
4366
23625
141
216
17224
35426
16679
19042
47253
34759
54900
55435
48825
43064
221
212
260
2363
3856
13517
102
14825
16671
3318
9604
2270
56
64
52
86
63
128
94
50
19350
13852
14484
22883
20415
22616
24775
17057
8462
5489
42033
133
9559
202
137
29562
8547
4543
7697
1465
120
105
94
93
75
92
12833
29328
3589
29597
34610
8386
9294
11754
8184
2453
40333
3003
3291
8399
45459
4587
43936
27146
15298
111
4560
15284
83
124
4604
84
213
108
66
86
72
87
91
15937
10427
11146
4329
14845
12268
65861
11019
6518
6461
7938
6189
30277
15710
14451
1193
114
45
56
52
44
37
43
58
31
31
34
4419
49
44
34195
16797
18511
25867
40524
41007
21013
42211
37666
36896
54589
198
252
264
216
1614
3060
3467
5189
3726
129
12504
12495
303
3681
13299
151
116
95
119
84
90
89
153
8388
2413
19138
12946
14681
16140
17700
15427
19879
28177
10414
9211
5734
8908
10365
25387
287
135
187
193
106
117
82
102
26588
39285
254
35745
37464
5907
1660
33392
7073
16005
7991
27392
2867
15039
6085
15654
53045
4619
5447
6505
8393
264
241
244
75
159
101
177
58
120
112
76
10083
58104
14434
15299
15295
5259
10234
5680
5505
9832
5388
8009
23617
11008
11314
1191
85
95
3560
110
65
50
40
43
59
37
46
52
276
117
16796
19228
20135
27184
34082
34059
24997
46363
46340
34249
48772
195
228
281
511
562
186
1698
2278
3421
217
3555
11976
2212
71
54
52
51
64
71
45
10197
55
14828
11653
14013
15015
15807
13966
19469
21093
21656
8541
28075
8355
4850
10595
14566
28902
104
85
158
85
89
73
63
15056
30196
33046
36614
344
33622
1879
29716
8676
8928
2433
14156
7325
4612
41551
6933
47181
14086
8445
52154
3726
6772
9879
12591
9857
92
129
143
129
174
194
89
100
122
118
196
14472
5123
6768
13352
3705
5722
6266
7205
4928
13972
28289
11923
1285
3912
16313
94
73
96
99
90
86
115
110
67
76
109
68
105
19899
21038
20082
31784
31795
17887
29742
47436
52218
30204
49410
318
322
293
1605
3693
4167
361
3367
11602
2037
51
80
86
79
78
76
64
14330
91
16147
103
9953
11641
13878
14659
23100
19727
22525
16069
22117
9767
4469
9509
10492
10160
26862
179
168
256
107
135
145
113
104
27268
24906
258
30615
1540
6678
15026
40616
2253
36794
8597
38843
15713
10282
6183
4351
4428
47844
3312
6766
10053
14966
62
74
47
59
49
98
3232
43
43
36
51
40
11828
57911
13220
12303
17024
10140
3520
14023
4391
5699
7139
7525
27164
15149
11520
1562
61
5277
72
71
36
42
41
57
53
73
54
75
4366
23625
141
216
17224
35426
16679
19042
47253
34759
54900
55435
48825
43064
221
212
260
2363
3856
13517
102
14825
16671
3318
9604
2270
56
64
52
86
63
128
94
50
19350
13852
14484
22883
20415
22616
24775
17057
8462
5489
42033
133
9559
202
137
29562
8547
4543
7697
1465
120
105
94
93
75
92
12833
29328
3589
29597
34610
8386
9294
11754
8184
2453
40333
3003
3291
8399
45459
4587
43936
27146
15298
111
4560
15284
83
124
4604
84
213
108
66
86
72
87
91
15937
10427
11146
4329
14845
12268
65861
11019
6518
6461
7938
6189
30277
15710
14451
1193
114
45
56
52
44
37
43
58
31
31
34
4419
49
44
34195
16797
18511
25867
40524
41007
21013
42211
37666
36896
54589
198
252
264
216
1614
3060
3467
5189
3726
129
12504
12495
303
3681
13299
151
116
95
119
84
90
89
153
8388
2413
19138
12946
14681
16140
17700
15427
19879
28177
10414
9211
5734
8908
10365
25387
287
135
187
193
106
117
82
102
26588
39285
254
35745
37464
5907
1660
33392
7073
16005
7991
27392
2867
15039
6085
15654
53045
4619
5447
6505
8393
264
241
244
75
159
101
177
58
120
112
76
10083
58104
14434
15299
15295
5259
10234
5680
5505
9832
5388
8009
23617
11008
11314
1191
85
95
3560
110
65
50
40
43
59
37
46
52
276
117
16796
19228
20135
27184
34082
34059
24997
46363
46340
34249
48772
195
228
281
511
562
186
1698
2278
3421
217
3555
11976
2212
71
54
52
51
64
71
45
10197
55
14828
11653
14013
15015
15807
13966
19469
21093
21656
8541
28075
8355
4850
10595
14566
28902
104
85
158
85
89
73
63
15056
30196
33046
36614
344
33622
1879
29716
8676
8928
2433
14156
7325
4612
41551
6933
47181
14086
8445
52154
3726
6772
9879
12591
9857
92
129
143
129
174
194
89
100
122
118
196
14472
5123
6768
13352
3705
5722
6266
7205
4928
13972
28289
11923
1285
3912
16313
94
73
96
99
90
86
115
110
67
76
109
68
105
19899
21038
20082
31784
31795
17887
29742
47436
52218
30204
49410
318
322
293
1605
3693
4167
361
3367
11602
2037
51
80
86
79
78
76
64
14330
91
16147
103
9953
11641
13878
14659
23100
19727
22525
16069
22117
9767
4469
9509
10492
10160
26862
179
168
256
107
135
145
113
104
27268
24906
258
30615
1540
6678
15026
40616
2253
36794
8597
38843
15713
10282
6183
4351
4428
47844
3312
6766
10053
14966
62
74
47
59
49
98
3232
43
43
36
51
40
11828
57911
13220
12303
17024
10140
3520
14023
4391
5699
7139
7525
27164
15149
11520
1562
61
5277
72
71
36
42
41
57
53
73
54
75
4366
23625
141
216
17224
35426
16679
19042
47253
34759
54900
55435
48825
43064
221
212
260
2363
3856
13517
102
14825
16671
3318
9604
2270
56
64
52
86
63
128
94
50
19350
13852
14484
22883
20415
22616
24775
17057
8462
5489
42033
133
9559
202
137
29562
8547
4543
7697
1465
120
105
94
93
75
92
12833
29328
3589
29597
34610
8386
9294
11754
8184
2453
40333
3003
3291
8399
45459
4587
43936
27146
15298
111
4560
15284
83
124
4604
84
213
108
66
86
72
87
91
15937
10427
11146
4329
14845
12268
65861
11019
6518
6461
7938
6189
30277
15710
14451
1193
114
45
56
52
44
37
43
58
31
31
34
4419
49
44
34195
16797
18511
25867
40524
41007
21013
42211
37666
36896
54589
198
252
264
216
1614
3060
3467
5189
3726
129
12504
12495
303
3681
13299
151
116
95
119
84
90
89
153
8388
2413
19138
12946
14681
16140
17700
15427
19879
28177
10414
9211
5734
8908
10365
25387
287
135
187
193
106
117
82
102
26588
39285
254
35745
37464
5907
1660
33392
7073
16005
7991
27392
2867
15039
6085
15654
53045
4619
5447
6505
8393
264
241
244
75
159
101
177
58
120
112
76
10083
58104
14434
15299
15295
5259
10234
5680
5505
9832
5388
8009
23617
11008
11314
1191
85
95
3560
110
65
50
40
43
59
37
46
52
276
117
16796
19228
20135
27184
34082
34059
24997
46363
46340
34249
48772
