237
240
263
288
321
344
349
272
216
808
546
494
531
835
497
267
868
357
911
719
179
190
1032
201
213
224
214
186
307
284
365
222
310
211
269
226
340
354
191
210
357
364
293
386
160
205
185
298
242
446
469
151
208
518
493
485
182
477
151
463
472
494
178
187
210
176
246
302
614
331
531
542
200
224
186
387
201
205
296
217
175
186
216
184
154
219
354
337
341
285
366
169
177
201
217
310
267
201
245
173
238
324
209
196
243
342
159
313
215
174
249
233
219
149
191
283
252
261
244
306
211
234
243
259
307
316
296
327
371
199
427
426
450
217
257
238
204
314
281
300
278
320
430
321
201
340
188
344
225
320
273
248
190
191
195
177
236
338
277
334
319
387
290
349
200
285
167
297
237
187
207
335
254
180
316
273
188
207
291
278
178
242
120
210
156
271
200
211
191
201
160
130
167
202
209
263
254
168
306
245
188
154
290
266
206
176
132
183
186
168
174
287
326
181
159
312
163
445
218
453
432
467
150
265
470
473
183
412
182
148
140
209
177
220
253
521
466
474
463
437
219
245
417
423
451
464
504
492
561
177
225
217
388
322
832
858
647
235
375
887
231
465
735
174
172
192
237
193
206
194
283
248
179
300
297
162
189
237
222
187
258
213
265
239
212
174
177
175
284
183
185
364
193
389
188
349
261
172
225
195
288
355
335
184
195
220
206
165
355
139
211
255
125
212
224
151
478
499
452
205
132
141
519
543
479
201
166
174
269
442
224
162
309
301
233
508
261
615
418
367
258
299
279
552
398
251
332
381
129
196
221
269
217
265
218
366
374
345
314
429
214
233
234
259
252
272
322
322
344
159
356
397
191
184
477
200
301
258
291
177
366
387
205
210
308
169
397
277
377
462
482
395
261
171
205
269
187
237
256
366
405
169
369
198
165
174
345
180
237
303
160
243
149
200
446
286
188
406
231
417
444
213
411
438
168
193
367
192
178
741
221
196
428
127
356
305
159
183
463
158
155
477
468
150
300
206
464
150
442
118
478
465
422
191
195
199
238
251
144
388
288
171
150
262
211
204
408
205
348
174
346
155
156
153
374
444
425
436
417
463
237
240
263
288
321
344
349
272
216
808
546
494
531
835
497
267
868
357
911
719
179
190
1032
201
213
224
214
186
307
284
365
222
310
211
269
226
340
354
191
210
357
364
293
386
160
205
185
298
242
446
469
151
208
518
493
485
182
477
151
463
472
494
178
187
210
176
246
302
614
331
531
542
200
224
186
387
201
205
296
217
175
186
216
184
154
219
354
337
341
285
366
169
177
201
217
310
267
201
245
173
238
324
209
196
243
342
159
313
215
174
249
233
219
149
191
283
252
261
244
306
211
234
243
259
307
316
296
327
371
199
427
426
450
217
257
238
204
314
281
300
278
320
430
321
201
340
188
344
225
320
273
248
190
191
195
177
236
338
277
334
319
387
290
349
200
285
167
297
237
187
207
335
254
180
316
273
188
207
291
278
178
242
120
210
156
271
200
211
191
201
160
130
167
202
209
263
254
168
306
245
188
154
290
266
206
176
132
183
186
168
174
287
326
181
159
312
163
445
218
453
432
467
150
265
470
473
183
412
182
148
140
209
177
220
253
521
466
474
463
437
219
245
417
423
451
464
504
492
561
177
225
217
388
322
832
858
647
235
375
887
231
465
735
174
172
192
237
193
206
194
283
248
179
300
297
162
189
237
222
187
258
213
265
239
212
174
177
175
284
183
185
364
193
389
188
349
261
172
225
195
288
355
335
184
195
220
206
165
355
139
211
255
125
212
224
151
478
499
452
205
132
141
519
543
479
201
166
174
269
442
224
162
309
301
233
508
261
615
418
367
258
299
279
552
398
251
332
381
129
196
221
269
217
265
218
366
374
345
314
429
214
233
234
259
252
272
322
322
344
159
356
397
191
184
477
200
301
258
291
177
366
387
205
210
308
169
397
277
377
462
482
395
261
171
205
269
187
237
256
366
405
169
369
198
165
174
345
180
237
303
160
243
149
200
446
286
188
406
231
417
444
213
411
438
168
193
367
192
178
741
221
196
428
127
356
305
159
183
463
158
155
477
468
150
300
206
464
150
442
118
478
465
422
191
195
199
238
251
144
388
288
171
150
262
211
204
408
205
348
174
346
155
156
153
374
444
425
436
417
463
237
240
263
288
321
344
349
272
216
808
546
494
531
835
497
267
868
357
911
719
179
190
1032
201
213
224
214
186
307
284
365
222
310
211
269
226
340
354
191
210
357
364
293
386
160
205
185
298
242
446
469
151
208
518
493
485
182
477
151
463
472
494
178
187
210
176
246
302
614
331
531
542
200
224
186
387
201
205
296
217
175
186
216
184
154
219
354
337
341
285
366
169
177
201
217
310
267
201
245
173
238
324
209
196
243
342
159
313
215
174
249
233
219
149
191
283
252
261
244
306
211
234
243
259
307
316
296
327
371
199
427
426
450
217
257
238
204
314
281
300
278
320
430
321
201
340
188
344
225
320
273
248
190
191
195
177
236
338
277
334
319
387
290
349
200
285
167
297
237
187
207
335
254
180
316
273
188
207
291
278
178
242
120
210
156
271
200
211
191
201
160
130
167
202
209
263
254
168
306
245
188
154
290
266
206
176
132
183
186
168
174
287
326
181
159
312
163
445
218
453
432
467
150
265
470
473
183
412
182
148
140
209
177
220
253
521
466
474
463
437
219
245
417
423
451
464
504
492
561
177
225
217
388
322
832
858
647
235
375
887
231
465
735
174
172
192
237
193
206
194
283
248
179
300
297
162
189
237
222
187
258
213
265
239
212
174
177
175
284
183
185
364
193
389
188
349
261
172
225
195
288
355
335
184
195
220
206
165
355
139
211
255
125
212
224
151
478
499
452
205
132
141
519
543
479
201
166
174
269
442
224
162
309
301
233
508
261
615
418
367
258
299
279
552
398
251
332
381
129
196
221
269
217
265
218
366
374
345
314
429
214
233
234
259
252
272
322
322
344
159
356
397
191
184
477
200
301
258
291
177
366
387
205
210
308
169
397
277
377
462
482
395
261
171
205
269
187
237
256
366
405
169
369
198
165
174
345
180
237
303
160
243
149
200
446
286
188
406
231
417
444
213
411
438
168
193
367
192
178
741
221
196
428
127
356
305
159
183
463
158
155
477
468
150
300
206
464
150
442
118
478
465
422
191
195
199
238
251
144
388
288
171
150
262
211
204
408
205
348
174
346
155
156
153
374
444
425
436
417
463
