173
140
158
173
245
162
227
135
150
124
123
221
120
191
255
202
155
121
213
198
138
135
206
200
108
86
163
121
272
175
128
280
110
262
159
182
104
257
228
108
89
125
166
147
102
151
106
89
251
132
139
205
105
99
147
211
119
254
231
182
100
210
152
92
223
147
100
229
238
79
141
142
115
235
147
233
237
311
132
122
130
150
148
137
75
162
126
137
253
200
226
236
155
142
228
151
121
119
193
127
129
389
272
218
118
196
109
135
260
208
221
123
282
108
119
115
190
185
220
267
91
130
180
206
87
169
134
122
128
131
104
140
155
80
118
139
117
112
176
128
247
218
175
183
141
134
177
175
147
193
163
165
164
117
134
106
197
184
125
284
218
176
186
134
173
118
161
187
149
181
122
268
126
130
152
102
151
163
131
250
140
203
203
115
110
136
126
131
176
142
121
157
139
141
126
240
139
95
166
194
110
107
98
146
84
105
109
171
162
163
126
218
179
121
149
134
130
156
108
152
140
104
157
111
123
157
142
137
108
127
165
128
111
109
179
115
168
138
146
135
143
150
185
92
182
172
154
190
139
130
156
186
130
149
145
121
207
107
227
142
122
122
108
188
116
235
124
116
131
117
130
166
161
179
143
124
134
146
102
162
129
115
123
144
106
166
130
112
149
140
170
160
125
141
141
109
134
135
113
136
118
168
113
142
160
174
123
151
120
166
143
160
180
126
166
162
153
142
103
167
137
184
128
129
173
198
122
153
140
135
171
154
210
114
125
165
119
137
128
145
145
155
114
98
281
153
128
106
128
149
143
94
161
154
139
165
94
118
148
230
164
106
140
231
158
162
345
124
372
203
139
235
119
106
196
125
149
225
124
219
214
145
181
141
226
147
124
102
166
232
118
148
95
159
102
135
235
93
175
150
115
140
326
397
105
154
198
213
101
149
153
153
169
1086
1150
1056
627
937
835
1043
920
1274
1015
109
753
168
120
114
118
102
190
163
100
97
232
176
98
127
101
170
86
473
476
469
391
578
423
592
185
412
598
122
150
201
149
126
418
119
113
89
114
214
301
281
204
211
85
130
120
295
360
107
272
116
154
345
185
193
193
193
173
140
158
173
245
162
227
135
150
124
123
221
120
191
255
202
155
121
213
198
138
135
206
200
108
86
163
121
272
175
128
280
110
262
159
182
104
257
228
108
89
125
166
147
102
151
106
89
251
132
139
205
105
99
147
211
119
254
231
182
100
210
152
92
223
147
100
229
238
79
141
142
115
235
147
233
237
311
132
122
130
150
148
137
75
162
126
137
253
200
226
236
155
142
228
151
121
119
193
127
129
389
272
218
118
196
109
135
260
208
221
123
282
108
119
115
190
185
220
267
91
130
180
206
87
169
134
122
128
131
104
140
155
80
118
139
117
112
176
128
247
218
175
183
141
134
177
175
147
193
163
165
164
117
134
106
197
184
125
284
218
176
186
134
173
118
161
187
149
181
122
268
126
130
152
102
151
163
131
250
140
203
203
115
110
136
126
131
176
142
121
157
139
141
126
240
139
95
166
194
110
107
98
146
84
105
109
171
162
163
126
218
179
121
149
134
130
156
108
152
140
104
157
111
123
157
142
137
108
127
165
128
111
109
179
115
168
138
146
135
143
150
185
92
182
172
154
190
139
130
156
186
130
149
145
121
207
107
227
142
122
122
108
188
116
235
124
116
131
117
130
166
161
179
143
124
134
146
102
162
129
115
123
144
106
166
130
112
149
140
170
160
125
141
141
109
134
135
113
136
118
168
113
142
160
174
123
151
120
166
143
160
180
126
166
162
153
142
103
167
137
184
128
129
173
198
122
153
140
135
171
154
210
114
125
165
119
137
128
145
145
155
114
98
281
153
128
106
128
149
143
94
161
154
139
165
94
118
148
230
164
106
140
231
158
162
345
124
372
203
139
235
119
106
196
125
149
225
124
219
214
145
181
141
226
147
124
102
166
232
118
148
95
159
102
135
235
93
175
150
115
140
326
397
105
154
198
213
101
149
153
153
169
1086
1150
1056
627
937
835
1043
920
1274
1015
109
753
168
120
114
118
102
190
163
100
97
232
176
98
127
101
170
86
473
476
469
391
578
423
592
185
412
598
122
150
201
149
126
418
119
113
89
114
214
301
281
204
211
85
130
120
295
360
107
272
116
154
345
185
193
193
193
173
140
158
173
245
162
227
135
150
124
123
221
120
191
255
202
155
121
213
198
138
135
206
200
108
86
163
121
272
175
128
280
110
262
159
182
104
257
228
108
89
125
166
147
102
151
106
89
251
132
139
205
105
99
147
211
119
254
231
182
100
210
152
92
223
147
100
229
238
79
141
142
115
235
147
233
237
311
132
122
130
150
148
137
75
162
126
137
253
200
226
236
155
142
228
151
121
119
193
127
129
389
272
218
118
196
109
135
260
208
221
123
282
108
119
115
190
185
220
267
91
130
180
206
87
169
134
122
128
131
104
140
155
80
118
139
117
112
176
128
247
218
175
183
141
134
177
175
147
193
163
165
164
117
134
106
197
184
125
284
218
176
186
134
173
118
161
187
149
181
122
268
126
130
152
102
151
163
131
250
140
203
203
115
110
136
126
131
176
142
121
157
139
141
126
240
139
95
166
194
110
107
98
146
84
105
109
171
162
163
126
218
179
121
149
134
130
156
108
152
140
104
157
111
123
157
142
137
108
127
165
128
111
109
179
115
168
138
146
135
143
150
185
92
182
172
154
190
139
130
156
186
130
149
145
121
207
107
227
142
122
122
108
188
116
235
124
116
131
117
130
166
161
179
143
124
134
146
102
162
129
115
123
144
106
166
130
112
149
140
170
160
125
141
141
109
134
135
113
136
118
168
113
142
160
174
123
151
120
166
143
160
180
126
166
162
153
142
103
167
137
184
128
129
173
198
122
153
140
135
171
154
210
114
125
165
119
137
128
145
145
155
114
98
281
153
128
106
128
149
143
94
161
154
139
165
94
118
148
230
164
106
140
231
158
162
345
124
372
203
139
235
119
106
196
125
149
225
124
219
214
145
181
141
226
147
124
102
166
232
118
148
95
159
102
135
235
93
175
150
115
140
326
397
105
154
198
213
101
149
153
153
169
1086
1150
1056
627
937
835
1043
920
1274
1015
109
753
168
120
114
118
102
190
163
100
97
232
176
98
127
101
170
86
473
476
469
391
578
423
592
185
412
598
122
150
201
149
126
418
119
113
89
114
214
301
281
204
211
85
130
120
295
360
107
272
116
154
345
185
193
193
193
