193
217
283
293
296
293
301
360
348
168
373
178
431
163
194
505
248
212
143
253
405
339
232
208
341
406
129
500
204
169
214
146
161
242
616
435
512
357
214
299
307
297
287
308
269
180
220
319
136
310
341
138
379
159
134
185
267
380
527
173
121
240
259
554
180
182
190
178
281
271
197
162
587
134
476
397
210
386
260
263
234
314
253
489
38
225
238
434
180
611
202
357
464
272
195
110
296
230
335
113
274
380
207
349
213
433
300
176
280
202
249
163
179
256
462
453
254
138
204
304
209
435
513
390
307
250
508
464
575
422
430
24
211
386
469
275
266
181
458
328
761
28
457
303
60
185
226
108
479
298
34
323
808
95
350
121
139
458
228
123
513
277
223
275
351
19
132
18
20
20
22
40
47
450
361
349
225
276
175
643
473
168
177
314
269
245
283
385
589
840
213
225
324
447
202
380
547
34
394
318
352
504
249
453
303
355
216
196
858
635
247
12
218
296
37
144
35
32
36
42
41
44
41
47
34
45
20
66
60
531
344
86
125
128
144
491
409
654
820
794
63
188
246
303
316
337
339
341
359
369
131
450
301
431
518
141
224
290
198
272
319
364
201
174
249
430
447
186
102
218
211
279
441
492
168
368
374
287
379
189
142
407
293
197
271
494
187
481
232
177
351
544
222
542
260
315
648
359
212
452
221
227
28
160
182
219
294
174
120
294
361
141
552
321
410
262
285
120
203
117
199
265
288
368
395
316
177
384
388
272
400
533
147
355
200
324
192
19
10
324
344
33
10
351
192
225
213
112
521
358
348
252
324
240
128
252
196
356
307
299
192
212
319
219
297
454
267
376
183
202
224
580
134
199
295
247
200
162
331
239
18
418
270
209
279
69
404
24
13
27
16
23
276
285
249
232
420
383
270
227
176
296
200
381
345
131
207
389
173
392
163
300
317
274
133
252
272
57
146
259
137
190
231
306
226
288
266
157
164
534
457
505
197
248
221
159
199
150
430
122
248
293
137
12
17
9
14
192
229
307
106
11
10
12
16
11
207
279
354
232
302
302
13
16
108
15
14
175
22
356
109
12
158
14
24
10
12
227
248
95
107
235
245
283
288
307
226
365
384
393
415
184
446
221
176
523
223
344
158
220
352
220
429
163
423
160
580
468
570
245
112
164
128
561
329
269
245
177
184
468
252
289
589
185
445
280
178
476
202
251
273
161
271
375
356
188
620
256
212
219
375
543
149
229
150
202
430
22
228
330
236
103
214
230
195
167
298
158
471
162
242
241
327
198
223
284
152
279
284
678
404
187
168
238
327
205
228
228
192
142
384
12
17
9
10
107
326
433
181
302
347
432
131
489
153
210
139
241
304
290
304
236
272
375
165
230
181
265
310
14
168
186
269
13
17
16
168
13
9
26
263
146
226
249
167
205
413
229
243
148
140
212
184
319
421
391
273
134
257
136
243
137
275
236
183
287
207
210
164
251
10
199
187
138
216
200
173
165
176
159
155
262
235
324
248
375
327
318
201
187
216
429
173
131
343
162
170
172
194
125
9
10
207
14
9
199
192
140
166
140
229
206
147
102
8
9
313
131
12
14
30
149
19
11
8
19
13
97
147
243
9
11
281
13
121
29
17
143
113
158
139
180
272
276
156
314
335
361
187
143
188
151
461
151
506
122
190
205
595
588
312
125
255
737
303
259
243
396
371
223
272
141
123
409
383
532
143
346
237
151
277
229
196
140
321
366
545
313
185
207
161
273
165
334
182
482
252
275
239
190
268
335
331
180
409
267
157
281
285
202
206
296
629
260
174
280
366
37
534
293
144
366
392
394
263
153
306
328
256
260
274
146
335
319
147
171
131
405
255
237
172
355
295
383
319
289
352
168
244
474
497
327
134
403
375
212
253
272
98
209
440
492
267
280
296
416
321
431
276
376
501
213
23
635
356
175
295
313
180
413
367
20
19
34
128
30
176
361
591
301
413
366
561
238
527
939
264
15
837
66
355
247
266
20
420
123
21
43
66
213
406
86
386
564
169
287
115
303
473
291
309
269
98
148
415
756
502
246
20
320
349
399
217
359
161
470
245
243
227
194
450
439
275
728
334
251
239
315
266
431
394
19
30
227
289
19
177
287
27
36
35
64
83
77
41
267
166
58
84
26
43
31
49
24
217
48
49
233
582
549
193
217
283
293
296
293
301
360
348
168
373
178
431
163
194
505
248
212
143
253
405
339
232
208
341
406
129
500
204
169
214
146
161
242
616
435
512
357
214
299
307
297
287
308
269
180
220
319
136
310
341
138
379
159
134
185
267
380
527
173
121
240
259
554
180
182
190
178
281
271
197
162
587
134
476
397
210
386
260
263
234
314
253
489
38
225
238
434
180
611
202
357
464
272
195
110
296
230
335
113
274
380
207
349
213
433
300
176
280
202
249
163
179
256
462
453
254
138
204
304
209
435
513
390
307
250
508
464
575
422
430
24
211
386
469
275
266
181
458
328
761
28
457
303
60
185
226
108
479
298
34
323
808
95
350
121
139
458
228
123
513
277
223
275
351
19
132
18
20
20
22
40
47
450
361
349
225
276
175
643
473
168
177
314
269
245
283
385
589
840
213
225
324
447
202
380
547
34
394
318
352
504
249
453
303
355
216
196
858
635
247
12
218
296
37
144
35
32
36
42
41
44
41
47
34
45
20
66
60
531
344
86
125
128
144
491
409
654
820
794
63
188
246
303
316
337
339
341
359
369
131
450
301
431
518
141
224
290
198
272
319
364
201
174
249
430
447
186
102
218
211
279
441
492
168
368
374
287
379
189
142
407
293
197
271
494
187
481
232
177
351
544
222
542
260
315
648
359
212
452
221
227
28
160
182
219
294
174
120
294
361
141
552
321
410
262
285
120
203
117
199
265
288
368
395
316
177
384
388
272
400
533
147
355
200
324
192
19
10
324
344
33
10
351
192
225
213
112
521
358
348
252
324
240
128
252
196
356
307
299
192
212
319
219
297
454
267
376
183
202
224
580
134
199
295
247
200
162
331
239
18
418
270
209
279
69
404
24
13
27
16
23
276
285
249
232
420
383
270
227
176
296
200
381
345
131
207
389
173
392
163
300
317
274
133
252
272
57
146
259
137
190
231
306
226
288
266
157
164
534
457
505
197
248
221
159
199
150
430
122
248
293
137
12
17
9
14
192
229
307
106
11
10
12
16
11
207
279
354
232
302
302
13
16
108
15
14
175
22
356
109
12
158
14
24
10
12
227
248
95
107
235
245
283
288
307
226
365
384
393
415
184
446
221
176
523
223
344
158
220
352
220
429
163
423
160
580
468
570
245
112
164
128
561
329
269
245
177
184
468
252
289
589
185
445
280
178
476
202
251
273
161
271
375
356
188
620
256
212
219
375
543
149
229
150
202
430
22
228
330
236
103
214
230
195
167
298
158
471
162
242
241
327
198
223
284
152
279
284
678
404
187
168
238
327
205
228
228
192
142
384
12
17
9
10
107
326
433
181
302
347
432
131
489
153
210
139
241
304
290
304
236
272
375
165
230
181
265
310
14
168
186
269
13
17
16
168
13
9
26
263
146
226
249
167
205
413
229
243
148
140
212
184
319
421
391
273
134
257
136
243
137
275
236
183
287
207
210
164
251
10
199
187
138
216
200
173
165
176
159
155
262
235
324
248
375
327
318
201
187
216
429
173
131
343
162
170
172
194
125
9
10
207
14
9
199
192
140
166
140
229
206
147
102
8
9
313
131
12
14
30
149
19
11
8
19
13
97
147
243
9
11
281
13
121
29
17
143
113
158
139
180
272
276
156
314
335
361
187
143
188
151
461
151
506
122
190
205
595
588
312
125
255
737
303
259
243
396
371
223
272
141
123
409
383
532
143
346
237
151
277
229
196
140
321
366
545
313
185
207
161
273
165
334
182
482
252
275
239
190
268
335
331
180
409
267
157
281
285
202
206
296
629
260
174
280
366
37
534
293
144
366
392
394
263
153
306
328
256
260
274
146
335
319
147
171
131
405
255
237
172
355
295
383
319
289
352
168
244
474
497
327
134
403
375
212
253
272
98
209
440
492
267
280
296
416
321
431
276
376
501
213
23
635
356
175
295
313
180
413
367
20
19
34
128
30
176
361
591
301
413
366
561
238
527
939
264
15
837
66
355
247
266
20
420
123
21
43
66
213
406
86
386
564
169
287
115
303
473
291
309
269
98
148
415
756
502
246
20
320
349
399
217
359
161
470
245
243
227
194
450
439
275
728
334
251
239
315
266
431
394
19
30
227
289
19
177
287
27
36
35
64
83
77
41
267
166
58
84
26
43
31
49
24
217
48
49
233
582
549
193
217
283
293
296
293
301
360
348
168
373
178
431
163
194
505
248
212
143
253
405
339
232
208
341
406
129
500
204
169
214
146
161
242
616
435
512
357
214
299
307
297
287
308
269
180
220
319
136
310
341
138
379
159
134
185
267
380
527
173
121
240
259
554
180
182
190
178
281
271
197
162
587
134
476
397
210
386
260
263
234
314
253
489
38
225
238
434
180
611
202
357
464
272
195
110
296
230
335
113
274
380
207
349
213
433
300
176
280
202
249
163
179
256
462
453
254
138
204
304
209
435
513
390
307
250
508
464
575
422
430
24
211
386
469
275
266
181
458
328
761
28
457
303
60
185
226
108
479
298
34
323
808
95
350
121
139
458
228
123
513
277
223
275
351
19
132
18
20
20
22
40
47
450
361
349
225
276
175
643
473
168
177
314
269
245
283
385
589
840
213
225
324
447
202
380
547
34
394
318
352
504
249
453
303
355
216
196
858
635
247
12
218
296
37
144
35
32
36
42
41
44
41
47
34
45
20
66
60
531
344
86
125
128
144
491
409
654
820
794
63
188
246
303
316
337
339
341
359
369
131
450
301
431
518
141
224
290
198
272
319
364
201
174
249
430
447
186
102
218
211
279
441
492
168
368
374
287
379
189
142
407
293
197
271
494
187
481
232
177
351
544
222
542
260
315
648
359
212
452
221
227
28
160
182
219
294
174
120
294
361
141
552
321
410
262
285
120
203
117
199
265
288
368
395
316
177
384
388
272
400
533
147
355
200
324
192
19
10
324
344
33
10
351
192
225
213
112
521
358
348
252
324
240
128
252
196
356
307
299
192
212
319
219
297
454
267
376
183
202
224
580
134
199
295
247
200
162
331
239
18
418
270
209
279
69
404
24
13
27
16
23
276
285
249
232
420
383
270
227
176
296
200
381
345
131
207
389
173
392
163
300
317
274
133
252
272
57
146
259
137
190
231
306
226
288
266
157
164
534
457
505
197
248
221
159
199
150
430
122
248
293
137
12
17
9
14
192
229
307
106
11
10
12
16
11
207
279
354
232
302
302
13
16
108
15
14
175
22
356
109
12
158
14
24
10
12
227
248
95
107
235
245
283
288
307
226
365
384
393
415
184
446
221
176
523
223
344
158
220
352
220
429
163
423
160
580
468
570
245
112
164
128
561
329
269
245
177
184
468
252
289
589
185
445
280
178
476
202
251
273
161
271
375
356
188
620
256
212
219
375
543
149
229
150
202
430
22
228
330
236
103
214
230
195
167
298
158
471
162
242
241
327
198
223
284
152
279
284
678
404
187
168
238
327
205
228
228
192
142
384
12
17
9
10
107
326
433
181
302
347
432
131
489
153
210
139
241
304
290
304
236
272
375
165
230
181
265
310
14
168
186
269
13
17
16
168
13
9
26
263
146
226
249
167
205
413
229
243
148
140
212
184
319
421
391
273
134
257
136
243
137
275
236
183
287
207
210
164
251
10
199
187
138
216
200
173
165
176
159
155
262
235
324
248
375
327
318
201
187
216
429
173
131
343
162
170
172
194
125
9
10
207
14
9
199
192
140
166
140
229
206
147
102
8
9
313
131
12
14
30
149
19
11
8
19
13
97
147
243
9
11
281
13
121
29
17
143
113
158
139
180
272
276
156
314
335
361
187
143
188
151
461
151
506
122
190
205
595
588
312
125
255
737
303
259
243
396
371
223
272
141
123
409
383
532
143
346
237
151
277
229
196
140
321
366
545
313
185
207
161
273
165
334
182
482
252
275
239
190
268
335
331
180
409
267
157
281
285
202
206
296
629
260
174
280
366
37
534
293
144
366
392
394
263
153
306
328
256
260
274
146
335
319
147
171
131
405
255
237
172
355
295
383
319
289
352
168
244
474
497
327
134
403
375
212
253
272
98
209
440
492
267
280
296
416
321
431
276
376
501
213
23
635
356
175
295
313
180
413
367
20
19
34
128
30
176
361
591
301
413
366
561
238
527
939
264
15
837
66
355
247
266
20
420
123
21
43
66
213
406
86
386
564
169
287
115
303
473
291
309
269
98
148
415
756
502
246
20
320
349
399
217
359
161
470
245
243
227
194
450
439
275
728
334
251
239
315
266
431
394
19
30
227
289
19
177
287
27
36
35
64
83
77
41
267
166
58
84
26
43
31
49
24
217
48
49
233
582
549
