163
224
225
55
72
90
93
2432
56
68
4084
4176
77
308
117
81
104
6119
6372
6879
7236
2748
3857
39
152
51
9044
3428
10157
58
1114
62
2748
108
5441
101
1540
8271
9158
15545
2769
252
72
68
99
6962
7977
20555
456
21152
2681
1784
16390
10796
8134
11391
4743
6606
81
62
67
74
64
60
56
80
65
77
67
89
83
57
56
26870
60
63
71
61
64
59
92
2848
77
69
61
64
2333
57
4275
67
76
50
61
53
56
64
71
52
50
6418
62
65
45
3110
4191
23482
86
3787
93
4534
28172
20799
10056
6128
9945
25289
9256
34466
20936
57821
116
153
181
162
53
50
210
108
112
130
115
100
303
126
182
190
74
221
87
393
1592
2069
3935
60
5403
4832
8235
2852
38
40
63
8490
47
81
67
49
66
59
9277
232
3267
6532
239
58
277
27
28
68
143
51
30
45
75
3759
68
1187
5720
11020
3872
22319
10588
1181
5111
291
17164
73
98
38
133
2425
97
84
47
2324
53
45
32
38
37
8542
4133
4112
15080
11364
1022
17427
2610
14823
2817
21712
5390
6225
6547
9312
10365
6493
31967
60
68
122
61
35
43
58
37
48
38
36
43
42
2914
3337
4143
8237
8404
17126
18512
17694
36634
53810
152
151
151
148
162
178
75
80
100
215
102
98
215
100
196
184
53
49
106
135
221
524
1402
1942
1934
130
4600
5749
5101
5244
9930
10421
32
10506
46
40
53
55
49
66
48
36
141
193
62
61
103
118
164
84
56
104
71
10070
4138
10046
40
7712
12531
1148
3898
10520
4060
11113
18196
15812
2158
17624
5524
273
10976
2799
5109
22463
58
54
90
174
87
36
32
36
36
35
34
2928
27456
5998
28578
16523
7375
953
2489
2161
3070
3245
6078
117
9493
47
43
38
31
31
26
42
33
23
25
3771
84
108
10619
9555
22823
18409
13750
37020
23469
57988
213
287
75
285
99
151
167
81
92
169
147
1093
115
2041
3265
3857
60
82
4481
85
108
5052
38
6030
6611
7741
56
51
33
35
29
28
8030
4032
58
72
165
59
59
8523
8455
10666
219
9127
2461
8555
14030
100
2855
2754
10829
14146
80
7276
3257
3230
6925
1230
1574
304
50
94
46
16773
1377
16566
3539
8913
3418
113
4331
66
73
21137
24350
55
46
40
49
42
50
58
39
35
53
42
44
51
45
54
58
53
7029
20712
5956
6572
29772
2286
30550
75
107
75
107
118
51
56
94
111
106
116
69
69
13062
11133
7802
6908
9666
11161
22390
51283
163
224
225
55
72
90
93
2432
56
68
4084
4176
77
308
117
81
104
6119
6372
6879
7236
2748
3857
39
152
51
9044
3428
10157
58
1114
62
2748
108
5441
101
1540
8271
9158
15545
2769
252
72
68
99
6962
7977
20555
456
21152
2681
1784
16390
10796
8134
11391
4743
6606
81
62
67
74
64
60
56
80
65
77
67
89
83
57
56
26870
60
63
71
61
64
59
92
2848
77
69
61
64
2333
57
4275
67
76
50
61
53
56
64
71
52
50
6418
62
65
45
3110
4191
23482
86
3787
93
4534
28172
20799
10056
6128
9945
25289
9256
34466
20936
57821
116
153
181
162
53
50
210
108
112
130
115
100
303
126
182
190
74
221
87
393
1592
2069
3935
60
5403
4832
8235
2852
38
40
63
8490
47
81
67
49
66
59
9277
232
3267
6532
239
58
277
27
28
68
143
51
30
45
75
3759
68
1187
5720
11020
3872
22319
10588
1181
5111
291
17164
73
98
38
133
2425
97
84
47
2324
53
45
32
38
37
8542
4133
4112
15080
11364
1022
17427
2610
14823
2817
21712
5390
6225
6547
9312
10365
6493
31967
60
68
122
61
35
43
58
37
48
38
36
43
42
2914
3337
4143
8237
8404
17126
18512
17694
36634
53810
152
151
151
148
162
178
75
80
100
215
102
98
215
100
196
184
53
49
106
135
221
524
1402
1942
1934
130
4600
5749
5101
5244
9930
10421
32
10506
46
40
53
55
49
66
48
36
141
193
62
61
103
118
164
84
56
104
71
10070
4138
10046
40
7712
12531
1148
3898
10520
4060
11113
18196
15812
2158
17624
5524
273
10976
2799
5109
22463
58
54
90
174
87
36
32
36
36
35
34
2928
27456
5998
28578
16523
7375
953
2489
2161
3070
3245
6078
117
9493
47
43
38
31
31
26
42
33
23
25
3771
84
108
10619
9555
22823
18409
13750
37020
23469
57988
213
287
75
285
99
151
167
81
92
169
147
1093
115
2041
3265
3857
60
82
4481
85
108
5052
38
6030
6611
7741
56
51
33
35
29
28
8030
4032
58
72
165
59
59
8523
8455
10666
219
9127
2461
8555
14030
100
2855
2754
10829
14146
80
7276
3257
3230
6925
1230
1574
304
50
94
46
16773
1377
16566
3539
8913
3418
113
4331
66
73
21137
24350
55
46
40
49
42
50
58
39
35
53
42
44
51
45
54
58
53
7029
20712
5956
6572
29772
2286
30550
75
107
75
107
118
51
56
94
111
106
116
69
69
13062
11133
7802
6908
9666
11161
22390
51283
163
224
225
55
72
90
93
2432
56
68
4084
4176
77
308
117
81
104
6119
6372
6879
7236
2748
3857
39
152
51
9044
3428
10157
58
1114
62
2748
108
5441
101
1540
8271
9158
15545
2769
252
72
68
99
6962
7977
20555
456
21152
2681
1784
16390
10796
8134
11391
4743
6606
81
62
67
74
64
60
56
80
65
77
67
89
83
57
56
26870
60
63
71
61
64
59
92
2848
77
69
61
64
2333
57
4275
67
76
50
61
53
56
64
71
52
50
6418
62
65
45
3110
4191
23482
86
3787
93
4534
28172
20799
10056
6128
9945
25289
9256
34466
20936
57821
116
153
181
162
53
50
210
108
112
130
115
100
303
126
182
190
74
221
87
393
1592
2069
3935
60
5403
4832
8235
2852
38
40
63
8490
47
81
67
49
66
59
9277
232
3267
6532
239
58
277
27
28
68
143
51
30
45
75
3759
68
1187
5720
11020
3872
22319
10588
1181
5111
291
17164
73
98
38
133
2425
97
84
47
2324
53
45
32
38
37
8542
4133
4112
15080
11364
1022
17427
2610
14823
2817
21712
5390
6225
6547
9312
10365
6493
31967
60
68
122
61
35
43
58
37
48
38
36
43
42
2914
3337
4143
8237
8404
17126
18512
17694
36634
53810
152
151
151
148
162
178
75
80
100
215
102
98
215
100
196
184
53
49
106
135
221
524
1402
1942
1934
130
4600
5749
5101
5244
9930
10421
32
10506
46
40
53
55
49
66
48
36
141
193
62
61
103
118
164
84
56
104
71
10070
4138
10046
40
7712
12531
1148
3898
10520
4060
11113
18196
15812
2158
17624
5524
273
10976
2799
5109
22463
58
54
90
174
87
36
32
36
36
35
34
2928
27456
5998
28578
16523
7375
953
2489
2161
3070
3245
6078
117
9493
47
43
38
31
31
26
42
33
23
25
3771
84
108
10619
9555
22823
18409
13750
37020
23469
57988
213
287
75
285
99
151
167
81
92
169
147
1093
115
2041
3265
3857
60
82
4481
85
108
5052
38
6030
6611
7741
56
51
33
35
29
28
8030
4032
58
72
165
59
59
8523
8455
10666
219
9127
2461
8555
14030
100
2855
2754
10829
14146
80
7276
3257
3230
6925
1230
1574
304
50
94
46
16773
1377
16566
3539
8913
3418
113
4331
66
73
21137
24350
55
46
40
49
42
50
58
39
35
53
42
44
51
45
54
58
53
7029
20712
5956
6572
29772
2286
30550
75
107
75
107
118
51
56
94
111
106
116
69
69
13062
11133
7802
6908
9666
11161
22390
51283
