446
462
498
533
631
603
635
821
831
844
434
399
907
976
403
651
548
429
526
561
389
711
1397
1482
1332
1329
1449
1508
1461
1434
1367
475
1503
1088
554
530
818
1098
1651
697
562
1474
1562
1754
635
416
878
716
1098
477
380
698
415
450
558
433
342
397
682
616
647
579
381
698
336
498
697
529
423
302
586
444
703
558
731
846
391
523
742
491
462
604
891
836
823
773
488
398
484
909
950
400
930
1007
445
503
445
572
739
638
824
392
445
703
339
525
597
847
592
645
468
425
664
578
459
712
513
627
520
655
504
534
570
571
584
682
731
762
803
821
389
907
918
418
544
333
451
1028
1055
1269
1352
483
1323
1183
1277
1400
1299
640
1065
1153
1270
460
676
541
518
473
444
423
762
748
790
829
737
473
428
466
495
830
826
569
427
986
460
475
376
1108
518
948
1112
1052
562
1011
982
422
852
470
721
597
629
605
447
480
644
637
623
480
534
471
488
573
821
898
448
944
511
740
957
733
466
524
617
479
514
663
663
506
859
521
452
403
408
727
454
631
688
491
545
405
474
627
760
748
670
931
634
421
818
833
797
982
466
505
512
530
516
572
576
593
643
679
745
891
475
904
888
957
909
980
859
919
844
1001
1101
1007
491
487
488
500
488
478
631
655
784
656
524
329
676
477
429
774
521
562
840
828
439
342
368
889
991
957
940
326
529
1037
1213
520
434
1105
1132
493
1164
843
526
358
1226
1166
375
1037
672
486
1435
563
432
534
441
1175
1703
1537
556
1340
1299
849
944
1184
1073
538
1419
919
409
664
735
398
677
505
577
824
827
853
890
1072
384
979
1002
939
387
820
2238
2280
475
2376
634
494
2336
662
619
2490
1039
714
598
1086
428
477
511
509
575
584
654
669
699
719
779
828
426
430
455
537
767
549
495
921
746
404
614
749
833
387
525
935
379
1024
537
457
409
960
350
479
928
361
414
917
445
1027
1016
463
464
724
478
1000
437
565
606
597
372
630
473
692
698
1030
427
802
733
489
685
1343
1091
770
581
412
552
889
714
383
594
468
387
516
501
471
457
612
598
369
540
477
563
497
520
898
455
437
880
891
813
441
998
453
457
391
860
362
422
427
288
314
786
665
935
371
399
980
1041
1062
549
560
795
1167
1215
1172
1084
1073
446
462
498
533
631
603
635
821
831
844
434
399
907
976
403
651
548
429
526
561
389
711
1397
1482
1332
1329
1449
1508
1461
1434
1367
475
1503
1088
554
530
818
1098
1651
697
562
1474
1562
1754
635
416
878
716
1098
477
380
698
415
450
558
433
342
397
682
616
647
579
381
698
336
498
697
529
423
302
586
444
703
558
731
846
391
523
742
491
462
604
891
836
823
773
488
398
484
909
950
400
930
1007
445
503
445
572
739
638
824
392
445
703
339
525
597
847
592
645
468
425
664
578
459
712
513
627
520
655
504
534
570
571
584
682
731
762
803
821
389
907
918
418
544
333
451
1028
1055
1269
1352
483
1323
1183
1277
1400
1299
640
1065
1153
1270
460
676
541
518
473
444
423
762
748
790
829
737
473
428
466
495
830
826
569
427
986
460
475
376
1108
518
948
1112
1052
562
1011
982
422
852
470
721
597
629
605
447
480
644
637
623
480
534
471
488
573
821
898
448
944
511
740
957
733
466
524
617
479
514
663
663
506
859
521
452
403
408
727
454
631
688
491
545
405
474
627
760
748
670
931
634
421
818
833
797
982
466
505
512
530
516
572
576
593
643
679
745
891
475
904
888
957
909
980
859
919
844
1001
1101
1007
491
487
488
500
488
478
631
655
784
656
524
329
676
477
429
774
521
562
840
828
439
342
368
889
991
957
940
326
529
1037
1213
520
434
1105
1132
493
1164
843
526
358
1226
1166
375
1037
672
486
1435
563
432
534
441
1175
1703
1537
556
1340
1299
849
944
1184
1073
538
1419
919
409
664
735
398
677
505
577
824
827
853
890
1072
384
979
1002
939
387
820
2238
2280
475
2376
634
494
2336
662
619
2490
1039
714
598
1086
428
477
511
509
575
584
654
669
699
719
779
828
426
430
455
537
767
549
495
921
746
404
614
749
833
387
525
935
379
1024
537
457
409
960
350
479
928
361
414
917
445
1027
1016
463
464
724
478
1000
437
565
606
597
372
630
473
692
698
1030
427
802
733
489
685
1343
1091
770
581
412
552
889
714
383
594
468
387
516
501
471
457
612
598
369
540
477
563
497
520
898
455
437
880
891
813
441
998
453
457
391
860
362
422
427
288
314
786
665
935
371
399
980
1041
1062
549
560
795
1167
1215
1172
1084
1073
446
462
498
533
631
603
635
821
831
844
434
399
907
976
403
651
548
429
526
561
389
711
1397
1482
1332
1329
1449
1508
1461
1434
1367
475
1503
1088
554
530
818
1098
1651
697
562
1474
1562
1754
635
416
878
716
1098
477
380
698
415
450
558
433
342
397
682
616
647
579
381
698
336
498
697
529
423
302
586
444
703
558
731
846
391
523
742
491
462
604
891
836
823
773
488
398
484
909
950
400
930
1007
445
503
445
572
739
638
824
392
445
703
339
525
597
847
592
645
468
425
664
578
459
712
513
627
520
655
504
534
570
571
584
682
731
762
803
821
389
907
918
418
544
333
451
1028
1055
1269
1352
483
1323
1183
1277
1400
1299
640
1065
1153
1270
460
676
541
518
473
444
423
762
748
790
829
737
473
428
466
495
830
826
569
427
986
460
475
376
1108
518
948
1112
1052
562
1011
982
422
852
470
721
597
629
605
447
480
644
637
623
480
534
471
488
573
821
898
448
944
511
740
957
733
466
524
617
479
514
663
663
506
859
521
452
403
408
727
454
631
688
491
545
405
474
627
760
748
670
931
634
421
818
833
797
982
466
505
512
530
516
572
576
593
643
679
745
891
475
904
888
957
909
980
859
919
844
1001
1101
1007
491
487
488
500
488
478
631
655
784
656
524
329
676
477
429
774
521
562
840
828
439
342
368
889
991
957
940
326
529
1037
1213
520
434
1105
1132
493
1164
843
526
358
1226
1166
375
1037
672
486
1435
563
432
534
441
1175
1703
1537
556
1340
1299
849
944
1184
1073
538
1419
919
409
664
735
398
677
505
577
824
827
853
890
1072
384
979
1002
939
387
820
2238
2280
475
2376
634
494
2336
662
619
2490
1039
714
598
1086
428
477
511
509
575
584
654
669
699
719
779
828
426
430
455
537
767
549
495
921
746
404
614
749
833
387
525
935
379
1024
537
457
409
960
350
479
928
361
414
917
445
1027
1016
463
464
724
478
1000
437
565
606
597
372
630
473
692
698
1030
427
802
733
489
685
1343
1091
770
581
412
552
889
714
383
594
468
387
516
501
471
457
612
598
369
540
477
563
497
520
898
455
437
880
891
813
441
998
453
457
391
860
362
422
427
288
314
786
665
935
371
399
980
1041
1062
549
560
795
1167
1215
1172
1084
1073
