156
112
134
116
95
83
123
120
117
122
153
84
87
220
103
76
93
117
296
89
80
120
77
148
97
96
168
121
89
73
152
93
128
84
154
85
75
242
154
84
92
78
89
117
243
123
80
256
165
97
85
119
104
74
254
93
151
94
91
242
114
223
77
242
149
96
103
225
146
151
119
79
125
188
88
103
145
215
112
112
217
97
114
185
115
117
152
155
187
104
85
125
131
170
131
101
131
101
115
85
129
110
133
91
160
120
114
163
157
117
117
121
138
193
114
83
123
111
161
159
163
133
196
219
116
145
202
114
181
146
157
89
95
145
141
117
83
173
215
94
133
144
171
146
86
180
138
116
128
175
174
114
140
155
96
186
169
118
107
171
107
154
111
177
113
104
156
116
100
146
149
100
116
117
173
164
134
97
207
156
135
150
99
102
169
79
110
112
135
128
128
163
112
126
172
99
103
114
110
87
112
124
134
101
99
243
139
123
109
78
161
97
93
114
71
120
98
137
113
122
260
101
68
107
158
110
100
215
105
73
112
114
106
131
80
108
126
171
158
183
137
138
191
137
147
141
123
87
111
121
249
154
108
124
105
120
166
109
109
140
154
162
143
125
134
103
129
117
151
317
194
154
109
107
177
100
140
116
121
189
122
92
113
113
139
106
107
112
137
152
121
105
129
100
106
269
100
141
109
118
231
97
153
105
116
103
215
176
135
141
127
93
100
107
156
182
136
239
90
89
111
170
93
115
109
112
142
91
136
100
157
234
117
164
107
103
115
105
135
119
174
144
97
93
171
134
193
135
132
132
148
105
161
89
94
114
93
120
222
191
109
111
123
204
92
105
154
181
105
126
319
252
199
248
116
151
94
107
96
115
114
162
132
121
147
131
141
237
144
160
120
143
299
99
139
95
209
136
124
87
119
106
106
140
188
298
139
147
122
134
104
110
107
111
247
193
124
104
99
161
111
91
109
175
104
111
172
92
107
104
116
116
90
228
133
150
86
113
217
128
91
102
302
94
146
92
111
90
114
91
146
101
125
98
187
91
88
95
146
91
109
82
124
175
222
180
152
132
96
85
80
111
118
122
138
134
127
121
165
151
156
112
134
116
95
83
123
120
117
122
153
84
87
220
103
76
93
117
296
89
80
120
77
148
97
96
168
121
89
73
152
93
128
84
154
85
75
242
154
84
92
78
89
117
243
123
80
256
165
97
85
119
104
74
254
93
151
94
91
242
114
223
77
242
149
96
103
225
146
151
119
79
125
188
88
103
145
215
112
112
217
97
114
185
115
117
152
155
187
104
85
125
131
170
131
101
131
101
115
85
129
110
133
91
160
120
114
163
157
117
117
121
138
193
114
83
123
111
161
159
163
133
196
219
116
145
202
114
181
146
157
89
95
145
141
117
83
173
215
94
133
144
171
146
86
180
138
116
128
175
174
114
140
155
96
186
169
118
107
171
107
154
111
177
113
104
156
116
100
146
149
100
116
117
173
164
134
97
207
156
135
150
99
102
169
79
110
112
135
128
128
163
112
126
172
99
103
114
110
87
112
124
134
101
99
243
139
123
109
78
161
97
93
114
71
120
98
137
113
122
260
101
68
107
158
110
100
215
105
73
112
114
106
131
80
108
126
171
158
183
137
138
191
137
147
141
123
87
111
121
249
154
108
124
105
120
166
109
109
140
154
162
143
125
134
103
129
117
151
317
194
154
109
107
177
100
140
116
121
189
122
92
113
113
139
106
107
112
137
152
121
105
129
100
106
269
100
141
109
118
231
97
153
105
116
103
215
176
135
141
127
93
100
107
156
182
136
239
90
89
111
170
93
115
109
112
142
91
136
100
157
234
117
164
107
103
115
105
135
119
174
144
97
93
171
134
193
135
132
132
148
105
161
89
94
114
93
120
222
191
109
111
123
204
92
105
154
181
105
126
319
252
199
248
116
151
94
107
96
115
114
162
132
121
147
131
141
237
144
160
120
143
299
99
139
95
209
136
124
87
119
106
106
140
188
298
139
147
122
134
104
110
107
111
247
193
124
104
99
161
111
91
109
175
104
111
172
92
107
104
116
116
90
228
133
150
86
113
217
128
91
102
302
94
146
92
111
90
114
91
146
101
125
98
187
91
88
95
146
91
109
82
124
175
222
180
152
132
96
85
80
111
118
122
138
134
127
121
165
151
156
112
134
116
95
83
123
120
117
122
153
84
87
220
103
76
93
117
296
89
80
120
77
148
97
96
168
121
89
73
152
93
128
84
154
85
75
242
154
84
92
78
89
117
243
123
80
256
165
97
85
119
104
74
254
93
151
94
91
242
114
223
77
242
149
96
103
225
146
151
119
79
125
188
88
103
145
215
112
112
217
97
114
185
115
117
152
155
187
104
85
125
131
170
131
101
131
101
115
85
129
110
133
91
160
120
114
163
157
117
117
121
138
193
114
83
123
111
161
159
163
133
196
219
116
145
202
114
181
146
157
89
95
145
141
117
83
173
215
94
133
144
171
146
86
180
138
116
128
175
174
114
140
155
96
186
169
118
107
171
107
154
111
177
113
104
156
116
100
146
149
100
116
117
173
164
134
97
207
156
135
150
99
102
169
79
110
112
135
128
128
163
112
126
172
99
103
114
110
87
112
124
134
101
99
243
139
123
109
78
161
97
93
114
71
120
98
137
113
122
260
101
68
107
158
110
100
215
105
73
112
114
106
131
80
108
126
171
158
183
137
138
191
137
147
141
123
87
111
121
249
154
108
124
105
120
166
109
109
140
154
162
143
125
134
103
129
117
151
317
194
154
109
107
177
100
140
116
121
189
122
92
113
113
139
106
107
112
137
152
121
105
129
100
106
269
100
141
109
118
231
97
153
105
116
103
215
176
135
141
127
93
100
107
156
182
136
239
90
89
111
170
93
115
109
112
142
91
136
100
157
234
117
164
107
103
115
105
135
119
174
144
97
93
171
134
193
135
132
132
148
105
161
89
94
114
93
120
222
191
109
111
123
204
92
105
154
181
105
126
319
252
199
248
116
151
94
107
96
115
114
162
132
121
147
131
141
237
144
160
120
143
299
99
139
95
209
136
124
87
119
106
106
140
188
298
139
147
122
134
104
110
107
111
247
193
124
104
99
161
111
91
109
175
104
111
172
92
107
104
116
116
90
228
133
150
86
113
217
128
91
102
302
94
146
92
111
90
114
91
146
101
125
98
187
91
88
95
146
91
109
82
124
175
222
180
152
132
96
85
80
111
118
122
138
134
127
121
165
151
