2483
2648
2656
2765
461
505
679
2021
2093
532
436
349
355
2101
518
476
2410
594
452
311
489
442
281
492
300
334
351
338
3370
390
616
449
511
350
356
566
318
220
333
371
542
3940
1980
2178
341
396
444
449
351
553
386
433
340
1063
290
260
414
482
382
413
467
371
512
287
314
875
518
269
303
326
548
413
514
503
417
318
399
407
309
433
366
485
387
296
282
449
381
386
285
246
365
391
336
376
275
211
310
530
308
238
243
409
408
456
389
406
2140
2199
1596
1591
1727
1953
1792
1887
2072
2223
2110
2168
1699
2010
2063
2596
745
2727
2721
335
1967
2064
279
369
482
347
2711
2817
645
454
264
365
490
429
470
420
351
781
1338
1285
217
349
345
368
569
1286
258
1205
230
368
385
520
296
1328
289
373
248
330
339
292
264
514
213
286
250
279
1192
3283
3295
240
476
214
321
696
446
841
225
233
257
215
242
406
220
229
232
238
258
238
553
242
276
222
254
232
243
335
247
249
283
224
348
197
248
429
283
233
295
254
203
216
251
230
440
228
234
249
2440
436
351
2703
1598
1863
2002
2218
2417
2555
2418
2467
3130
3189
1814
1951
1764
1922
1805
1934
342
1492
304
2411
2437
1717
278
2151
376
302
1403
538
2285
692
664
297
392
433
501
456
411
1958
660
522
331
229
254
431
426
444
318
339
2379
469
1714
309
302
577
1954
373
327
373
410
372
294
302
564
242
581
326
310
569
324
326
519
534
280
411
345
444
476
436
434
472
487
307
343
228
448
312
466
387
302
263
393
249
369
277
375
317
352
354
261
306
276
273
453
361
270
354
240
281
215
371
425
394
280
500
239
220
261
318
413
504
2315
2501
2161
2162
1478
1514
1627
1772
1836
1888
1876
2131
1755
1769
