161
88
137
126
84
154
88
88
255
134
72
110
68
170
71
68
81
72
80
73
99
112
81
74
63
80
77
79
112
188
81
89
93
101
62
75
127
93
109
72
68
76
80
68
66
86
111
134
145
107
94
67
100
99
69
124
69
94
89
62
65
115
117
112
73
83
61
76
62
66
161
76
68
56
59
67
88
82
135
128
120
78
73
82
73
128
81
79
96
80
122
78
75
60
79
59
81
87
133
149
73
53
73
98
56
90
264
105
101
78
53
65
58
75
76
116
105
99
196
201
153
171
60
124
155
156
86
161
110
64
308
90
100
68
74
89
60
97
88
82
70
75
64
82
93
58
103
111
89
57
232
88
69
100
54
98
70
69
75
116
103
106
69
133
67
118
80
64
85
53
93
88
110
71
67
90
58
144
82
110
106
157
78
64
57
48
78
88
60
76
90
70
67
104
98
123
119
65
102
100
94
57
53
50
77
93
75
61
76
54
54
110
60
123
69
85
51
83
105
85
66
85
114
98
81
100
106
78
73
65
69
63
90
86
82
117
106
89
121
119
184
128
233
83
98
78
128
228
113
138
145
96
75
235
78
76
216
63
110
91
86
65
106
108
88
80
79
86
121
104
79
90
96
87
89
88
83
95
66
69
107
185
82
158
54
79
85
87
97
110
83
73
58
99
74
88
76
83
68
93
71
150
141
123
114
70
88
76
65
104
74
91
106
63
87
82
69
72
91
88
156
146
96
168
152
72
86
68
66
70
89
73
109
108
94
96
91
106
93
119
76
60
98
76
73
78
78
66
80
74
71
77
105
71
59
67
74
69
87
105
