111
102
153
176
182
137
181
186
210
200
192
218
79
88
253
199
257
256
270
98
322
307
322
158
156
343
154
121
116
135
42
400
426
192
164
111
34
298
242
235
509
133
174
147
215
145
112
291
346
226
364
189
63
159
432
45
663
103
169
106
213
256
234
285
261
44
386
429
312
755
240
77
67
616
58
142
261
347
286
346
68
163
194
308
253
217
81
344
143
88
218
459
79
110
172
249
203
271
398
261
31
430
47
133
153
546
126
581
109
145
22
547
85
130
619
105
79
138
447
152
304
595
572
336
127
216
650
385
830
598
278
491
234
709
849
771
856
264
326
450
743
1046
543
403
272
241
264
974
371
327
456
109
212
377
496
364
591
210
623
430
713
286
1444
451
220
331
1158
236
392
310
442
112
324
199
202
130
186
467
289
557
479
255
522
344
783
171
465
169
869
311
356
1724
667
621
294
10
699
315
569
72
68
59
1311
19
17
16
12
300
401
51
50
39
55
31
18
15
469
739
808
25
29
28
31
472
454
459
729
447
307
595
465
444
374
332
634
573
603
556
665
822
124
119
168
176
176
178
194
221
201
100
227
236
230
257
240
247
244
242
98
283
293
38
309
122
324
75
371
200
170
390
164
134
103
450
190
206
272
234
91
164
97
258
222
243
119
308
185
229
595
349
463
116
173
302
81
294
692
242
94
475
196
133
130
465
353
94
336
69
287
92
653
89
303
75
94
187
254
293
401
161
116
226
151
69
212
105
100
162
71
417
82
194
149
314
185
90
151
312
144
98
613
160
269
181
379
126
359
13
418
47
667
780
812
77
556
575
273
852
102
447
139
673
410
661
617
148
729
239
644
763
569
315
598
841
293
365
793
245
312
383
184
1139
453
953
914
1065
466
267
384
300
244
539
237
386
260
363
469
400
286
224
220
646
244
281
189
677
611
504
65
280
765
730
279
168
197
284
159
296
224
377
510
722
165
336
229
448
268
264
814
550
610
549
277
665
12
11
19
11
605
286
340
16
333
14
26
22
9
24
9
15
349
52
53
33
48
7
13
20
792
280
770
506
406
261
522
685
188
512
477
418
445
410
385
545
1066
649
751
671
720
717
144
144
149
171
164
162
162
171
167
172
191
188
202
202
215
78
289
258
304
283
303
107
109
301
110
324
305
169
171
149
350
66
51
183
93
429
49
144
96
106
22
477
184
321
210
295
163
84
170
364
154
428
392
110
292
184
262
407
135
218
188
488
239
441
249
86
346
393
188
354
311
446
166
186
209
348
517
254
616
535
140
321
281
249
161
147
92
381
62
50
253
203
52
53
180
300
175
411
278
105
183
247
155
592
161
446
610
107
28
107
353
97
442
122
611
725
89
321
220
161
382
321
744
795
192
790
588
503
573
606
272
280
267
303
732
898
224
909
293
922
974
211
194
275
834
383
884
322
235
127
162
258
663
391
573
245
453
231
225
555
1306
350
634
259
272
316
528
783
440
730
71
568
582
442
315
266
632
194
203
279
187
156
283
899
234
538
453
270
276
453
276
473
343
266
9
405
266
17
49
550
11
16
21
627
22
31
387
17
21
34
13
26
11
468
13
14
23
27
30
391
190
445
128
545
799
512
193
866
546
378
446
500
585
424
566
538
1127
838
818
864
