164
197
207
2176
2352
2710
2862
3560
4031
4898
79
5193
271
3420
6661
219
7012
98
7088
120
1784
6476
5169
84
9429
75
64
9898
80
55
63
51
102
51
42
49
10504
4233
69
10624
38
54
73
11041
5600
11448
11544
2854
55
11659
88
12419
12500
9456
55
90
64
59
994
51
54
70
1613
52
93
13736
61
57
13816
64
8833
71
45
48
5998
4501
6741
63
58
42
39
46
59
55
48
46
52
67
52
60
8433
19168
16455
7806
7804
8769
6303
2250
13837
7921
8807
10559
2742
97
12836
19985
25251
8493
18329
12735
24510
34202
26607
31685
43559
30619
35000
42086
51632
73151
150
198
231
93
197
1155
145
131
84
1872
3199
3340
3354
2109
4738
364
5119
5398
5569
2339
5764
81
7567
7586
8414
8428
107
54
3147
9072
69
9323
10315
2378
11354
11519
6394
11959
100
12091
55
108
8980
2035
52
3796
39
41
53
53
54
93
13026
13093
102
5200
10544
52
4856
53
7014
70
75
61
49
56
55
1031
72
42
54
42
46
60
41
57
36
15423
48
73
56
56
61
61
55
52
89
61
94
8613
59
69
5710
14663
10243
10508
6876
13716
6569
9361
7970
2897
25660
9078
15138
27314
19487
17488
15785
18353
12735
18757
27219
32480
45706
30909
42072
39277
51294
70032
167
206
200
232
301
147
1905
1991
2966
3334
4048
4768
55
4950
6147
6213
1208
7418
4423
63
80
59
7251
71
57
3673
49
5553
7799
61
111
324
56
49
42
8328
105
93
8542
170
8960
9701
10410
64
10792
3548
9487
93
11721
11431
12908
6429
6516
14352
54
6800
67
60
10138
76
59
68
41
70
45
3697
1177
571
567
139
34
41
60
41
40
34
60
34
55
66
59
51
51
65
55
10807
7826
6734
972
448
435
10356
15334
11612
19226
6982
2895
7014
13812
10050
11795
13134
25066
12701
19206
18098
7862
2556
24776
28727
11886
34332
15802
31100
47419
37227
48467
41529
51019
75685
