274
308
309
304
318
308
350
331
358
341
333
331
363
385
409
404
425
440
446
445
467
452
508
512
257
232
571
275
259
285
282
261
276
304
291
267
267
629
294
295
244
262
310
285
266
323
232
190
191
277
214
231
149
251
303
272
256
228
263
276
232
500
418
304
257
346
278
237
570
312
157
239
212
169
442
227
171
203
147
271
278
200
234
143
509
226
174
160
213
451
483
280
151
191
461
314
159
160
162
194
215
204
156
205
280
210
195
225
269
268
157
180
242
175
203
248
289
266
322
321
223
250
265
291
313
346
335
335
340
367
370
337
363
427
442
426
418
423
471
504
274
267
529
249
568
569
241
607
280
378
609
286
273
273
645
296
281
337
295
366
323
262
459
388
357
283
378
255
329
245
226
346
273
272
293
275
319
188
230
440
253
404
365
141
252
418
246
437
223
235
159
350
271
163
140
298
201
234
222
196
323
210
207
363
253
160
392
354
171
420
331
131
281
171
163
179
179
155
245
367
215
193
209
249
499
219
241
218
224
147
320
198
414
233
296
267
258
302
359
344
292
306
313
331
314
333
333
344
321
371
362
394
395
369
392
396
386
411
411
415
422
425
456
431
263
302
271
596
615
249
273
239
288
322
218
289
355
336
277
293
310
348
361
142
357
418
239
153
437
256
237
249
427
545
477
301
255
508
298
161
263
259
272
255
262
384
189
431
309
204
225
398
468
247
266
239
266
197
327
354
249
293
240
290
240
342
166
352
229
187
278
265
135
156
362
319
212
223
181
189
211
189
233
143
218
277
201
188
202
196
185
168
235
220
173
175
258
240
270
274
