62
66
86
44
78
75
71
79
72
104
50
54
60
51
69
90
74
87
68
102
108
38
74
58
70
48
51
87
59
100
59
47
48
69
70
55
48
56
65
60
62
65
52
44
60
84
86
49
55
57
61
37
90
68
65
115
59
118
44
65
52
46
60
88
124
56
50
45
65
56
66
71
67
84
57
60
86
49
42
48
83
47
79
63
82
58
64
81
59
65
41
69
39
36
73
53
45
75
108
183
61
68
53
93
113
53
51
68
40
107
36
60
36
66
82
40
177
75
67
79
60
87
73
37
65
50
88
46
69
121
68
50
48
97
79
63
47
90
72
78
72
56
81
75
106
80
47
43
60
46
60
108
136
61
64
48
59
77
64
73
86
74
45
83
74
126
53
78
37
54
72
39
58
59
51
36
71
58
45
47
86
101
46
56
66
74
70
45
53
65
52
60
44
60
98
64
143
91
33
53
192
173
49
157
46
52
56
56
61
41
76
73
66
165
138
80
66
37
70
66
59
61
75
73
48
37
89
57
56
87
65
40
93
80
63
93
59
58
82
88
99
79
93
62
83
59
45
49
124
69
78
100
46
76
109
60
40
97
38
53
78
83
55
75
50
66
51
125
49
73
40
104
46
88
49
45
54
99
61
130
42
62
63
97
104
59
56
62
93
53
73
113
70
57
56
50
60
59
62
51
103
95
50
81
66
42
72
65
53
81
68
74
66
68
82
78
42
55
35
43
83
79
64
88
81
61
111
77
52
54
46
79
66
63
64
50
47
53
61
48
79
48
91
82
72
81
53
46
56
69
74
63
71
72
61
62
134
117
108
108
