86
108
118
168
154
170
197
201
180
195
205
210
220
50
253
262
268
48
297
122
292
300
267
115
104
160
337
220
386
96
132
413
154
186
342
108
422
237
247
135
222
327
255
64
203
107
59
112
507
56
230
267
49
247
54
148
73
54
152
85
151
95
198
247
230
65
41
329
151
72
328
179
67
238
74
115
155
288
115
122
149
160
483
160
159
357
121
265
542
131
425
151
159
288
106
132
155
391
178
226
319
571
180
103
14
1098
80
63
435
341
376
100
417
103
63
572
228
556
463
409
161
522
321
594
349
379
170
142
491
496
164
446
502
578
312
185
312
163
133
785
322
256
184
231
426
874
355
170
380
495
499
119
442
969
494
259
188
444
589
298
294
140
679
172
270
1152
371
474
633
501
275
102
309
371
187
304
427
206
343
259
195
290
161
290
378
703
537
355
438
271
296
311
335
292
13
15
12
17
226
316
108
318
42
659
375
387
52
65
56
54
379
645
29
50
53
20
17
24
445
18
12
27
15
238
734
241
398
391
575
278
442
476
241
259
358
464
254
552
554
619
104
147
148
152
154
154
162
170
165
173
176
171
196
209
216
211
218
223
225
262
269
118
327
156
163
159
96
257
235
396
256
420
92
268
177
51
484
268
303
509
350
187
175
400
407
218
234
466
103
407
191
145
220
476
457
245
481
222
489
95
153
170
466
156
312
419
112
473
158
140
47
81
141
120
105
76
201
56
65
496
56
121
67
235
425
58
100
257
387
123
521
388
429
102
405
92
294
44
293
546
35
153
120
194
59
11
495
713
587
50
438
46
286
150
104
206
107
571
440
142
433
444
140
410
205
462
645
364
216
481
469
430
196
304
215
165
284
166
182
390
144
359
137
722
801
786
244
406
141
99
116
348
319
403
494
958
231
114
445
259
233
210
290
292
271
542
253
251
80
449
260
170
127
500
126
278
300
158
258
236
265
414
631
505
241
357
459
250
1279
880
359
480
257
676
12
326
14
14
297
26
313
433
364
285
589
54
61
27
64
79
24
57
36
375
200
23
36
36
26
321
346
44
35
36
472
491
285
247
271
433
138
306
365
553
374
152
140
269
478
501
99
114
123
125
135
148
158
144
170
168
197
170
203
231
205
218
214
219
220
223
228
235
240
84
278
120
300
168
244
211
231
138
209
200
221
206
213
442
217
309
173
372
101
173
177
251
311
369
190
261
408
410
119
432
114
425
203
385
135
152
475
106
77
371
304
232
471
184
72
333
132
116
145
224
58
76
119
60
113
482
127
585
145
60
220
92
420
65
112
126
476
110
189
147
590
426
192
414
162
188
142
205
391
317
97
50
130
355
550
638
53
73
210
86
417
559
66
96
242
671
505
316
345
504
200
478
868
735
637
610
625
231
742
262
637
237
290
840
344
332
413
401
814
162
223
225
446
218
190
257
310
1031
419
447
513
153
257
251
328
215
309
142
519
497
281
286
248
231
206
290
122
466
474
139
185
416
138
241
366
374
537
265
346
349
255
299
234
231
446
462
569
271
371
302
437
44
43
46
532
293
631
331
323
41
44
313
67
428
179
21
188
376
57
420
413
27
20
31
30
23
26
24
36
23
14
16
292
386
499
571
248
386
297
479
407
501
221
130
404
251
