197
238
258
283
287
275
146
1913
2279
2061
48
2926
2966
4329
4369
88
357
5203
119
2496
2470
80
5899
6683
2711
6155
85
8481
70
48
47
43
51
58
40
49
34
9633
4293
46
5251
66
104
10102
4804
7870
11067
11093
290
11390
11425
2888
11778
1206
13087
8046
6153
64
222
71
55
59
32
32
46
74
79
3451
434
12797
47
41
45
47
58
72
49
51
1632
15551
62
42
44
1025
48
72
50
8903
35
37
63
38
59
45
46
48
5913
7665
17801
8217
19305
19342
8167
13732
8641
21723
7844
12216
15221
10639
18872
15506
29035
20764
33315
20572
34286
32496
38485
48916
160
168
167
155
47
163
194
1747
2261
71
243
2619
2913
84
47
37
3631
1321
115
4536
4770
5007
2610
474
71
31
42
48
37
32
73
44
67
5898
45
86
2567
1713
2388
74
8016
8129
93
8395
8428
9278
9316
9464
9348
5881
2751
9656
11617
128
5778
2811
2749
7443
75
4623
993
41
42
55
14003
37
44
52
39
50
12382
43
50
44
49
41
43
54
51
56
14380
75
42
57
38
53
57
52
46
48
43
45
12394
9435
5833
7466
56
63
4773
8164
11368
10053
9530
21102
21584
10970
15170
23768
13214
19604
11789
27917
18373
20681
31696
23794
35767
36504
38238
67229
127
147
150
115
156
155
177
109
156
97
406
244
1652
2592
3073
3378
90
3810
4234
2645
4703
1166
3056
57
2843
5964
54
76
1259
77
6515
7543
9174
9243
9737
10584
10628
1816
11159
108
54
52
52
37
74
64
79
2589
11796
63
6619
11865
1759
7181
7053
13776
93
7783
45
7447
2206
43
39
30
37
56
54
55
36
54
33
33
36
38
56
270
1153
15213
5461
74
46
11833
38
59
46
27
46
2919
60
384
385
37
39
46
49
5330
17253
11612
17909
10350
7854
67
46
5729
5446
8369
23332
25526
10452
25465
14604
16053
19420
21679
33269
29741
34228
44228
38699
57019
