293
299
310
306
304
292
287
315
302
327
319
313
359
367
350
363
363
354
364
416
411
450
476
482
229
227
269
271
270
299
278
283
248
329
250
308
301
279
293
359
329
271
353
338
220
319
265
806
216
273
252
229
302
236
305
228
245
278
189
212
916
303
232
240
314
289
252
183
276
337
226
221
574
561
225
219
230
204
192
231
277
229
270
231
272
308
276
265
280
251
267
273
217
277
255
213
254
232
266
240
257
209
226
256
288
242
267
253
286
334
252
278
224
275
307
282
283
288
1215
1120
261
262
269
286
311
303
309
327
326
315
296
322
338
333
379
367
407
410
415
419
441
440
458
435
245
270
269
532
266
245
307
253
281
263
264
286
298
319
238
311
263
379
219
303
732
316
325
228
380
264
349
236
391
260
301
257
290
267
292
179
163
287
259
352
339
544
186
389
233
261
256
212
155
275
244
302
248
280
177
290
206
275
161
292
286
184
252
189
246
242
223
249
313
240
274
247
225
581
234
161
266
172
186
141
136
356
292
212
239
161
200
258
238
237
214
187
322
571
285
296
278
289
288
315
320
319
326
347
323
337
340
340
342
342
370
347
358
363
399
391
386
412
411
417
236
234
535
552
263
263
247
231
243
246
239
249
317
305
299
349
290
349
359
288
374
339
409
388
259
257
462
246
233
213
276
219
202
211
262
312
449
322
250
250
235
252
264
213
305
126
234
180
160
287
243
173
144
255
172
229
241
237
163
197
238
131
229
233
147
261
203
231
260
163
155
274
153
193
183
258
294
220
306
245
226
200
160
188
239
138
189
309
139
285
371
256
235
284
293
320
