93
71
127
106
54
109
61
56
86
60
56
96
58
115
71
82
95
102
78
104
52
55
84
64
78
84
65
56
54
77
53
91
56
72
78
99
76
81
68
57
86
76
54
56
72
69
53
92
61
76
73
63
61
133
70
120
72
70
127
49
52
76
57
63
57
86
66
69
55
93
77
61
119
72
60
65
65
56
57
56
66
68
106
56
79
62
99
54
106
87
72
95
52
57
58
91
67
53
50
99
65
97
73
56
59
95
105
49
94
66
68
81
52
49
74
64
55
70
58
67
61
102
63
43
69
125
82
65
68
48
54
42
73
89
68
65
70
86
86
38
70
57
129
41
47
86
42
77
99
46
54
102
79
52
62
50
71
74
84
70
63
61
50
51
100
64
61
65
46
48
88
53
55
79
84
44
93
73
36
53
108
88
42
73
64
58
49
79
59
43
74
83
59
86
56
49
60
70
37
62
83
54
49
102
62
61
39
60
43
42
101
97
68
95
46
63
58
42
67
60
77
57
78
97
38
46
78
46
58
55
70
59
77
46
61
54
89
63
67
76
74
59
68
75
56
76
89
53
83
89
37
67
89
54
81
132
55
78
79
55
72
71
62
83
75
73
168
106
45
58
49
68
93
118
71
76
69
37
107
98
96
86
45
82
53
46
54
79
52
65
56
59
51
108
88
71
62
64
60
109
69
39
71
63
43
65
60
72
69
53
48
81
38
98
67
61
39
37
133
38
131
121
54
67
77
49
77
66
59
41
113
57
49
75
89
88
41
71
67
69
74
39
62
69
80
80
75
109
53
57
38
81
78
107
52
49
89
87
134
115
