115
132
151
153
152
158
153
180
169
181
198
177
200
178
212
208
212
81
259
260
36
266
143
293
88
71
310
166
330
125
353
357
367
87
79
245
193
159
224
321
149
328
325
265
199
264
315
389
372
116
351
280
440
115
203
499
55
355
196
72
93
509
146
112
233
40
518
247
339
67
294
88
69
461
319
204
85
106
95
404
71
74
346
358
370
47
185
76
522
633
132
193
135
83
67
538
282
702
87
226
96
210
590
44
110
268
127
56
29
216
87
68
290
210
384
546
78
262
102
128
110
211
355
147
512
625
174
526
625
479
691
941
554
676
143
732
257
609
304
194
282
207
373
792
701
347
224
390
399
84
354
210
300
124
194
183
166
335
447
440
154
347
222
656
347
246
182
588
124
254
197
190
147
419
433
315
378
613
135
205
474
477
198
265
286
646
441
594
418
236
448
294
470
39
137
84
44
234
251
48
19
27
341
104
49
239
457
62
65
12
418
380
19
15
23
27
16
488
404
16
17
17
30
435
123
295
375
356
219
392
421
506
715
130
343
272
473
477
509
536
91
90
107
118
123
141
138
146
161
162
158
179
65
186
192
190
211
99
111
132
239
279
111
292
298
316
317
143
131
111
165
196
148
152
138
381
392
386
396
96
188
104
107
39
122
178
83
349
315
270
271
111
118
217
317
138
233
168
142
210
309
423
210
227
81
114
87
48
144
133
148
528
322
123
374
187
379
127
146
161
211
216
206
138
140
487
95
332
239
63
225
354
111
181
268
103
124
226
481
233
450
13
79
423
529
86
12
290
108
500
582
367
371
125
370
293
304
303
156
475
118
178
454
589
353
208
399
150
679
669
708
207
250
221
797
630
626
216
661
195
384
179
344
234
312
386
90
370
322
388
321
206
195
434
206
138
264
316
510
266
278
182
494
227
562
596
348
314
350
347
317
159
245
352
469
234
574
259
199
465
377
246
186
217
323
425
276
679
309
539
18
16
79
11
459
16
248
174
285
20
17
340
15
121
346
13
17
13
15
296
9
7
497
401
14
384
10
24
410
238
56
83
447
59
373
142
347
389
683
439
321
171
174
231
255
369
329
538
582
584
114
122
103
148
170
153
155
178
194
156
194
185
198
196
200
156
240
230
228
240
258
269
87
319
97
130
361
153
123
94
358
104
276
163
84
254
174
188
428
134
143
128
45
163
336
404
390
208
238
381
398
416
533
272
252
109
239
276
68
458
407
516
314
90
638
188
376
265
97
255
176
231
177
413
53
435
265
29
176
165
188
184
315
123
338
236
299
206
256
230
615
306
308
297
515
284
266
219
104
124
179
194
255
248
80
25
59
12
486
153
73
383
245
704
105
64
643
112
713
601
235
511
416
180
621
378
392
696
640
689
247
557
998
190
654
258
374
194
216
383
441
265
397
863
403
373
415
261
344
382
149
336
471
118
489
375
141
476
366
288
382
174
281
1061
446
251
169
211
260
244
462
167
1261
132
206
227
290
370
397
612
243
195
356
377
182
429
197
418
259
441
271
175
298
384
174
289
266
311
735
328
359
301
374
352
339
1715
246
346
263
409
498
696
388
360
266
342
161
291
299
156
198
471
17
14
310
204
320
229
229
406
178
222
459
274
400
565
854
358
590
866
