98
119
171
174
209
220
103
2197
2250
45
2308
71
2402
91
4153
2113
45
58
93
3135
1577
3328
260
62
94
6174
6453
7147
680
2807
75
1786
8094
8309
45
9074
9299
9203
60
9563
9902
9913
2236
10235
5669
2482
1516
11458
44
99
47
68
55
55
70
39
41
41
11927
4655
7226
4731
56
6280
44
55
70
59
43
15741
45
74
55
15887
48
7664
41
15958
50
36
52
39
56
1133
44
50
49
46
45
49
51
64
53
76
94
69
66
6654
17733
18509
8825
10480
12778
9944
9296
6436
20760
15198
23258
12617
10412
20669
12171
17514
21868
35441
29127
36596
34305
57417
171
230
259
264
320
283
139
73
68
2039
2092
2546
2623
84
2774
2590
104
2653
3651
3567
2465
51
8231
103
58
5428
490
8919
6547
9088
141
9389
9420
61
6964
9484
1275
300
84
74
10900
44
54
46
58
9138
44
47
38
35
2540
12307
9395
3333
12797
38
87
41
81
44
39
35
40
37
40
32
54
63
38
39
59
84
11126
13540
1535
53
53
65
64
67
41
53
43
55
42
56
14676
14768
58
78
3741
6525
6748
8729
15193
8788
5025
10901
20210
10326
20688
153
22202
8906
16321
11963
6261
2507
4280
26247
22746
5955
18113
29886
18785
12657
34212
32701
39452
60151
127
218
224
92
268
220
212
91
106
128
1747
74
1957
52
74
1557
55
53
2265
46
41
81
76
62
31
37
2680
2984
3248
51
3029
53
80
6452
6767
6501
4084
460
46
8264
8536
8348
65
9435
47
45
9560
48
37
68
42
52
9776
67
33
43
40
86
63
33
39
48
1304
10259
3288
7527
2376
279
11171
46
11208
62
50
47
33
41
58
38
62
55
51
37
68
10231
10939
8354
13689
5137
16245
2686
17178
1211
7289
10645
15434
61
7485
6095
9156
18999
11286
5775
22287
12876
2802
6171
20004
11054
9240
10760
22515
18715
30021
12205
23512
37689
37618
27355
39771
67967
