1002
1039
1034
1060
1103
1089
1131
1115
95
1229
152
56
1282
51
254
1274
229
176
43
1362
338
1395
1482
181
54
436
1692
342
1791
433
429
533
721
31
677
377
24
48
1952
25
2032
809
322
23
327
950
148
795
2232
159
174
413
2201
2237
213
341
2289
266
230
2364
162
679
248
143
411
2509
246
99
340
149
2660
400
865
808
539
156
461
2745
1203
166
572
239
1532
185
415
406
245
1231
86
132
361
732
120
21
106
189
284
20
24
131
390
25
1154
308
80
210
73
308
602
569
791
96
150
631
635
528
65
2026
1154
677
240
276
114
283
610
196
86
255
1578
82
54
38
1336
1531
223
271
248
180
761
1218
247
134
156
109
795
1506
89
246
925
204
1140
114
359
729
246
721
1410
546
324
43
23
225
182
293
34
594
399
862
273
973
355
772
439
123
120
1390
633
954
349
840
615
418
276
155
686
111
409
214
148
446
29
589
189
383
189
775
344
120
425
30
106
253
155
655
220
266
52
744
503
696
89
97
69
111
259
403
29
194
215
543
643
518
555
480
545
860
710
606
633
451
124
1118
104
115
223
113
61
61
127
422
370
768
826
1014
1019
690
1098
1153
1147
1172
400
1372
245
265
449
251
577
747
597
735
415
1919
1759
418
1156
217
229
2028
39
137
152
2232
212
20
27
88
26
27
588
434
307
52
288
198
300
927
1253
327
842
856
254
236
122
234
288
75
296
217
27
222
223
122
280
26
31
135
24
400
439
62
175
102
157
126
140
160
418
192
90
1494
441
16
247
17
21
123
155
285
46
110
126
45
53
103
1563
98
156
176
176
194
1188
348
817
281
220
163
19
10
228
16
18
9
660
332
92
182
104
262
185
417
78
77
128
76
74
754
113
378
115
188
212
430
1101
1156
675
277
625
147
633
760
178
29
504
19
221
431
193
21
179
180
283
399
313
605
404
422
600
552
847
535
833
667
624
536
716
413
193
302
216
22
48
265
540
568
147
250
155
29
285
316
387
289
199
537
370
542
913
189
400
759
286
323
306
304
516
819
234
120
19
228
118
258
562
235
334
127
268
317
477
514
562
666
174
542
775
986
487
529
501
382
465
741
562
69
45
66
103
177
60
133
105
46
572
53
89
135
562
56
79
116
923
971
984
1020
1074
1103
1104
1096
1074
195
238
192
366
112
112
254
1447
1450
309
153
1567
266
1588
517
1663
245
596
1728
385
659
1774
330
343
547
1880
791
1994
1980
96
96
340
187
311
285
410
2079
59
109
148
2125
427
550
39
392
88
99
181
723
118
71
39
93
193
38
70
169
62
67
2282
92
106
216
56
54
2321
95
67
170
61
63
233
389
736
92
844
262
402
2521
280
371
252
867
2706
365
240
411
277
342
312
491
154
148
921
59
1330
125
184
162
411
398
197
105
82
342
149
3090
95
338
281
194
182
117
215
139
88
76
225
67
75
85
184
47
106
120
956
402
152
299
148
252
131
112
168
186
147
1403
582
569
24
1116
1368
721
193
426
524
209
631
1150
760
683
525
594
251
394
923
172
110
14
237
28
157
112
28
258
378
329
290
822
500
613
698
771
963
811
811
771
883
561
452
31
108
461
330
276
199
575
26
500
443
417
698
753
958
297
383
335
297
675
371
256
613
161
255
14
206
194
149
470
276
297
455
424
723
653
481
939
337
716
781
588
531
347
904
839
545
123
203
272
85
869
