308
306
376
293
1421
2905
2853
160
4923
5462
7690
187
2466
672
8780
157
10311
10883
201
11362
11856
8801
12207
1365
12752
13232
6021
15605
3759
128
114
149
157
136
156
183
241
319
229
148
112
9412
316
13192
89
18150
134
7267
3084
20295
18226
21108
8733
4410
11771
107
57
111
78
71
56
69
25489
62
64
78
60
1804
16456
10258
2647
7521
14889
11182
3666
7838
13463
6009
3045
4580
4454
33871
9384
14153
89
112
136
129
78
77
83
94
63
114
66
70
102
37191
2482
22999
11262
9672
19174
27625
29762
31111
50171
32204
24670
16478
20862
16864
30449
40077
20686
34533
34069
26322
51147
46216
276
331
327
411
606
816
1837
2425
2945
3160
147
144
187
3485
569
555
570
673
742
686
8147
4646
11302
5077
12578
14392
9909
10333
5721
341
171
88
84
81
220
78
283
10007
427
17825
11687
2031
2787
18347
15625
16098
16850
10787
17126
6897
3612
7512
9622
14893
19912
6487
12387
100
104
159
99
121
227
232
221
85
77
74
25230
25608
15585
9063
10168
2727
6961
26351
3349
4975
29520
30960
5883
6886
89
105
55
57
99
59
72
57
56
127
53
65
58
1298
9205
9939
34108
3207
3282
8449
35155
12224
11273
38089
18549
19785
47755
17126
18246
49555
19025
24267
29456
32872
33960
29495
42076
41915
318
434
497
570
648
1091
140
831
2224
3016
3693
4112
5144
4516
119
118
295
242
260
399
448
9197
2626
10644
11482
11739
56
65
13011
13658
1466
15863
12681
12285
10991
6228
4626
12287
11364
15478
9467
12779
3757
131
168
136
180
183
17157
240
132
5592
18759
18836
2013
70
68
92
95
88
88
2679
78
66
82
83
70
2491
9560
10536
5563
6277
11570
24921
3707
7921
8857
37028
12543
11432
102
989
71
9349
67
87
68
73
82
76
76
67
63
14361
79
73
10010
10023
38410
9640
39609
3823
26752
27191
27882
14933
24197
32739
31864
20755
18189
18077
36607
44683
31938
33348
30173
43689
29650
46797
