446
409
377
501
544
526
528
516
595
560
616
560
591
648
623
216
239
708
201
204
752
783
725
771
224
755
787
807
201
237
158
164
204
273
295
399
872
873
895
320
298
208
396
269
170
245
295
165
177
202
281
271
194
189
276
176
303
208
529
185
159
278
346
286
161
160
453
313
288
241
310
222
235
177
277
458
229
240
234
267
171
228
249
164
197
172
189
344
216
189
305
224
186
173
225
350
301
272
166
194
168
234
379
240
177
241
143
316
328
347
269
279
330
211
268
279
285
272
280
338
295
389
441
448
465
492
509
499
568
596
562
320
686
706
274
724
725
359
758
783
421
865
869
799
900
436
354
961
425
424
240
444
243
372
232
402
230
996
1010
1034
1016
321
315
297
230
276
184
182
222
259
162
422
199
189
183
264
320
230
268
241
261
171
349
233
210
211
300
311
162
191
284
170
265
217
220
198
188
249
344
198
199
283
214
394
227
195
212
198
208
165
324
349
183
211
282
375
262
234
225
268
467
169
316
203
200
184
221
245
282
447
286
150
128
166
217
214
234
251
324
490
424
456
481
427
460
525
541
472
497
515
587
630
622
599
248
630
666
162
221
676
687
226
698
701
770
771
324
294
868
300
405
167
214
170
857
182
241
190
264
526
379
991
264
158
440
371
216
217
280
210
351
563
273
207
336
159
276
167
259
596
166
212
226
322
274
181
208
278
441
743
219
1386
666
258
218
484
287
301
305
243
191
268
258
279
219
174
259
251
787
215
163
267
233
257
206
213
565
272
221
225
283
410
242
345
318
244
233
179
192
207
223
256
365
195
203
305
256
251
497
499
