117
122
135
89
72
87
66
150
78
128
65
107
116
59
88
99
93
57
53
38
104
107
40
55
102
45
56
62
128
42
48
95
68
105
65
85
85
51
110
74
60
46
75
66
104
114
90
88
65
134
65
119
90
101
54
62
61
87
82
81
105
79
81
78
57
108
107
82
95
109
55
95
94
52
46
57
44
57
40
70
82
34
46
150
145
81
54
36
77
58
75
42
74
73
78
69
62
63
81
99
66
72
45
65
44
93
44
84
81
52
45
81
95
57
85
92
117
60
123
97
64
77
100
54
112
110
35
64
61
69
75
103
56
122
108
56
89
128
188
46
116
131
48
136
36
99
87
53
76
100
72
56
93
137
91
40
59
64
60
68
55
100
88
79
101
90
51
57
126
74
46
78
60
64
41
77
41
71
127
100
55
64
54
82
90
85
166
44
91
79
57
82
71
77
78
76
120
63
90
71
71
94
77
59
79
190
37
106
69
51
38
48
38
124
141
83
61
51
83
107
111
41
85
90
34
80
62
117
91
79
34
95
99
140
120
96
120
106
75
130
80
82
82
104
132
134
65
83
90
70
60
74
59
113
145
78
75
70
171
102
71
77
55
48
59
68
74
75
76
78
51
179
64
133
77
94
61
73
72
139
104
63
89
154
58
46
62
50
51
58
136
75
73
131
91
54
50
65
45
48
90
65
84
73
85
55
62
50
63
54
50
96
105
93
77
72
47
69
69
95
63
71
88
84
91
68
63
74
57
82
81
93
53
108
81
135
52
49
46
66
84
71
86
40
59
58
66
74
52
75
49
53
65
125
65
56
90
85
83
67
