129
160
177
215
217
215
212
224
225
229
253
266
275
289
147
292
311
304
333
181
136
367
398
195
186
182
146
437
98
450
206
179
124
174
197
79
258
76
396
127
323
592
77
143
230
619
623
33
236
278
441
327
277
489
410
274
239
140
210
102
207
166
204
366
218
246
129
335
84
161
325
213
460
314
898
237
214
256
727
522
277
303
396
70
239
139
282
228
479
131
180
271
50
167
374
224
127
267
181
82
303
254
427
322
332
616
47
573
626
472
264
177
375
160
680
83
151
367
258
682
512
641
813
687
806
650
696
747
297
701
747
370
801
432
1088
378
446
212
1022
1023
373
1248
396
394
83
161
583
193
486
409
763
422
590
293
262
626
171
755
323
738
533
273
637
568
335
360
378
367
359
707
1035
503
640
963
439
384
280
397
294
358
416
458
341
414
490
279
289
350
367
301
429
306
790
27
265
45
32
36
17
288
372
15
25
11
14
386
393
815
75
85
64
21
335
552
43
31
33
30
443
668
922
426
376
85
82
415
234
335
321
170
520
579
618
620
630
671
618
458
686
672
108
118
137
151
167
167
199
206
85
235
227
235
72
267
270
265
168
111
70
311
347
218
372
141
252
429
447
161
426
181
452
468
203
270
118
188
101
309
519
101
534
290
586
66
36
108
336
320
111
248
241
407
389
232
108
367
705
267
103
144
95
626
271
93
281
352
445
104
133
327
405
438
428
112
432
133
96
299
199
269
124
123
298
73
401
105
141
77
573
375
155
342
459
381
93
129
150
305
346
283
289
552
411
128
553
674
441
552
401
46
81
204
233
535
513
157
546
216
261
166
246
730
552
519
758
933
223
563
786
1084
836
747
873
1014
472
1010
545
285
945
474
489
391
430
177
516
1168
236
483
543
198
570
446
1126
199
236
561
468
428
542
793
271
494
220
1451
244
579
442
568
316
323
137
430
437
191
438
1156
366
503
471
266
250
291
316
280
220
354
269
1127
437
470
681
516
692
325
393
651
347
15
43
239
14
13
19
13
57
17
715
58
30
27
17
33
54
50
51
31
21
523
855
537
288
68
405
424
241
523
412
291
629
591
342
623
472
542
618
622
519
616
625
701
128
143
157
163
179
181
193
185
210
205
208
226
231
226
247
255
67
277
317
140
104
29
82
179
362
196
378
112
387
407
419
276
431
139
241
306
464
473
242
267
131
133
373
76
145
124
210
363
192
117
101
244
94
109
73
249
419
193
180
409
64
99
326
82
257
120
192
320
277
232
382
114
94
82
87
330
253
327
202
68
630
273
181
207
268
98
238
113
187
285
527
417
260
524
285
201
230
167
227
164
172
151
227
656
388
24
460
365
569
721
159
100
83
292
336
118
425
716
227
509
833
676
571
208
247
826
934
695
975
833
781
1010
417
1244
856
310
474
361
453
1114
960
319
973
147
316
623
291
198
135
445
587
745
226
404
510
517
269
235
154
618
821
263
498
409
755
776
383
128
304
192
343
431
303
684
335
318
399
287
280
297
325
236
829
638
800
652
403
500
293
320
563
362
326
426
297
17
685
38
33
649
39
27
19
35
1068
17
39
473
388
24
465
28
33
27
19
441
42
43
60
44
41
302
575
404
327
903
321
208
205
553
351
473
634
589
684
660
587
772
768
693
