190
241
246
248
140
186
147
138
115
181
128
2151
2662
4262
4508
4698
4922
86
5010
4156
1880
6531
6764
74
474
83
7740
7777
61
4047
49
63
41
8962
55
67
57
75
9265
5064
7189
9999
10244
10605
2118
787
11592
213
97
12205
106
87
64
81
76
1081
12761
78
51
92
71
70
74
76
64
67
74
77
3508
3036
14527
14235
75
107
86
87
79
76
67
83
9347
69
66
16038
89
48
51
7929
9708
113
11789
16911
9403
2994
4042
3176
13757
11965
10357
10360
1300
894
15679
64
16878
19755
8466
14848
29532
27046
32611
26320
33976
23226
12169
31795
30855
39773
33907
63765
149
235
253
266
252
171
2407
2676
3111
2972
90
128
104
4739
4306
96
229
66
234
84
5518
6135
6233
6286
3636
80
5249
8079
3137
8626
9805
10581
10860
10949
92
4790
55
11031
103
58
61
42
83
93
56
84
11304
62
80
99
11843
5199
3090
260
93
1611
2962
11873
1248
72
14679
78
14809
65
77
65
53
84
54
98
80
92
70
62
78
15881
9754
16052
10618
93
3448
63
72
60
63
9167
71
81
73
47
64
53
52
47
14901
10419
12252
900
7002
8134
17521
8111
23322
12273
13011
13426
7821
9624
17990
27559
17262
27852
40299
29125
29790
31040
29867
34529
37656
54583
217
255
243
305
99
150
769
2188
2381
2470
2393
3627
4116
100
4757
5052
5240
5830
6199
72
86
6607
3472
74
62
40
62
65
59
55
74
58
9017
134
9279
9544
7358
10359
11135
11119
85
129
91
1362
7522
71
82
1251
12277
7032
13051
74
3981
57
70
11531
82
121
77
116
76
51
58
51
70
56
68
72
86
14470
14838
75
265
2096
11860
9049
55
63
98
51
52
82
43
6802
16081
93
46
121
75
58
61
59
9815
11882
17243
3461
5265
3521
8094
11883
13188
15242
9325
10672
24718
10360
8409
23937
17290
15757
19264
32458
37800
32883
27837
29404
33356
41174
46731
61325
