351
355
342
359
393
378
373
417
446
456
471
463
458
480
505
509
511
510
511
565
570
609
577
265
620
644
273
316
650
353
381
306
333
294
330
340
402
386
463
341
324
355
338
375
270
261
226
209
405
217
295
406
402
171
270
449
407
238
396
206
162
365
207
254
159
206
289
277
333
472
294
168
176
244
174
187
211
190
286
338
375
287
216
168
383
463
222
167
210
330
248
169
238
206
220
203
277
208
160
225
306
276
174
249
224
367
228
464
191
374
195
315
198
368
369
343
363
392
322
460
321
325
328
333
355
357
374
366
382
414
413
430
434
467
472
525
544
540
577
608
605
276
622
296
328
660
674
663
299
343
367
729
356
263
365
342
376
307
232
368
364
304
220
534
306
203
306
293
308
300
291
320
192
254
287
224
304
399
274
521
262
605
196
242
611
383
396
571
246
587
201
398
336
257
276
262
272
275
568
202
225
222
300
315
222
188
219
326
172
239
265
208
229
257
276
216
249
241
261
223
284
274
248
359
262
276
287
225
198
231
176
266
191
198
236
230
301
357
289
314
347
331
349
367
371
395
399
415
406
422
418
425
432
474
471
457
465
485
485
525
571
544
570
611
651
305
337
270
284
270
369
283
302
720
345
315
319
410
367
438
337
380
184
344
251
169
383
182
406
174
357
374
422
215
250
232
289
215
296
186
297
180
414
206
205
234
190
206
435
221
188
244
218
184
191
157
414
201
247
214
163
166
193
186
213
193
260
192
190
201
199
189
444
239
220
253
255
320
205
171
167
190
253
246
232
170
500
222
371
259
214
184
168
190
267
442
196
210
346
308
