59
86
58
67
109
51
52
124
40
74
58
134
138
42
60
50
41
80
64
40
70
124
120
73
65
39
46
73
59
62
112
38
67
103
146
122
45
66
46
63
38
116
97
113
43
41
52
54
103
103
98
69
97
47
73
72
52
55
61
123
40
47
86
39
70
103
42
120
62
81
119
43
68
188
49
101
68
40
72
134
113
53
37
44
44
44
44
62
61
51
62
45
80
42
36
75
105
103
47
62
44
35
51
42
43
76
41
65
57
43
60
35
92
54
59
64
52
76
125
132
82
61
92
115
68
69
69
59
72
107
83
83
128
80
81
94
124
66
63
64
44
88
66
49
89
74
109
58
70
108
46
89
70
63
79
76
58
59
74
91
50
64
123
46
67
51
99
55
76
44
81
74
63
63
53
59
55
55
70
49
62
146
136
76
43
49
69
38
69
51
85
77
88
43
87
43
62
68
55
83
90
65
66
80
47
69
76
79
75
69
76
76
81
47
89
59
65
72
65
90
102
73
36
53
90
50
75
60
79
83
80
55
70
62
76
91
99
84
97
98
61
63
103
87
58
42
63
114
47
71
66
48
45
97
41
65
83
113
51
75
42
54
109
69
50
189
64
65
65
73
59
73
65
106
75
80
65
81
38
46
75
71
64
138
52
61
40
86
91
63
94
40
53
66
48
87
56
100
75
44
50
58
49
83
48
47
53
67
68
57
66
55
81
85
58
48
76
43
48
58
47
62
55
61
99
83
83
69
43
49
77
105
67
38
48
63
63
43
80
49
51
44
52
72
72
52
41
55
73
64
37
66
51
52
61
75
114
63
95
91
