2718
2612
987
2740
656
715
1090
805
874
639
586
1087
456
415
625
1026
602
923
803
1516
1715
532
746
863
696
1495
924
890
512
719
442
822
520
566
648
554
599
554
434
735
642
658
874
473
481
956
638
682
3774
4093
917
968
5126
920
5327
872
1056
1131
1069
657
800
606
581
1536
1147
1740
1231
858
637
1029
479
1514
1733
1819
1694
1709
1575
1558
868
995
1177
1204
981
1364
1347
754
975
1608
1062
1226
653
1312
1472
898
1498
1660
1864
1823
1454
1779
719
994
1217
1070
1502
663
1573
1169
739
881
823
798
847
974
548
485
677
640
748
423
3690
3694
2547
2681
814
2810
2836
801
2534
770
985
2657
2696
587
583
815
654
5485
693
5579
589
734
559
2408
2430
7650
7700
4569
760
793
4693
342
4704
4711
746
668
539
461
585
751
530
317
747
908
2397
811
410
723
506
2526
682
323
437
595
701
800
535
718
736
386
560
1055
1038
279
347
373
376
619
375
824
300
451
614
421
616
479
544
562
634
643
433
637
542
386
1609
395
315
333
575
336
656
785
662
445
397
639
493
704
683
673
666
825
807
689
2080
2192
2199
1754
1771
1745
2410
2416
2446
2448
2036
2094
2158
2252
2012
2109
2296
428
2390
2458
2865
474
3081
5418
580
370
657
390
372
2534
2657
691
2728
2720
713
2426
2449
2493
2581
381
410
463
2390
2424
279
738
1900
794
581
823
1997
848
850
693
413
890
324
858
648
228
891
824
403
349
277
525
2026
2101
480
591
686
901
258
479
474
717
295
1119
2365
872
341
2424
2435
311
2432
2457
2529
2532
2469
435
1074
247
1102
519
401
453
1169
706
348
1082
1221
301
372
496
1388
243
459
605
614
1180
853
1292
1284
907
818
813
649
1191
2221
560
1171
1143
1233
2248
2279
1157
2270
1301
2525
1403
1353
2868
1279
1687
1740
1954
1759
2280
2817
2503
558
2922
413
2411
2438
3398
542
505
1085
3053
3952
687
605
470
829
481
1091
396
366
790
380
541
566
603
2597
656
699
742
985
988
2941
615
946
571
393
841
697
707
496
382
2062
529
553
488
648
583
526
646
645
738
786
316
689
448
733
421
896
508
2267
2366
660
793
390
613
1129
1153
534
1168
1259
462
778
2577
2650
2613
313
1327
420
1881
1934
876
1206
2879
869
1282
1184
449
496
904
638
1476
1186
1022
1296
1041
1144
1186
1041
1149
1198
2529
2568
2626
2645
2201
2296
2367
1747
2150
2159
1786
2588
2611
2587
2626
2479
2529
3690
3694
2547
2681
814
2810
2836
801
2534
770
985
2657
2696
587
583
815
654
5485
693
5579
589
734
559
2408
2430
7650
7700
4569
760
793
4693
342
4704
4711
746
668
539
461
585
751
530
317
747
908
2397
811
410
723
506
2526
682
323
437
595
701
800
535
718
736
386
560
1055
1038
279
347
373
376
619
375
824
300
451
614
421
616
479
544
562
634
643
433
637
542
386
1609
395
315
333
575
336
656
785
662
445
397
639
493
704
683
673
666
825
807
689
2080
2192
2199
1754
1771
1745
2410
2416
2446
2448
2036
2094
2158
2252
2012
2109
2296
428
2390
2458
2865
474
3081
5418
580
370
657
390
372
2534
2657
691
2728
2720
713
2426
2449
2493
2581
381
410
463
2390
2424
279
738
1900
794
581
823
1997
848
850
693
413
890
324
858
648
228
891
824
403
349
277
525
2026
2101
480
591
686
901
258
479
474
717
295
1119
2365
872
341
2424
2435
311
2432
2457
2529
2532
2469
435
1074
247
1102
519
401
453
1169
706
348
1082
1221
301
372
496
1388
243
459
605
614
1180
853
1292
1284
907
818
813
649
1191
2221
560
1171
1143
1233
2248
2279
1157
2270
1301
2525
1403
1353
2868
1279
1687
1740
1954
1759
2280
2817
2503
558
2922
413
2411
2438
3398
542
505
1085
3053
3952
687
605
470
829
481
1091
396
366
790
380
541
566
603
2597
656
699
742
985
988
2941
615
946
571
393
841
697
707
496
382
2062
529
553
488
648
583
526
646
645
738
786
316
689
448
733
421
896
508
2267
2366
660
793
390
613
1129
1153
534
1168
1259
462
778
2577
2650
2613
313
1327
420
1881
1934
876
1206
2879
869
1282
1184
449
496
904
638
1476
1186
1022
1296
1041
1144
1186
1041
1149
1198
2529
2568
2626
2645
2201
2296
2367
1747
2150
2159
1786
2588
2611
2587
2626
2479
2529
3690
3694
2547
2681
814
2810
2836
801
2534
770
985
2657
2696
587
583
815
654
5485
693
5579
589
734
559
2408
2430
7650
7700
4569
760
793
4693
342
4704
4711
746
668
539
461
585
751
530
317
747
908
2397
811
410
723
506
2526
682
323
437
595
701
800
535
718
736
386
560
1055
1038
279
347
373
376
619
375
824
300
451
614
421
616
479
544
562
634
643
433
637
542
386
1609
395
315
333
575
336
656
785
662
445
397
639
493
704
683
673
666
825
807
689
2080
2192
2199
1754
1771
1745
2410
2416
2446
2448
2036
2094
2158
2252
2012
2109
2296
428
2390
2458
2865
474
3081
5418
580
370
657
390
372
2534
2657
691
2728
2720
713
2426
2449
2493
2581
381
410
463
2390
2424
279
738
1900
794
581
823
1997
848
850
693
413
890
324
858
648
228
891
824
403
349
277
525
2026
2101
480
591
686
901
258
479
474
717
295
1119
2365
872
341
2424
2435
311
2432
2457
2529
2532
2469
435
1074
247
1102
519
401
453
1169
706
348
1082
1221
301
372
496
1388
243
459
605
614
1180
853
1292
1284
907
818
813
649
1191
2221
560
1171
1143
1233
2248
2279
1157
2270
1301
2525
1403
1353
2868
1279
1687
1740
1954
1759
2280
2817
2503
558
2922
413
2411
2438
3398
542
505
1085
3053
3952
687
605
470
829
481
1091
396
366
790
380
541
566
603
2597
656
699
742
985
988
2941
615
946
571
393
841
697
707
496
382
2062
529
553
488
648
583
526
646
645
738
786
316
689
448
733
421
896
508
2267
2366
660
793
390
613
1129
1153
534
1168
1259
462
778
2577
2650
2613
313
1327
420
1881
1934
876
1206
2879
869
1282
1184
449
496
904
638
1476
1186
1022
1296
1041
1144
1186
1041
1149
1198
2529
2568
2626
2645
2201
2296
2367
1747
2150
2159
1786
2588
2611
2587
2626
2479
2529
