228
327
232
168
189
454
518
382
203
131
629
193
193
168
248
133
127
228
158
194
179
147
125
156
138
169
289
124
110
192
118
172
180
135
142
223
187
123
136
187
149
133
126
160
245
254
190
215
285
181
356
271
322
340
599
333
129
126
435
308
182
365
537
145
136
446
139
381
107
112
268
126
269
114
112
237
283
124
269
195
261
200
116
317
165
132
191
108
128
165
361
114
170
300
202
95
141
158
128
135
189
125
171
156
212
150
124
113
119
111
109
146
151
116
176
130
144
114
157
116
256
207
231
192
163
173
224
298
227
169
264
325
135
213
176
271
358
148
149
388
206
175
194
263
215
215
362
415
287
144
168
174
176
205
196
234
223
169
217
241
232
245
219
201
208
273
282
260
339
266
165
140
222
113
276
133
215
141
257
206
202
147
235
215
211
178
214
337
143
297
325
211
167
142
163
144
207
262
197
192
266
192
195
217
227
331
274
189
275
143
235
130
156
180
158
109
124
314
215
253
259
215
220
204
171
148
181
230
140
372
180
138
190
182
108
188
157
122
182
174
212
237
211
125
242
388
195
162
160
130
361
165
391
316
133
150
371
123
172
248
156
238
200
133
254
125
168
225
155
202
395
193
186
352
481
169
826
132
200
302
359
155
451
118
212
464
236
148
957
283
465
238
280
194
170
265
305
203
157
125
605
260
250
187
245
257
417
225
137
266
188
221
286
186
276
155
237
114
145
146
249
151
573
210
136
210
191
248
214
159
222
260
232
192
174
273
205
165
202
253
162
254
174
231
294
144
167
114
158
168
555
188
413
217
355
224
300
304
256
375
246
323
445
199
449
383
280
227
126
554
343
196
256
166
473
278
260
304
319
769
266
223
100
144
339
180
326
316
251
140
171
144
222
183
208
171
290
252
142
170
233
281
343
226
298
236
257
206
157
189
188
107
271
153
197
144
201
230
385
239
111
154
277
173
139
243
198
223
150
127
116
247
222
210
161
245
191
146
142
140
183
101
227
131
264
363
188
174
253
141
200
121
211
154
121
385
251
123
219
123
244
212
104
182
224
218
165
100
111
432
438
186
199
153
218
464
195
239
300
456
256
207
231
192
163
173
224
298
227
169
264
325
135
213
176
271
358
148
149
388
206
175
194
263
215
215
362
415
287
144
168
174
176
205
196
234
223
169
217
241
232
245
219
201
208
273
282
260
339
266
165
140
222
113
276
133
215
141
257
206
202
147
235
215
211
178
214
337
143
297
325
211
167
142
163
144
207
262
197
192
266
192
195
217
227
331
274
189
275
143
235
130
156
180
158
109
124
314
215
253
259
215
220
204
171
148
181
230
140
372
180
138
190
182
108
188
157
122
182
174
212
237
211
125
242
388
195
162
160
130
361
165
391
316
133
150
371
123
172
248
156
238
200
133
254
125
168
225
155
202
395
193
186
352
481
169
826
132
200
302
359
155
451
118
212
464
236
148
957
283
465
238
280
194
170
265
305
203
157
125
605
260
250
187
245
257
417
225
137
266
188
221
286
186
276
155
237
114
145
146
249
151
573
210
136
210
191
248
214
159
222
260
232
192
174
273
205
165
202
253
162
254
174
231
294
144
167
114
158
168
555
188
413
217
355
224
300
304
256
375
246
323
445
199
449
383
280
227
126
554
343
196
256
166
473
278
260
304
319
769
266
223
100
144
339
180
326
316
251
140
171
144
222
183
208
171
290
252
142
170
233
281
343
226
298
236
257
206
157
189
188
107
271
153
197
144
201
230
385
239
111
154
277
173
139
243
198
223
150
127
116
247
222
210
161
245
191
146
142
140
183
101
227
131
264
363
188
174
253
141
200
121
211
154
121
385
251
123
219
123
244
212
104
182
224
218
165
100
111
432
438
186
199
153
218
464
195
239
300
456
256
207
231
192
163
173
224
298
227
169
264
325
135
213
176
271
358
148
149
388
206
175
194
263
215
215
362
415
287
144
168
174
176
205
196
234
223
169
217
241
232
245
219
201
208
273
282
260
339
266
165
140
222
113
276
133
215
141
257
206
202
147
235
215
211
178
214
337
143
297
325
211
167
142
163
144
207
262
197
192
266
192
195
217
227
331
274
189
275
143
235
130
156
180
158
109
124
314
215
253
259
215
220
204
171
148
181
230
140
372
180
138
190
182
108
188
157
122
182
174
212
237
211
125
242
388
195
162
160
130
361
165
391
316
133
150
371
123
172
248
156
238
200
133
254
125
168
225
155
202
395
193
186
352
481
169
826
132
200
302
359
155
451
118
212
464
236
148
957
283
465
238
280
194
170
265
305
203
157
125
605
260
250
187
245
257
417
225
137
266
188
221
286
186
276
155
237
114
145
146
249
151
573
210
136
210
191
248
214
159
222
260
232
192
174
273
205
165
202
253
162
254
174
231
294
144
167
114
158
168
555
188
413
217
355
224
300
304
256
375
246
323
445
199
449
383
280
227
126
554
343
196
256
166
473
278
260
304
319
769
266
223
100
144
339
180
326
316
251
140
171
144
222
183
208
171
290
252
142
170
233
281
343
226
298
236
257
206
157
189
188
107
271
153
197
144
201
230
385
239
111
154
277
173
139
243
198
223
150
127
116
247
222
210
161
245
191
146
142
140
183
101
227
131
264
363
188
174
253
141
200
121
211
154
121
385
251
123
219
123
244
212
104
182
224
218
165
100
111
432
438
186
199
153
218
464
195
239
300
456
