249
283
294
326
329
351
352
360
378
385
365
407
411
438
421
456
459
433
439
482
476
496
517
204
533
521
564
312
252
630
348
216
267
292
692
220
200
396
251
380
320
362
788
325
225
406
325
461
839
295
334
199
392
205
530
176
183
184
964
223
323
350
1062
492
273
278
396
1124
220
255
338
258
352
259
241
243
549
382
595
1282
885
400
183
225
372
338
698
178
363
541
238
263
239
1509
438
1524
400
1011
1587
477
279
772
366
1647
313
1229
458
790
408
1326
470
194
433
547
360
532
379
600
623
166
1024
656
1238
597
1038
132
846
1016
980
643
918
762
980
652
700
1284
1260
264
785
1652
1367
898
837
306
891
1716
430
968
533
525
963
518
866
1131
1000
1001
833
936
1184
922
1138
715
741
818
1409
720
1241
1107
1268
1426
1461
380
672
748
551
706
1049
1028
607
456
528
603
30
15
41
38
815
1092
1107
20
627
855
1261
1053
91
48
98
93
101
72
1255
681
701
1073
62
62
32
60
1315
79
67
77
47
1540
749
1373
294
733
847
1481
399
267
1466
374
2043
406
878
983
872
878
1028
981
950
1228
1233
1288
1141
1303
1307
1479
285
289
288
292
301
272
301
304
310
359
362
360
405
384
386
388
415
418
426
425
430
437
444
408
478
483
197
463
219
513
503
511
191
544
290
593
260
596
554
321
285
338
300
174
295
236
285
387
404
291
265
234
341
349
343
364
320
229
233
271
216
584
391
241
263
287
482
484
454
957
486
231
327
251
258
471
251
488
437
384
541
363
232
217
374
288
1267
382
1291
377
1394
821
295
429
333
451
375
266
256
880
887
160
883
527
578
873
1294
477
207
519
323
883
1123
1105
211
351
266
828
452
888
506
1113
1106
997
1072
209
1208
474
707
1511
762
1063
1387
1249
1229
725
273
625
1309
747
711
393
414
405
852
850
1510
1613
663
945
750
760
885
847
847
737
590
929
727
983
963
1108
826
1080
850
1026
779
944
1162
1334
780
438
1315
693
1383
541
1388
551
501
595
998
647
52
1079
49
22
34
588
779
860
34
41
47
654
692
32
24
1019
800
47
32
110
38
42
50
99
789
53
25
707
42
1210
650
1207
223
845
333
1322
1105
265
382
1290
1535
391
870
1464
980
894
855
870
1077
887
1124
986
1116
1196
1028
1280
1245
1326
274
301
267
305
281
321
373
378
385
409
403
368
387
421
388
428
438
445
468
436
476
439
470
469
473
474
522
136
234
523
546
560
578
251
176
608
565
584
611
225
225
230
229
344
220
262
325
263
408
747
197
472
366
274
439
439
555
243
320
249
233
495
304
223
351
280
244
245
436
485
202
199
198
1070
234
616
328
266
384
242
901
1160
319
640
419
353
453
401
571
356
848
232
260
488
289
248
1071
237
187
864
367
451
770
848
1504
1103
614
583
875
1026
988
1429
1381
466
628
915
838
614
938
878
1311
1705
940
1183
717
1228
568
1010
783
829
551
684
1232
1370
688
967
1498
347
899
613
706
461
1581
520
952
601
1041
927
729
1843
631
693
536
790
965
933
1124
1082
1092
1141
274
986
1156
851
977
1066
1059
1416
674
1498
649
1074
773
724
1570
1451
32
605
556
20
22
798
29
584
993
1024
824
1166
1869
33
38
37
886
40
32
9
615
31
22
33
167
11
217
841
1028
31
19
49
31
28
335
253
240
843
826
1378
982
326
2066
1540
347
1508
230
382
1475
908
872
1051
937
797
1045
1035
907
1147
1228
1157
1362
1241
1447
1555
249
283
294
326
329
351
352
360
378
385
365
407
411
438
421
456
459
433
439
482
476
496
517
204
533
521
564
312
252
630
348
216
267
292
692
220
200
396
251
380
320
362
788
325
225
406
325
461
839
295
334
199
392
205
530
176
183
184
964
223
323
350
1062
492
273
278
396
1124
220
255
338
258
352
259
241
243
549
382
595
1282
885
400
183
225
372
338
698
178
363
541
238
263
239
1509
438
1524
400
1011
1587
477
279
772
366
1647
313
1229
458
790
408
1326
470
194
433
547
360
532
379
600
623
166
1024
656
1238
597
1038
132
846
1016
980
643
918
762
980
652
700
1284
1260
264
785
1652
1367
898
837
306
891
1716
430
968
533
525
963
518
866
1131
1000
1001
833
936
1184
922
1138
715
741
818
1409
720
1241
1107
1268
1426
1461
380
672
748
551
706
1049
1028
607
456
528
603
30
15
41
38
815
1092
1107
20
627
855
1261
1053
91
48
98
93
101
72
1255
681
701
1073
62
62
32
60
1315
79
67
77
47
1540
749
1373
294
733
847
1481
399
267
1466
374
2043
406
878
983
872
878
1028
981
950
1228
1233
1288
1141
1303
1307
1479
285
289
288
292
301
272
301
304
310
359
362
360
405
384
386
388
415
418
426
425
430
437
444
408
478
483
197
463
219
513
503
511
191
544
290
593
260
596
554
321
285
338
300
174
295
236
285
387
404
291
265
234
341
349
343
364
320
229
233
271
216
584
391
241
263
287
482
484
454
957
486
231
327
251
258
471
251
488
437
384
541
363
232
217
374
288
1267
382
1291
377
1394
821
295
429
333
451
375
266
256
880
887
160
883
527
578
873
1294
477
207
519
323
883
1123
1105
211
351
266
828
452
888
506
1113
1106
997
1072
209
1208
474
707
1511
762
1063
1387
1249
1229
725
273
625
1309
747
711
393
414
405
852
850
1510
1613
663
945
750
760
885
847
847
737
590
929
727
983
963
1108
826
1080
850
1026
779
944
1162
1334
780
438
1315
693
1383
541
1388
551
501
595
998
647
52
1079
49
22
34
588
779
860
34
41
47
654
692
32
24
1019
800
47
32
110
38
42
50
99
789
53
25
707
42
1210
650
1207
223
845
333
1322
1105
265
382
1290
1535
391
870
1464
980
894
855
870
1077
887
1124
986
1116
1196
1028
1280
1245
1326
274
301
267
305
281
321
373
378
385
409
403
368
387
421
388
428
438
445
468
436
476
439
470
469
473
474
522
136
234
523
546
560
578
251
176
608
565
584
611
225
225
230
229
344
220
262
325
263
408
747
197
472
366
274
439
439
555
243
320
249
233
495
304
223
351
280
244
245
436
485
202
199
198
1070
234
616
328
266
384
242
901
1160
319
640
419
353
453
401
571
356
848
232
260
488
289
248
1071
237
187
864
367
451
770
848
1504
1103
614
583
875
1026
988
1429
1381
466
628
915
838
614
938
878
1311
1705
940
1183
717
1228
568
1010
783
829
551
684
1232
1370
688
967
1498
347
899
613
706
461
1581
520
952
601
1041
927
729
1843
631
693
536
790
965
933
1124
1082
1092
1141
274
986
1156
851
977
1066
1059
1416
674
1498
649
1074
773
724
1570
1451
32
605
556
20
22
798
29
584
993
1024
824
1166
1869
33
38
37
886
40
32
9
615
31
22
33
167
11
217
841
1028
31
19
49
31
28
335
253
240
843
826
1378
982
326
2066
1540
347
1508
230
382
1475
908
872
1051
937
797
1045
1035
907
1147
1228
1157
1362
1241
1447
1555
249
283
294
326
329
351
352
360
378
385
365
407
411
438
421
456
459
433
439
482
476
496
517
204
533
521
564
312
252
630
348
216
267
292
692
220
200
396
251
380
320
362
788
325
225
406
325
461
839
295
334
199
392
205
530
176
183
184
964
223
323
350
1062
492
273
278
396
1124
220
255
338
258
352
259
241
243
549
382
595
1282
885
400
183
225
372
338
698
178
363
541
238
263
239
1509
438
1524
400
1011
1587
477
279
772
366
1647
313
1229
458
790
408
1326
470
194
433
547
360
532
379
600
623
166
1024
656
1238
597
1038
132
846
1016
980
643
918
762
980
652
700
1284
1260
264
785
1652
1367
898
837
306
891
1716
430
968
533
525
963
518
866
1131
1000
1001
833
936
1184
922
1138
715
741
818
1409
720
1241
1107
1268
1426
1461
380
672
748
551
706
1049
1028
607
456
528
603
30
15
41
38
815
1092
1107
20
627
855
1261
1053
91
48
98
93
101
72
1255
681
701
1073
62
62
32
60
1315
79
67
77
47
1540
749
1373
294
733
847
1481
399
267
1466
374
2043
406
878
983
872
878
1028
981
950
1228
1233
1288
1141
1303
1307
1479
285
289
288
292
301
272
301
304
310
359
362
360
405
384
386
388
415
418
426
425
430
437
444
408
478
483
197
463
219
513
503
511
191
544
290
593
260
596
554
321
285
338
300
174
295
236
285
387
404
291
265
234
341
349
343
364
320
229
233
271
216
584
391
241
263
287
482
484
454
957
486
231
327
251
258
471
251
488
437
384
541
363
232
217
374
288
1267
382
1291
377
1394
821
295
429
333
451
375
266
256
880
887
160
883
527
578
873
1294
477
207
519
323
883
1123
1105
211
351
266
828
452
888
506
1113
1106
997
1072
209
1208
474
707
1511
762
1063
1387
1249
1229
725
273
625
1309
747
711
393
414
405
852
850
1510
1613
663
945
750
760
885
847
847
737
590
929
727
983
963
1108
826
1080
850
1026
779
944
1162
1334
780
438
1315
693
1383
541
1388
551
501
595
998
647
52
1079
49
22
34
588
779
860
34
41
47
654
692
32
24
1019
800
47
32
110
38
42
50
99
789
53
25
707
42
1210
650
1207
223
845
333
1322
1105
265
382
1290
1535
391
870
1464
980
894
855
870
1077
887
1124
986
1116
1196
1028
1280
1245
1326
274
301
267
305
281
321
373
378
385
409
403
368
387
421
388
428
438
445
468
436
476
439
470
469
473
474
522
136
234
523
546
560
578
251
176
608
565
584
611
225
225
230
229
344
220
262
325
263
408
747
197
472
366
274
439
439
555
243
320
249
233
495
304
223
351
280
244
245
436
485
202
199
198
1070
234
616
328
266
384
242
901
1160
319
640
419
353
453
401
571
356
848
232
260
488
289
248
1071
237
187
864
367
451
770
848
1504
1103
614
583
875
1026
988
1429
1381
466
628
915
838
614
938
878
1311
1705
940
1183
717
1228
568
1010
783
829
551
684
1232
1370
688
967
1498
347
899
613
706
461
1581
520
952
601
1041
927
729
1843
631
693
536
790
965
933
1124
1082
1092
1141
274
986
1156
851
977
1066
1059
1416
674
1498
649
1074
773
724
1570
1451
32
605
556
20
22
798
29
584
993
1024
824
1166
1869
33
38
37
886
40
32
9
615
31
22
33
167
11
217
841
1028
31
19
49
31
28
335
253
240
843
826
1378
982
326
2066
1540
347
1508
230
382
1475
908
872
1051
937
797
1045
1035
907
1147
1228
1157
1362
1241
1447
1555
