226
265
372
411
372
435
82
313
93
71
166
65
85
166
177
142
180
2035
2394
3565
4201
4327
4897
5745
6248
7498
122
7545
11694
11816
11855
11875
11846
12451
80
67
85
54
79
68
59
1202
166
12431
15805
10360
17748
10887
20528
20538
125
9377
13453
23844
24002
81
72
23929
75
83
24939
10582
29819
48542
23963
43402
49138
49466
46307
49950
36839
233
164
50139
131
64
77
76
104
66
103
92
74
102
267
65454
73051
51619
52529
54559
58382
52991
54234
75139
63865
75670
59490
71365
63425
76100
79053
30793
75374
39906
63988
87396
40633
42017
66523
81188
68580
116376
97678
97744
131028
130114
86573
155668
168461
135470
236
244
265
300
323
1987
2362
123
77
3099
3847
3976
75
63
118
83
62
80
61
257
5894
6409
162
7230
7255
8684
8895
137
11131
11235
11468
11612
11643
210
12430
93
128
89
81
77
62
50
1254
95
13710
13708
14463
14626
12049
94
79
84
73
30479
36761
36793
37265
37509
37296
37588
26239
37921
42535
31046
42539
62
89
74
66
120
114
77
116
58
63
101
104
82
30523
42268
37017
44303
493
42258
45847
46014
46083
46063
34242
21835
65788
66165
21907
29373
21868
55066
51312
52976
28643
52546
61842
62328
33707
49721
55159
54794
79011
56701
84456
63680
57415
63717
96798
91453
108410
95954
127113
138420
138236
126578
151
365
392
2179
2311
158
88
147
149
82
98
79
77
63
74
3285
3481
4428
4845
5958
6560
7896
10554
10577
150
10813
155
1415
137
79
96
72
71
73
13009
86
12968
78
10632
91
105
98
97
12840
15685
16194
15944
17834
8884
16870
20426
20437
35980
25579
44166
44237
45606
45616
46476
838
30362
46780
46484
128
75
155
26752
71
73
73
88
131
71
74
79
54
67
47545
47617
47721
47925
47991
48191
35223
48868
38215
16436
16444
16661
69585
22017
57108
49790
19329
19457
35243
19722
71676
59825
57617
74154
54508
31371
33880
81267
66804
40905
72540
40685
40106
73359
74014
89387
54345
112033
75058
121948
90247
130676
143962
226
265
372
411
372
435
82
313
93
71
166
65
85
166
177
142
180
2035
2394
3565
4201
4327
4897
5745
6248
7498
122
7545
11694
11816
11855
11875
11846
12451
80
67
85
54
79
68
59
1202
166
12431
15805
10360
17748
10887
20528
20538
125
9377
13453
23844
24002
81
72
23929
75
83
24939
10582
29819
48542
23963
43402
49138
49466
46307
49950
36839
233
164
50139
131
64
77
76
104
66
103
92
74
102
267
65454
73051
51619
52529
54559
58382
52991
54234
75139
63865
75670
59490
71365
63425
76100
79053
30793
75374
39906
63988
87396
40633
42017
66523
81188
68580
116376
97678
97744
131028
130114
86573
155668
168461
135470
236
244
265
300
323
1987
2362
123
77
3099
3847
3976
75
63
118
83
62
80
61
257
5894
6409
162
7230
7255
8684
8895
137
11131
11235
11468
11612
11643
210
12430
93
128
89
81
77
62
50
1254
95
13710
13708
14463
14626
12049
94
79
84
73
30479
36761
36793
37265
37509
37296
37588
26239
37921
42535
31046
42539
62
89
74
66
120
114
77
116
58
63
101
104
82
30523
42268
37017
44303
493
42258
45847
46014
46083
46063
34242
21835
65788
66165
21907
29373
21868
55066
51312
52976
28643
52546
61842
62328
33707
49721
55159
54794
79011
56701
84456
63680
57415
63717
96798
91453
108410
95954
127113
138420
138236
126578
151
365
392
2179
2311
158
88
147
149
82
98
79
77
63
74
3285
3481
4428
4845
5958
6560
7896
10554
10577
150
10813
155
1415
137
79
96
72
71
73
13009
86
12968
78
10632
91
105
98
97
12840
15685
16194
15944
17834
8884
16870
20426
20437
35980
25579
44166
44237
45606
45616
46476
838
30362
46780
46484
128
75
155
26752
71
73
73
88
131
71
74
79
54
67
47545
47617
47721
47925
47991
48191
35223
48868
38215
16436
16444
16661
69585
22017
57108
49790
19329
19457
35243
19722
71676
59825
57617
74154
54508
31371
33880
81267
66804
40905
72540
40685
40106
73359
74014
89387
54345
112033
75058
121948
90247
130676
143962
226
265
372
411
372
435
82
313
93
71
166
65
85
166
177
142
180
2035
2394
3565
4201
4327
4897
5745
6248
7498
122
7545
11694
11816
11855
11875
11846
12451
80
67
85
54
79
68
59
1202
166
12431
15805
10360
17748
10887
20528
20538
125
9377
13453
23844
24002
81
72
23929
75
83
24939
10582
29819
48542
23963
43402
49138
49466
46307
49950
36839
233
164
50139
131
64
77
76
104
66
103
92
74
102
267
65454
73051
51619
52529
54559
58382
52991
54234
75139
63865
75670
59490
71365
63425
76100
79053
30793
75374
39906
63988
87396
40633
42017
66523
81188
68580
116376
97678
97744
131028
130114
86573
155668
168461
135470
236
244
265
300
323
1987
2362
123
77
3099
3847
3976
75
63
118
83
62
80
61
257
5894
6409
162
7230
7255
8684
8895
137
11131
11235
11468
11612
11643
210
12430
93
128
89
81
77
62
50
1254
95
13710
13708
14463
14626
12049
94
79
84
73
30479
36761
36793
37265
37509
37296
37588
26239
37921
42535
31046
42539
62
89
74
66
120
114
77
116
58
63
101
104
82
30523
42268
37017
44303
493
42258
45847
46014
46083
46063
34242
21835
65788
66165
21907
29373
21868
55066
51312
52976
28643
52546
61842
62328
33707
49721
55159
54794
79011
56701
84456
63680
57415
63717
96798
91453
108410
95954
127113
138420
138236
126578
151
365
392
2179
2311
158
88
147
149
82
98
79
77
63
74
3285
3481
4428
4845
5958
6560
7896
10554
10577
150
10813
155
1415
137
79
96
72
71
73
13009
86
12968
78
10632
91
105
98
97
12840
15685
16194
15944
17834
8884
16870
20426
20437
35980
25579
44166
44237
45606
45616
46476
838
30362
46780
46484
128
75
155
26752
71
73
73
88
131
71
74
79
54
67
47545
47617
47721
47925
47991
48191
35223
48868
38215
16436
16444
16661
69585
22017
57108
49790
19329
19457
35243
19722
71676
59825
57617
74154
54508
31371
33880
81267
66804
40905
72540
40685
40106
73359
74014
89387
54345
112033
75058
121948
90247
130676
143962
