500
505
508
509
493
512
550
574
601
589
603
574
651
646
706
707
716
758
787
823
849
877
881
868
409
444
943
958
501
446
543
468
1101
594
1081
406
1120
670
571
1277
1279
502
497
1347
1373
409
1386
1382
1400
490
1462
441
657
403
647
450
462
635
513
571
513
430
460
438
464
494
494
585
450
629
436
557
555
484
475
671
531
425
2281
391
421
481
442
395
397
2281
2280
2280
463
478
2762
2664
2803
2791
2794
3151
3146
4019
3742
4015
3991
3744
4010
3409
3626
3253
3272
3460
3683
3359
3634
3290
4261
3588
3548
3536
3364
3541
3538
3478
424
500
506
547
541
573
578
564
586
627
619
679
707
741
740
754
797
825
849
894
909
919
941
450
522
595
669
740
519
878
828
515
883
759
723
637
835
669
351
679
527
555
415
414
455
440
541
417
1326
436
952
1106
490
412
2907
2942
2919
3244
3300
3318
380
3355
3356
3406
3433
3481
3511
3531
588
461
538
4280
3973
3869
3967
3853
527
3962
3148
476
3192
496
3091
5131
3045
3728
2488
1990
646
1853
534
4486
2002
824
2030
4148
4227
1441
3980
2121
1961
3074
1441
1003
656
1109
492
967
4182
4276
1113
4014
3635
3680
3492
4271
3304
3367
2966
3419
492
510
530
523
539
525
534
581
575
600
612
619
651
657
637
649
662
692
701
707
701
722
793
835
927
413
414
431
486
555
467
533
574
616
428
517
683
447
2023
447
584
471
392
2695
2714
2736
2763
2811
2311
2822
3109
3146
3173
3184
457
431
435
446
2630
2722
2173
2753
2693
2429
2778
2539
436
385
453
3691
445
293
604
639
404
4294
3706
3401
4069
2562
398
2209
3952
2138
4120
3959
3840
3786
4145
618
1990
3422
2390
4271
3661
4323
1530
1834
1142
2424
1013
1821
558
1757
800
2768
949
2800
2722
2789
2554
2749
2620
2992
3009
2922
2580
2370
2389
2492
500
505
508
509
493
512
550
574
601
589
603
574
651
646
706
707
716
758
787
823
849
877
881
868
409
444
943
958
501
446
543
468
1101
594
1081
406
1120
670
571
1277
1279
502
497
1347
1373
409
1386
1382
1400
490
1462
441
657
403
647
450
462
635
513
571
513
430
460
438
464
494
494
585
450
629
436
557
555
484
475
671
531
425
2281
391
421
481
442
395
397
2281
2280
2280
463
478
2762
2664
2803
2791
2794
3151
3146
4019
3742
4015
3991
3744
4010
3409
3626
3253
3272
3460
3683
3359
3634
3290
4261
3588
3548
3536
3364
3541
3538
3478
424
500
506
547
541
573
578
564
586
627
619
679
707
741
740
754
797
825
849
894
909
919
941
450
522
595
669
740
519
878
828
515
883
759
723
637
835
669
351
679
527
555
415
414
455
440
541
417
1326
436
952
1106
490
412
2907
2942
2919
3244
3300
3318
380
3355
3356
3406
3433
3481
3511
3531
588
461
538
4280
3973
3869
3967
3853
527
3962
3148
476
3192
496
3091
5131
3045
3728
2488
1990
646
1853
534
4486
2002
824
2030
4148
4227
1441
3980
2121
1961
3074
1441
1003
656
1109
492
967
4182
4276
1113
4014
3635
3680
3492
4271
3304
3367
2966
3419
492
510
530
523
539
525
534
581
575
600
612
619
651
657
637
649
662
692
701
707
701
722
793
835
927
413
414
431
486
555
467
533
574
616
428
517
683
447
2023
447
584
471
392
2695
2714
2736
2763
2811
2311
2822
3109
3146
3173
3184
457
431
435
446
2630
2722
2173
2753
2693
2429
2778
2539
436
385
453
3691
445
293
604
639
404
4294
3706
3401
4069
2562
398
2209
3952
2138
4120
3959
3840
3786
4145
618
1990
3422
2390
4271
3661
4323
1530
1834
1142
2424
1013
1821
558
1757
800
2768
949
2800
2722
2789
2554
2749
2620
2992
3009
2922
2580
2370
2389
2492
500
505
508
509
493
512
550
574
601
589
603
574
651
646
706
707
716
758
787
823
849
877
881
868
409
444
943
958
501
446
543
468
1101
594
1081
406
1120
670
571
1277
1279
502
497
1347
1373
409
1386
1382
1400
490
1462
441
657
403
647
450
462
635
513
571
513
430
460
438
464
494
494
585
450
629
436
557
555
484
475
671
531
425
2281
391
421
481
442
395
397
2281
2280
2280
463
478
2762
2664
2803
2791
2794
3151
3146
4019
3742
4015
3991
3744
4010
3409
3626
3253
3272
3460
3683
3359
3634
3290
4261
3588
3548
3536
3364
3541
3538
3478
424
500
506
547
541
573
578
564
586
627
619
679
707
741
740
754
797
825
849
894
909
919
941
450
522
595
669
740
519
878
828
515
883
759
723
637
835
669
351
679
527
555
415
414
455
440
541
417
1326
436
952
1106
490
412
2907
2942
2919
3244
3300
3318
380
3355
3356
3406
3433
3481
3511
3531
588
461
538
4280
3973
3869
3967
3853
527
3962
3148
476
3192
496
3091
5131
3045
3728
2488
1990
646
1853
534
4486
2002
824
2030
4148
4227
1441
3980
2121
1961
3074
1441
1003
656
1109
492
967
4182
4276
1113
4014
3635
3680
3492
4271
3304
3367
2966
3419
492
510
530
523
539
525
534
581
575
600
612
619
651
657
637
649
662
692
701
707
701
722
793
835
927
413
414
431
486
555
467
533
574
616
428
517
683
447
2023
447
584
471
392
2695
2714
2736
2763
2811
2311
2822
3109
3146
3173
3184
457
431
435
446
2630
2722
2173
2753
2693
2429
2778
2539
436
385
453
3691
445
293
604
639
404
4294
3706
3401
4069
2562
398
2209
3952
2138
4120
3959
3840
3786
4145
618
1990
3422
2390
4271
3661
4323
1530
1834
1142
2424
1013
1821
558
1757
800
2768
949
2800
2722
2789
2554
2749
2620
2992
3009
2922
2580
2370
2389
2492
