166
205
161
130
120
137
147
137
158
111
146
144
155
165
132
153
137
125
140
113
143
111
154
122
116
148
133
136
101
127
138
180
104
200
122
111
125
158
165
584
119
462
116
169
138
98
128
138
122
624
161
98
101
90
122
100
117
272
116
136
131
96
130
98
160
109
124
147
130
93
168
134
162
156
136
117
110
158
134
117
120
142
127
132
156
144
104
168
128
129
148
99
137
148
125
136
126
106
120
146
141
102
127
87
131
128
130
199
88
134
139
129
162
124
1835
731
512
444
554
545
132
105
146
172
378
292
193
163
139
159
428
257
147
289
212
233
132
109
126
137
114
111
195
105
134
106
270
101
225
183
101
323
103
108
126
122
150
169
109
109
128
128
185
100
136
136
155
127
211
108
188
139
126
153
112
182
158
112
162
144
117
122
137
183
139
143
126
108
110
166
97
125
127
199
165
118
129
115
122
89
144
101
110
159
158
158
246
121
164
136
134
184
101
174
112
206
136
798
205
1244
178
245
892
908
666
893
911
589
677
747
554
538
1543
1573
661
1548
1302
642
1017
662
189
150
171
212
135
135
179
252
183
171
98
132
141
248
173
220
112
263
156
134
112
186
159
151
136
171
217
117
119
128
109
124
134
225
122
147
150
93
105
207
130
110
138
159
127
169
168
153
105
111
115
179
136
103
128
118
107
171
118
179
113
156
107
158
118
92
102
119
176
197
137
163
137
265
127
164
129
103
135
152
181
215
177
131
106
150
174
228
166
146
111
198
115
188
124
177
131
102
99
110
135
131
379
135
398
125
356
112
375
527
406
190
169
221
302
1544
876
1494
590
966
166
205
161
130
120
137
147
137
158
111
146
144
155
165
132
153
137
125
140
113
143
111
154
122
116
148
133
136
101
127
138
180
104
200
122
111
125
158
165
584
119
462
116
169
138
98
128
138
122
624
161
98
101
90
122
100
117
272
116
136
131
96
130
98
160
109
124
147
130
93
168
134
162
156
136
117
110
158
134
117
120
142
127
132
156
144
104
168
128
129
148
99
137
148
125
136
126
106
120
146
141
102
127
87
131
128
130
199
88
134
139
129
162
124
1835
731
512
444
554
545
132
105
146
172
378
292
193
163
139
159
428
257
147
289
212
233
132
109
126
137
114
111
195
105
134
106
270
101
225
183
101
323
103
108
126
122
150
169
109
109
128
128
185
100
136
136
155
127
211
108
188
139
126
153
112
182
158
112
162
144
117
122
137
183
139
143
126
108
110
166
97
125
127
199
165
118
129
115
122
89
144
101
110
159
158
158
246
121
164
136
134
184
101
174
112
206
136
798
205
1244
178
245
892
908
666
893
911
589
677
747
554
538
1543
1573
661
1548
1302
642
1017
662
189
150
171
212
135
135
179
252
183
171
98
132
141
248
173
220
112
263
156
134
112
186
159
151
136
171
217
117
119
128
109
124
134
225
122
147
150
93
105
207
130
110
138
159
127
169
168
153
105
111
115
179
136
103
128
118
107
171
118
179
113
156
107
158
118
92
102
119
176
197
137
163
137
265
127
164
129
103
135
152
181
215
177
131
106
150
174
228
166
146
111
198
115
188
124
177
131
102
99
110
135
131
379
135
398
125
356
112
375
527
406
190
169
221
302
1544
876
1494
590
966
166
205
161
130
120
137
147
137
158
111
146
144
155
165
132
153
137
125
140
113
143
111
154
122
116
148
133
136
101
127
138
180
104
200
122
111
125
158
165
584
119
462
116
169
138
98
128
138
122
624
161
98
101
90
122
100
117
272
116
136
131
96
130
98
160
109
124
147
130
93
168
134
162
156
136
117
110
158
134
117
120
142
127
132
156
144
104
168
128
129
148
99
137
148
125
136
126
106
120
146
141
102
127
87
131
128
130
199
88
134
139
129
162
124
1835
731
512
444
554
545
132
105
146
172
378
292
193
163
139
159
428
257
147
289
212
233
132
109
126
137
114
111
195
105
134
106
270
101
225
183
101
323
103
108
126
122
150
169
109
109
128
128
185
100
136
136
155
127
211
108
188
139
126
153
112
182
158
112
162
144
117
122
137
183
139
143
126
108
110
166
97
125
127
199
165
118
129
115
122
89
144
101
110
159
158
158
246
121
164
136
134
184
101
174
112
206
136
798
205
1244
178
245
892
908
666
893
911
589
677
747
554
538
1543
1573
661
1548
1302
642
1017
662
189
150
171
212
135
135
179
252
183
171
98
132
141
248
173
220
112
263
156
134
112
186
159
151
136
171
217
117
119
128
109
124
134
225
122
147
150
93
105
207
130
110
138
159
127
169
168
153
105
111
115
179
136
103
128
118
107
171
118
179
113
156
107
158
118
92
102
119
176
197
137
163
137
265
127
164
129
103
135
152
181
215
177
131
106
150
174
228
166
146
111
198
115
188
124
177
131
102
99
110
135
131
379
135
398
125
356
112
375
527
406
190
169
221
302
1544
876
1494
590
966
