191
206
217
228
267
291
298
327
343
356
382
385
430
129
438
151
447
454
463
464
506
514
131
537
304
569
236
204
344
555
584
145
602
343
619
643
244
303
677
491
675
234
364
337
782
326
808
216
270
265
246
835
227
232
378
343
484
931
162
956
962
282
151
417
338
260
810
242
225
1056
228
425
238
226
395
1125
200
325
182
182
609
270
288
251
250
195
1286
208
594
432
279
178
351
350
939
1009
427
405
919
226
483
333
491
1044
432
445
475
154
372
1049
467
338
254
437
1228
1052
460
220
400
152
462
747
459
283
582
605
194
1308
1039
1214
1214
550
1113
324
1310
705
780
777
351
1246
698
430
261
978
542
372
522
464
767
761
729
1616
721
932
479
471
1029
538
1013
1027
1098
1068
1208
1173
417
280
733
1299
1308
412
1273
1488
922
1112
520
637
825
745
612
715
952
26
466
15
21
20
735
29
718
26
39
28
635
1048
753
38
29
43
40
42
27
29
45
33
20
38
619
598
1001
1192
670
856
216
1227
258
650
251
1890
1354
283
1411
759
822
1583
892
1514
966
1408
847
656
941
928
824
982
961
1004
999
1081
1087
1312
212
265
275
290
290
289
320
304
317
321
332
332
333
355
359
362
359
367
370
388
383
402
387
419
406
423
422
432
455
440
493
496
166
176
512
181
148
561
199
158
280
347
295
184
268
291
249
275
207
217
370
307
150
153
708
132
158
307
418
265
348
266
380
377
266
250
363
563
624
915
330
243
279
437
681
198
362
479
273
287
257
618
418
430
310
262
590
283
648
333
859
183
825
301
350
728
441
313
723
268
363
156
208
1136
469
445
305
907
1603
621
728
647
755
1105
934
1048
325
548
1107
973
1122
605
497
757
556
402
1912
1026
961
715
1119
566
647
637
1332
711
897
271
674
1410
404
885
403
776
486
552
572
888
492
596
1534
1623
856
711
975
834
973
875
1213
704
1264
432
1184
1033
501
1162
425
527
860
889
859
1232
892
882
571
1060
911
1276
41
619
1573
582
776
83
952
533
124
1130
112
98
78
668
75
79
24
16
303
31
38
730
34
997
33
78
1224
36
29
39
726
39
275
667
1226
235
382
716
838
289
238
807
792
1315
824
338
1430
685
1119
1311
992
975
991
1015
1073
1795
991
1074
1010
1137
1267
1376
208
227
235
220
263
265
280
287
331
335
343
346
362
356
360
365
350
388
377
382
392
399
391
174
413
427
412
458
214
268
514
518
171
215
271
332
367
577
576
202
228
613
389
234
223
653
336
328
251
333
377
197
349
744
318
431
217
369
358
421
227
818
446
213
208
373
315
279
490
332
373
213
206
284
397
310
296
201
247
335
1072
149
302
1140
325
187
211
407
447
273
208
360
224
1284
765
392
399
290
873
805
1077
169
181
253
361
866
265
350
432
824
429
518
335
1326
273
973
551
1046
236
415
718
374
640
366
404
947
1045
564
797
1352
1028
1264
694
1264
654
1248
1216
600
1264
768
773
378
1468
390
759
460
456
641
473
959
915
695
968
756
1041
850
599
992
788
994
827
688
994
1112
1127
1307
667
1151
253
801
698
1325
871
759
692
898
1041
548
762
521
509
1557
561
688
933
40
596
98
797
103
81
1207
1056
611
1143
17
26
28
22
1050
46
46
53
796
27
55
1167
71
33
832
30
836
39
30
749
50
1865
1032
276
808
803
338
1180
783
379
1391
988
905
960
863
864
779
1035
1063
837
997
1031
989
950
1211
191
206
217
228
267
291
298
327
343
356
382
385
430
129
438
151
447
454
463
464
506
514
131
537
304
569
236
204
344
555
584
145
602
343
619
643
244
303
677
491
675
234
364
337
782
326
808
216
270
265
246
835
227
232
378
343
484
931
162
956
962
282
151
417
338
260
810
242
225
1056
228
425
238
226
395
1125
200
325
182
182
609
270
288
251
250
195
1286
208
594
432
279
178
351
350
939
1009
427
405
919
226
483
333
491
1044
432
445
475
154
372
1049
467
338
254
437
1228
1052
460
220
400
152
462
747
459
283
582
605
194
1308
1039
1214
1214
550
1113
324
1310
705
780
777
351
1246
698
430
261
978
542
372
522
464
767
761
729
1616
721
932
479
471
1029
538
1013
1027
1098
1068
1208
1173
417
280
733
1299
1308
412
1273
1488
922
1112
520
637
825
745
612
715
952
26
466
15
21
20
735
29
718
26
39
28
635
1048
753
38
29
43
40
42
27
29
45
33
20
38
619
598
1001
1192
670
856
216
1227
258
650
251
1890
1354
283
1411
759
822
1583
892
1514
966
1408
847
656
941
928
824
982
961
1004
999
1081
1087
1312
212
265
275
290
290
289
320
304
317
321
332
332
333
355
359
362
359
367
370
388
383
402
387
419
406
423
422
432
455
440
493
496
166
176
512
181
148
561
199
158
280
347
295
184
268
291
249
275
207
217
370
307
150
153
708
132
158
307
418
265
348
266
380
377
266
250
363
563
624
915
330
243
279
437
681
198
362
479
273
287
257
618
418
430
310
262
590
283
648
333
859
183
825
301
350
728
441
313
723
268
363
156
208
1136
469
445
305
907
1603
621
728
647
755
1105
934
1048
325
548
1107
973
1122
605
497
757
556
402
1912
1026
961
715
1119
566
647
637
1332
711
897
271
674
1410
404
885
403
776
486
552
572
888
492
596
1534
1623
856
711
975
834
973
875
1213
704
1264
432
1184
1033
501
1162
425
527
860
889
859
1232
892
882
571
1060
911
1276
41
619
1573
582
776
83
952
533
124
1130
112
98
78
668
75
79
24
16
303
31
38
730
34
997
33
78
1224
36
29
39
726
39
275
667
1226
235
382
716
838
289
238
807
792
1315
824
338
1430
685
1119
1311
992
975
991
1015
1073
1795
991
1074
1010
1137
1267
1376
208
227
235
220
263
265
280
287
331
335
343
346
362
356
360
365
350
388
377
382
392
399
391
174
413
427
412
458
214
268
514
518
171
215
271
332
367
577
576
202
228
613
389
234
223
653
336
328
251
333
377
197
349
744
318
431
217
369
358
421
227
818
446
213
208
373
315
279
490
332
373
213
206
284
397
310
296
201
247
335
1072
149
302
1140
325
187
211
407
447
273
208
360
224
1284
765
392
399
290
873
805
1077
169
181
253
361
866
265
350
432
824
429
518
335
1326
273
973
551
1046
236
415
718
374
640
366
404
947
1045
564
797
1352
1028
1264
694
1264
654
1248
1216
600
1264
768
773
378
1468
390
759
460
456
641
473
959
915
695
968
756
1041
850
599
992
788
994
827
688
994
1112
1127
1307
667
1151
253
801
698
1325
871
759
692
898
1041
548
762
521
509
1557
561
688
933
40
596
98
797
103
81
1207
1056
611
1143
17
26
28
22
1050
46
46
53
796
27
55
1167
71
33
832
30
836
39
30
749
50
1865
1032
276
808
803
338
1180
783
379
1391
988
905
960
863
864
779
1035
1063
837
997
1031
989
950
1211
191
206
217
228
267
291
298
327
343
356
382
385
430
129
438
151
447
454
463
464
506
514
131
537
304
569
236
204
344
555
584
145
602
343
619
643
244
303
677
491
675
234
364
337
782
326
808
216
270
265
246
835
227
232
378
343
484
931
162
956
962
282
151
417
338
260
810
242
225
1056
228
425
238
226
395
1125
200
325
182
182
609
270
288
251
250
195
1286
208
594
432
279
178
351
350
939
1009
427
405
919
226
483
333
491
1044
432
445
475
154
372
1049
467
338
254
437
1228
1052
460
220
400
152
462
747
459
283
582
605
194
1308
1039
1214
1214
550
1113
324
1310
705
780
777
351
1246
698
430
261
978
542
372
522
464
767
761
729
1616
721
932
479
471
1029
538
1013
1027
1098
1068
1208
1173
417
280
733
1299
1308
412
1273
1488
922
1112
520
637
825
745
612
715
952
26
466
15
21
20
735
29
718
26
39
28
635
1048
753
38
29
43
40
42
27
29
45
33
20
38
619
598
1001
1192
670
856
216
1227
258
650
251
1890
1354
283
1411
759
822
1583
892
1514
966
1408
847
656
941
928
824
982
961
1004
999
1081
1087
1312
212
265
275
290
290
289
320
304
317
321
332
332
333
355
359
362
359
367
370
388
383
402
387
419
406
423
422
432
455
440
493
496
166
176
512
181
148
561
199
158
280
347
295
184
268
291
249
275
207
217
370
307
150
153
708
132
158
307
418
265
348
266
380
377
266
250
363
563
624
915
330
243
279
437
681
198
362
479
273
287
257
618
418
430
310
262
590
283
648
333
859
183
825
301
350
728
441
313
723
268
363
156
208
1136
469
445
305
907
1603
621
728
647
755
1105
934
1048
325
548
1107
973
1122
605
497
757
556
402
1912
1026
961
715
1119
566
647
637
1332
711
897
271
674
1410
404
885
403
776
486
552
572
888
492
596
1534
1623
856
711
975
834
973
875
1213
704
1264
432
1184
1033
501
1162
425
527
860
889
859
1232
892
882
571
1060
911
1276
41
619
1573
582
776
83
952
533
124
1130
112
98
78
668
75
79
24
16
303
31
38
730
34
997
33
78
1224
36
29
39
726
39
275
667
1226
235
382
716
838
289
238
807
792
1315
824
338
1430
685
1119
1311
992
975
991
1015
1073
1795
991
1074
1010
1137
1267
1376
208
227
235
220
263
265
280
287
331
335
343
346
362
356
360
365
350
388
377
382
392
399
391
174
413
427
412
458
214
268
514
518
171
215
271
332
367
577
576
202
228
613
389
234
223
653
336
328
251
333
377
197
349
744
318
431
217
369
358
421
227
818
446
213
208
373
315
279
490
332
373
213
206
284
397
310
296
201
247
335
1072
149
302
1140
325
187
211
407
447
273
208
360
224
1284
765
392
399
290
873
805
1077
169
181
253
361
866
265
350
432
824
429
518
335
1326
273
973
551
1046
236
415
718
374
640
366
404
947
1045
564
797
1352
1028
1264
694
1264
654
1248
1216
600
1264
768
773
378
1468
390
759
460
456
641
473
959
915
695
968
756
1041
850
599
992
788
994
827
688
994
1112
1127
1307
667
1151
253
801
698
1325
871
759
692
898
1041
548
762
521
509
1557
561
688
933
40
596
98
797
103
81
1207
1056
611
1143
17
26
28
22
1050
46
46
53
796
27
55
1167
71
33
832
30
836
39
30
749
50
1865
1032
276
808
803
338
1180
783
379
1391
988
905
960
863
864
779
1035
1063
837
997
1031
989
950
1211
