213
510
529
502
1787
2721
71
82
2944
67
66
98
63
83
76
83
4407
117
4644
4988
5311
5496
6196
7061
7727
8721
8428
10200
10198
10827
11030
137
12265
10666
53
1276
71
92
71
90
69
85
85
14001
121
16381
17941
22377
22474
87
77
22685
75
22796
64
10581
181
92
18788
23548
23891
40287
30582
41131
23276
51192
60195
37337
43802
55184
51453
100
129
81
120
80
60533
60542
60535
37617
55984
60546
70
76
87
90
78
96
117
248
44639
71293
90437
77776
81670
81978
33652
93810
72527
72042
54183
89426
73014
88862
73028
96883
74230
36835
97047
73918
92476
80832
110881
61848
116807
81869
115202
129723
135756
93465
167
193
249
282
347
1621
128
144
2007
96
99
115
344
100
124
3056
3391
3684
4294
5158
5640
7514
143
7758
9072
8973
11033
11490
9736
13538
13622
13742
108
14114
89
124
14383
81
90
91
97
74
88
15293
15822
2007
16124
126
93
95
88
105
16670
17926
8491
32860
37132
49384
35899
49455
34804
16053
50179
53058
48092
53272
120
93
68
71
102
56
609
91
80
50
58
72
244
61
42985
417
8488
58015
58183
42664
42078
60232
60393
60518
61691
61956
46115
58977
25629
80451
76567
34623
72994
93035
93195
79908
78953
40420
77956
78395
92610
42203
42226
87769
84760
57500
99274
101450
75167
124611
70908
74837
119378
97650
321
1105
1116
774
1530
2264
2168
2718
3531
110
3724
91
63
107
138
133
86
92
109
5392
5865
109
77
8376
7634
9048
9562
9851
101
10096
190
60
60
92
319
63
62
61
11173
11270
11677
12355
13480
13662
81
109
75
76
56
14651
12757
15606
7870
91
16565
18387
15926
24924
38425
36142
22795
37322
39224
39403
72
57
61
128
27421
58
78
61
39947
78
76
102
74
40110
40120
159
95
41072
19411
46234
62871
51761
53112
48333
64804
65849
27574
93058
93054
55378
56263
72892
53080
53099
87346
58977
89231
79938
84618
83947
56553
60904
95317
88149
90049
85460
89069
58771
92839
102296
97345
105444
85123
121220
134064
103857
213
510
529
502
1787
2721
71
82
2944
67
66
98
63
83
76
83
4407
117
4644
4988
5311
5496
6196
7061
7727
8721
8428
10200
10198
10827
11030
137
12265
10666
53
1276
71
92
71
90
69
85
85
14001
121
16381
17941
22377
22474
87
77
22685
75
22796
64
10581
181
92
18788
23548
23891
40287
30582
41131
23276
51192
60195
37337
43802
55184
51453
100
129
81
120
80
60533
60542
60535
37617
55984
60546
70
76
87
90
78
96
117
248
44639
71293
90437
77776
81670
81978
33652
93810
72527
72042
54183
89426
73014
88862
73028
96883
74230
36835
97047
73918
92476
80832
110881
61848
116807
81869
115202
129723
135756
93465
167
193
249
282
347
1621
128
144
2007
96
99
115
344
100
124
3056
3391
3684
4294
5158
5640
7514
143
7758
9072
8973
11033
11490
9736
13538
13622
13742
108
14114
89
124
14383
81
90
91
97
74
88
15293
15822
2007
16124
126
93
95
88
105
16670
17926
8491
32860
37132
49384
35899
49455
34804
16053
50179
53058
48092
53272
120
93
68
71
102
56
609
91
80
50
58
72
244
61
42985
417
8488
58015
58183
42664
42078
60232
60393
60518
61691
61956
46115
58977
25629
80451
76567
34623
72994
93035
93195
79908
78953
40420
77956
78395
92610
42203
42226
87769
84760
57500
99274
101450
75167
124611
70908
74837
119378
97650
321
1105
1116
774
1530
2264
2168
2718
3531
110
3724
91
63
107
138
133
86
92
109
5392
5865
109
77
8376
7634
9048
9562
9851
101
10096
190
60
60
92
319
63
62
61
11173
11270
11677
12355
13480
13662
81
109
75
76
56
14651
12757
15606
7870
91
16565
18387
15926
24924
38425
36142
22795
37322
39224
39403
72
57
61
128
27421
58
78
61
39947
78
76
102
74
40110
40120
159
95
41072
19411
46234
62871
51761
53112
48333
64804
65849
27574
93058
93054
55378
56263
72892
53080
53099
87346
58977
89231
79938
84618
83947
56553
60904
95317
88149
90049
85460
89069
58771
92839
102296
97345
105444
85123
121220
134064
103857
213
510
529
502
1787
2721
71
82
2944
67
66
98
63
83
76
83
4407
117
4644
4988
5311
5496
6196
7061
7727
8721
8428
10200
10198
10827
11030
137
12265
10666
53
1276
71
92
71
90
69
85
85
14001
121
16381
17941
22377
22474
87
77
22685
75
22796
64
10581
181
92
18788
23548
23891
40287
30582
41131
23276
51192
60195
37337
43802
55184
51453
100
129
81
120
80
60533
60542
60535
37617
55984
60546
70
76
87
90
78
96
117
248
44639
71293
90437
77776
81670
81978
33652
93810
72527
72042
54183
89426
73014
88862
73028
96883
74230
36835
97047
73918
92476
80832
110881
61848
116807
81869
115202
129723
135756
93465
167
193
249
282
347
1621
128
144
2007
96
99
115
344
100
124
3056
3391
3684
4294
5158
5640
7514
143
7758
9072
8973
11033
11490
9736
13538
13622
13742
108
14114
89
124
14383
81
90
91
97
74
88
15293
15822
2007
16124
126
93
95
88
105
16670
17926
8491
32860
37132
49384
35899
49455
34804
16053
50179
53058
48092
53272
120
93
68
71
102
56
609
91
80
50
58
72
244
61
42985
417
8488
58015
58183
42664
42078
60232
60393
60518
61691
61956
46115
58977
25629
80451
76567
34623
72994
93035
93195
79908
78953
40420
77956
78395
92610
42203
42226
87769
84760
57500
99274
101450
75167
124611
70908
74837
119378
97650
321
1105
1116
774
1530
2264
2168
2718
3531
110
3724
91
63
107
138
133
86
92
109
5392
5865
109
77
8376
7634
9048
9562
9851
101
10096
190
60
60
92
319
63
62
61
11173
11270
11677
12355
13480
13662
81
109
75
76
56
14651
12757
15606
7870
91
16565
18387
15926
24924
38425
36142
22795
37322
39224
39403
72
57
61
128
27421
58
78
61
39947
78
76
102
74
40110
40120
159
95
41072
19411
46234
62871
51761
53112
48333
64804
65849
27574
93058
93054
55378
56263
72892
53080
53099
87346
58977
89231
79938
84618
83947
56553
60904
95317
88149
90049
85460
89069
58771
92839
102296
97345
105444
85123
121220
134064
103857
