480
500
511
514
520
509
517
561
574
601
615
695
698
701
710
721
708
733
734
748
744
767
788
784
808
360
858
349
857
969
935
960
412
478
994
432
512
565
613
400
439
504
1221
499
421
487
511
502
479
368
651
598
431
447
463
717
430
472
783
390
514
501
382
330
1693
1709
310
1727
454
390
456
1844
352
466
518
303
487
409
487
449
521
523
339
284
534
419
2433
401
441
484
468
503
2000
3176
2713
3074
3154
3192
3140
3124
3091
4393
4283
4221
4205
4186
4211
4285
4266
4903
4909
4780
4928
4739
4697
4995
5050
5623
5211
4987
395
510
578
586
675
690
689
698
706
486
438
634
1355
1412
1460
1491
1677
1719
1738
1742
1751
1770
636
1805
1815
1836
1851
1857
1873
1977
2030
2043
2079
2066
2094
2124
2141
2225
2270
2290
2299
1966
1073
1077
1996
3063
2379
2611
2627
2037
1816
1815
1858
1825
2045
1713
3149
3175
3235
2574
2576
2726
2702
2565
2959
2396
2391
2468
2682
2651
2514
2465
1443
2160
1583
2905
2474
2451
2678
2121
2843
2617
2618
1332
2385
1273
1829
1404
821
816
956
928
3086
923
660
788
972
2485
750
1200
1072
1784
1284
1911
1207
1314
2494
2272
2337
1272
1172
3533
3379
3361
3247
3191
3248
3155
3683
3716
408
431
424
487
482
520
535
535
524
567
580
586
585
599
603
606
616
627
660
699
727
476
401
471
495
645
626
698
550
655
730
738
633
486
1947
1987
2008
1520
1613
1644
1578
495
416
1259
1324
396
3632
401
452
438
3723
3720
3784
3807
3840
360
441
521
447
4561
463
403
5019
5027
1357
5082
5078
5094
473
1448
1201
426
459
499
614
382
391
728
379
278
436
420
578
6215
566
5829
5847
435
369
5747
5721
5750
476
5749
412
5764
5784
427
5646
5996
5940
5719
5638
5536
5341
5499
5118
4829
4013
3617
3114
3244
3217
6979
3214
4051
4006
3622
3518
3525
480
500
511
514
520
509
517
561
574
601
615
695
698
701
710
721
708
733
734
748
744
767
788
784
808
360
858
349
857
969
935
960
412
478
994
432
512
565
613
400
439
504
1221
499
421
487
511
502
479
368
651
598
431
447
463
717
430
472
783
390
514
501
382
330
1693
1709
310
1727
454
390
456
1844
352
466
518
303
487
409
487
449
521
523
339
284
534
419
2433
401
441
484
468
503
2000
3176
2713
3074
3154
3192
3140
3124
3091
4393
4283
4221
4205
4186
4211
4285
4266
4903
4909
4780
4928
4739
4697
4995
5050
5623
5211
4987
395
510
578
586
675
690
689
698
706
486
438
634
1355
1412
1460
1491
1677
1719
1738
1742
1751
1770
636
1805
1815
1836
1851
1857
1873
1977
2030
2043
2079
2066
2094
2124
2141
2225
2270
2290
2299
1966
1073
1077
1996
3063
2379
2611
2627
2037
1816
1815
1858
1825
2045
1713
3149
3175
3235
2574
2576
2726
2702
2565
2959
2396
2391
2468
2682
2651
2514
2465
1443
2160
1583
2905
2474
2451
2678
2121
2843
2617
2618
1332
2385
1273
1829
1404
821
816
956
928
3086
923
660
788
972
2485
750
1200
1072
1784
1284
1911
1207
1314
2494
2272
2337
1272
1172
3533
3379
3361
3247
3191
3248
3155
3683
3716
408
431
424
487
482
520
535
535
524
567
580
586
585
599
603
606
616
627
660
699
727
476
401
471
495
645
626
698
550
655
730
738
633
486
1947
1987
2008
1520
1613
1644
1578
495
416
1259
1324
396
3632
401
452
438
3723
3720
3784
3807
3840
360
441
521
447
4561
463
403
5019
5027
1357
5082
5078
5094
473
1448
1201
426
459
499
614
382
391
728
379
278
436
420
578
6215
566
5829
5847
435
369
5747
5721
5750
476
5749
412
5764
5784
427
5646
5996
5940
5719
5638
5536
5341
5499
5118
4829
4013
3617
3114
3244
3217
6979
3214
4051
4006
3622
3518
3525
480
500
511
514
520
509
517
561
574
601
615
695
698
701
710
721
708
733
734
748
744
767
788
784
808
360
858
349
857
969
935
960
412
478
994
432
512
565
613
400
439
504
1221
499
421
487
511
502
479
368
651
598
431
447
463
717
430
472
783
390
514
501
382
330
1693
1709
310
1727
454
390
456
1844
352
466
518
303
487
409
487
449
521
523
339
284
534
419
2433
401
441
484
468
503
2000
3176
2713
3074
3154
3192
3140
3124
3091
4393
4283
4221
4205
4186
4211
4285
4266
4903
4909
4780
4928
4739
4697
4995
5050
5623
5211
4987
395
510
578
586
675
690
689
698
706
486
438
634
1355
1412
1460
1491
1677
1719
1738
1742
1751
1770
636
1805
1815
1836
1851
1857
1873
1977
2030
2043
2079
2066
2094
2124
2141
2225
2270
2290
2299
1966
1073
1077
1996
3063
2379
2611
2627
2037
1816
1815
1858
1825
2045
1713
3149
3175
3235
2574
2576
2726
2702
2565
2959
2396
2391
2468
2682
2651
2514
2465
1443
2160
1583
2905
2474
2451
2678
2121
2843
2617
2618
1332
2385
1273
1829
1404
821
816
956
928
3086
923
660
788
972
2485
750
1200
1072
1784
1284
1911
1207
1314
2494
2272
2337
1272
1172
3533
3379
3361
3247
3191
3248
3155
3683
3716
408
431
424
487
482
520
535
535
524
567
580
586
585
599
603
606
616
627
660
699
727
476
401
471
495
645
626
698
550
655
730
738
633
486
1947
1987
2008
1520
1613
1644
1578
495
416
1259
1324
396
3632
401
452
438
3723
3720
3784
3807
3840
360
441
521
447
4561
463
403
5019
5027
1357
5082
5078
5094
473
1448
1201
426
459
499
614
382
391
728
379
278
436
420
578
6215
566
5829
5847
435
369
5747
5721
5750
476
5749
412
5764
5784
427
5646
5996
5940
5719
5638
5536
5341
5499
5118
4829
4013
3617
3114
3244
3217
6979
3214
4051
4006
3622
3518
3525
