92
78
166
87
144
206
109
133
147
197
105
133
149
99
84
133
93
210
165
131
145
126
148
121
889
141
1306
882
897
771
123
881
681
107
703
773
125
161
222
131
208
182
121
120
157
136
151
131
139
135
150
112
117
127
104
182
130
137
122
146
150
118
130
97
154
102
96
130
124
2022
1447
143
891
127
1070
1068
1113
887
153
768
769
124
125
108
128
178
103
133
116
148
121
125
138
161
214
233
198
197
167
168
118
1455
995
724
754
1083
724
2952
2953
2881
2818
2792
2707
2693
2665
2272
1932
1621
1664
1564
395
339
216
153
223
153
454
230
401
137
298
337
111
217
113
166
130
522
108
142
252
174
174
222
191
185
169
131
218
139
113
163
140
117
133
117
219
169
134
195
123
105
145
132
166
81
1336
1384
117
123
132
902
81
923
565
101
688
81
103
119
644
538
608
126
119
627
117
140
191
168
809
837
890
599
562
710
723
804
77
86
112
1854
1804
138
1768
1751
1453
1450
1473
128
1479
1446
140
1467
170
1337
95
1166
122
132
981
116
894
136
702
749
1415
991
1358
1199
1237
1054
1018
1439
789
1679
1605
1080
1151
940
121
170
100
129
116
150
132
220
126
145
106
89
195
169
147
108
158
107
130
113
124
194
172
107
103
178
128
152
154
152
292
378
278
201
352
335
173
104
125
280
136
441
424
166
103
132
121
150
144
112
136
128
101
141
145
157
144
124
148
183
112
138
148
128
121
125
130
128
116
124
139
139
158
131
190
154
118
170
108
304
128
117
163
179
120
183
148
254
131
96
119
1208
102
118
1007
137
129
141
142
131
135
151
154
737
588
1795
1806
1755
1734
1642
1512
1410
1337
1437
1369
1360
1208
1142
1240
1618
92
78
166
87
144
206
109
133
147
197
105
133
149
99
84
133
93
210
165
131
145
126
148
121
889
141
1306
882
897
771
123
881
681
107
703
773
125
161
222
131
208
182
121
120
157
136
151
131
139
135
150
112
117
127
104
182
130
137
122
146
150
118
130
97
154
102
96
130
124
2022
1447
143
891
127
1070
1068
1113
887
153
768
769
124
125
108
128
178
103
133
116
148
121
125
138
161
214
233
198
197
167
168
118
1455
995
724
754
1083
724
2952
2953
2881
2818
2792
2707
2693
2665
2272
1932
1621
1664
1564
395
339
216
153
223
153
454
230
401
137
298
337
111
217
113
166
130
522
108
142
252
174
174
222
191
185
169
131
218
139
113
163
140
117
133
117
219
169
134
195
123
105
145
132
166
81
1336
1384
117
123
132
902
81
923
565
101
688
81
103
119
644
538
608
126
119
627
117
140
191
168
809
837
890
599
562
710
723
804
77
86
112
1854
1804
138
1768
1751
1453
1450
1473
128
1479
1446
140
1467
170
1337
95
1166
122
132
981
116
894
136
702
749
1415
991
1358
1199
1237
1054
1018
1439
789
1679
1605
1080
1151
940
121
170
100
129
116
150
132
220
126
145
106
89
195
169
147
108
158
107
130
113
124
194
172
107
103
178
128
152
154
152
292
378
278
201
352
335
173
104
125
280
136
441
424
166
103
132
121
150
144
112
136
128
101
141
145
157
144
124
148
183
112
138
148
128
121
125
130
128
116
124
139
139
158
131
190
154
118
170
108
304
128
117
163
179
120
183
148
254
131
96
119
1208
102
118
1007
137
129
141
142
131
135
151
154
737
588
1795
1806
1755
1734
1642
1512
1410
1337
1437
1369
1360
1208
1142
1240
1618
92
78
166
87
144
206
109
133
147
197
105
133
149
99
84
133
93
210
165
131
145
126
148
121
889
141
1306
882
897
771
123
881
681
107
703
773
125
161
222
131
208
182
121
120
157
136
151
131
139
135
150
112
117
127
104
182
130
137
122
146
150
118
130
97
154
102
96
130
124
2022
1447
143
891
127
1070
1068
1113
887
153
768
769
124
125
108
128
178
103
133
116
148
121
125
138
161
214
233
198
197
167
168
118
1455
995
724
754
1083
724
2952
2953
2881
2818
2792
2707
2693
2665
2272
1932
1621
1664
1564
395
339
216
153
223
153
454
230
401
137
298
337
111
217
113
166
130
522
108
142
252
174
174
222
191
185
169
131
218
139
113
163
140
117
133
117
219
169
134
195
123
105
145
132
166
81
1336
1384
117
123
132
902
81
923
565
101
688
81
103
119
644
538
608
126
119
627
117
140
191
168
809
837
890
599
562
710
723
804
77
86
112
1854
1804
138
1768
1751
1453
1450
1473
128
1479
1446
140
1467
170
1337
95
1166
122
132
981
116
894
136
702
749
1415
991
1358
1199
1237
1054
1018
1439
789
1679
1605
1080
1151
940
121
170
100
129
116
150
132
220
126
145
106
89
195
169
147
108
158
107
130
113
124
194
172
107
103
178
128
152
154
152
292
378
278
201
352
335
173
104
125
280
136
441
424
166
103
132
121
150
144
112
136
128
101
141
145
157
144
124
148
183
112
138
148
128
121
125
130
128
116
124
139
139
158
131
190
154
118
170
108
304
128
117
163
179
120
183
148
254
131
96
119
1208
102
118
1007
137
129
141
142
131
135
151
154
737
588
1795
1806
1755
1734
1642
1512
1410
1337
1437
1369
1360
1208
1142
1240
1618
