218
237
279
276
322
313
330
325
352
356
348
352
119
371
382
397
403
383
414
427
211
439
416
451
461
468
177
497
497
506
523
154
248
546
228
167
565
223
244
214
297
649
642
202
318
202
299
190
399
194
301
173
350
404
371
226
829
328
837
407
264
330
215
567
265
174
271
225
482
495
249
299
279
158
1071
675
273
661
461
199
414
788
191
683
1178
343
550
323
228
230
255
268
731
1327
290
230
364
924
198
1470
281
341
340
489
1081
393
378
661
537
477
535
570
420
1244
276
917
754
606
302
516
1095
548
591
682
176
650
808
1120
520
1193
643
1475
662
293
1214
1568
1379
377
788
1386
518
430
1631
574
870
715
768
1018
705
1060
987
959
844
975
636
881
606
1089
842
693
897
714
852
698
348
548
409
1022
1215
1427
1498
592
960
585
725
596
516
519
906
581
98
566
97
124
627
82
628
835
48
1005
55
67
730
50
1309
1783
111
852
81
49
77
94
54
335
26
233
31
17
37
753
32
341
806
203
274
295
899
341
834
1292
280
1401
362
299
936
1438
857
854
1537
869
1017
1125
848
996
1716
1150
989
1195
1301
1340
218
261
262
262
284
291
291
291
297
295
295
320
323
331
343
366
367
377
398
402
396
424
437
432
438
458
461
474
477
480
206
186
524
523
520
273
329
260
255
262
129
272
256
309
201
262
290
220
406
309
207
200
184
269
203
472
340
317
214
307
166
843
288
566
243
475
398
485
279
282
916
300
172
285
271
261
963
535
514
441
161
119
203
343
244
236
465
453
241
791
266
638
155
245
974
162
586
765
279
290
448
935
239
375
865
1562
405
518
431
553
244
188
418
624
449
708
636
785
591
1798
516
1093
1021
931
1128
1111
967
1105
1173
1236
796
1124
671
1169
1259
793
621
1163
362
355
386
793
440
680
1525
448
729
779
1598
769
705
832
785
1069
935
629
714
1123
1304
910
983
1175
748
775
814
1284
1185
1221
509
315
1251
792
920
540
575
851
652
10
14
526
15
556
697
943
22
559
1084
959
23
1570
701
36
78
50
1093
68
1064
1249
31
32
26
43
31
39
18
984
32
33
1279
24
910
689
248
656
994
795
274
294
226
298
1368
319
267
766
964
994
908
830
920
1090
827
1041
1110
1135
1102
870
851
1115
1172
1285
215
234
245
254
259
258
282
286
300
307
304
317
324
328
350
340
358
358
376
387
383
370
379
399
405
405
412
419
445
153
205
475
477
490
265
188
494
259
211
309
221
535
303
251
287
633
287
246
652
246
249
296
336
197
254
364
337
301
372
268
243
398
291
254
404
494
285
375
336
175
143
270
250
147
675
414
241
220
236
391
218
220
193
754
371
217
124
372
705
745
235
1006
1298
321
945
819
290
306
774
471
1441
925
288
747
919
430
360
916
1104
461
865
288
571
1036
712
1397
571
748
480
532
489
831
386
772
650
650
1071
574
664
622
1109
666
516
325
352
1507
1276
634
1466
422
415
596
542
1508
892
927
735
952
705
1621
951
734
994
626
952
774
919
685
907
853
852
658
1291
422
1330
830
437
513
490
1345
448
448
1422
820
476
805
730
15
34
730
794
578
751
1108
155
947
189
107
38
58
71
35
224
12
23
229
19
1830
25
22
767
24
16
230
20
733
27
1214
31
809
1105
1256
408
753
199
352
1271
361
1104
230
258
1351
1040
788
860
327
727
1343
696
860
828
359
932
786
861
1000
981
1264
1439
1492
218
237
279
276
322
313
330
325
352
356
348
352
119
371
382
397
403
383
414
427
211
439
416
451
461
468
177
497
497
506
523
154
248
546
228
167
565
223
244
214
297
649
642
202
318
202
299
190
399
194
301
173
350
404
371
226
829
328
837
407
264
330
215
567
265
174
271
225
482
495
249
299
279
158
1071
675
273
661
461
199
414
788
191
683
1178
343
550
323
228
230
255
268
731
1327
290
230
364
924
198
1470
281
341
340
489
1081
393
378
661
537
477
535
570
420
1244
276
917
754
606
302
516
1095
548
591
682
176
650
808
1120
520
1193
643
1475
662
293
1214
1568
1379
377
788
1386
518
430
1631
574
870
715
768
1018
705
1060
987
959
844
975
636
881
606
1089
842
693
897
714
852
698
348
548
409
1022
1215
1427
1498
592
960
585
725
596
516
519
906
581
98
566
97
124
627
82
628
835
48
1005
55
67
730
50
1309
1783
111
852
81
49
77
94
54
335
26
233
31
17
37
753
32
341
806
203
274
295
899
341
834
1292
280
1401
362
299
936
1438
857
854
1537
869
1017
1125
848
996
1716
1150
989
1195
1301
1340
218
261
262
262
284
291
291
291
297
295
295
320
323
331
343
366
367
377
398
402
396
424
437
432
438
458
461
474
477
480
206
186
524
523
520
273
329
260
255
262
129
272
256
309
201
262
290
220
406
309
207
200
184
269
203
472
340
317
214
307
166
843
288
566
243
475
398
485
279
282
916
300
172
285
271
261
963
535
514
441
161
119
203
343
244
236
465
453
241
791
266
638
155
245
974
162
586
765
279
290
448
935
239
375
865
1562
405
518
431
553
244
188
418
624
449
708
636
785
591
1798
516
1093
1021
931
1128
1111
967
1105
1173
1236
796
1124
671
1169
1259
793
621
1163
362
355
386
793
440
680
1525
448
729
779
1598
769
705
832
785
1069
935
629
714
1123
1304
910
983
1175
748
775
814
1284
1185
1221
509
315
1251
792
920
540
575
851
652
10
14
526
15
556
697
943
22
559
1084
959
23
1570
701
36
78
50
1093
68
1064
1249
31
32
26
43
31
39
18
984
32
33
1279
24
910
689
248
656
994
795
274
294
226
298
1368
319
267
766
964
994
908
830
920
1090
827
1041
1110
1135
1102
870
851
1115
1172
1285
215
234
245
254
259
258
282
286
300
307
304
317
324
328
350
340
358
358
376
387
383
370
379
399
405
405
412
419
445
153
205
475
477
490
265
188
494
259
211
309
221
535
303
251
287
633
287
246
652
246
249
296
336
197
254
364
337
301
372
268
243
398
291
254
404
494
285
375
336
175
143
270
250
147
675
414
241
220
236
391
218
220
193
754
371
217
124
372
705
745
235
1006
1298
321
945
819
290
306
774
471
1441
925
288
747
919
430
360
916
1104
461
865
288
571
1036
712
1397
571
748
480
532
489
831
386
772
650
650
1071
574
664
622
1109
666
516
325
352
1507
1276
634
1466
422
415
596
542
1508
892
927
735
952
705
1621
951
734
994
626
952
774
919
685
907
853
852
658
1291
422
1330
830
437
513
490
1345
448
448
1422
820
476
805
730
15
34
730
794
578
751
1108
155
947
189
107
38
58
71
35
224
12
23
229
19
1830
25
22
767
24
16
230
20
733
27
1214
31
809
1105
1256
408
753
199
352
1271
361
1104
230
258
1351
1040
788
860
327
727
1343
696
860
828
359
932
786
861
1000
981
1264
1439
1492
218
237
279
276
322
313
330
325
352
356
348
352
119
371
382
397
403
383
414
427
211
439
416
451
461
468
177
497
497
506
523
154
248
546
228
167
565
223
244
214
297
649
642
202
318
202
299
190
399
194
301
173
350
404
371
226
829
328
837
407
264
330
215
567
265
174
271
225
482
495
249
299
279
158
1071
675
273
661
461
199
414
788
191
683
1178
343
550
323
228
230
255
268
731
1327
290
230
364
924
198
1470
281
341
340
489
1081
393
378
661
537
477
535
570
420
1244
276
917
754
606
302
516
1095
548
591
682
176
650
808
1120
520
1193
643
1475
662
293
1214
1568
1379
377
788
1386
518
430
1631
574
870
715
768
1018
705
1060
987
959
844
975
636
881
606
1089
842
693
897
714
852
698
348
548
409
1022
1215
1427
1498
592
960
585
725
596
516
519
906
581
98
566
97
124
627
82
628
835
48
1005
55
67
730
50
1309
1783
111
852
81
49
77
94
54
335
26
233
31
17
37
753
32
341
806
203
274
295
899
341
834
1292
280
1401
362
299
936
1438
857
854
1537
869
1017
1125
848
996
1716
1150
989
1195
1301
1340
218
261
262
262
284
291
291
291
297
295
295
320
323
331
343
366
367
377
398
402
396
424
437
432
438
458
461
474
477
480
206
186
524
523
520
273
329
260
255
262
129
272
256
309
201
262
290
220
406
309
207
200
184
269
203
472
340
317
214
307
166
843
288
566
243
475
398
485
279
282
916
300
172
285
271
261
963
535
514
441
161
119
203
343
244
236
465
453
241
791
266
638
155
245
974
162
586
765
279
290
448
935
239
375
865
1562
405
518
431
553
244
188
418
624
449
708
636
785
591
1798
516
1093
1021
931
1128
1111
967
1105
1173
1236
796
1124
671
1169
1259
793
621
1163
362
355
386
793
440
680
1525
448
729
779
1598
769
705
832
785
1069
935
629
714
1123
1304
910
983
1175
748
775
814
1284
1185
1221
509
315
1251
792
920
540
575
851
652
10
14
526
15
556
697
943
22
559
1084
959
23
1570
701
36
78
50
1093
68
1064
1249
31
32
26
43
31
39
18
984
32
33
1279
24
910
689
248
656
994
795
274
294
226
298
1368
319
267
766
964
994
908
830
920
1090
827
1041
1110
1135
1102
870
851
1115
1172
1285
215
234
245
254
259
258
282
286
300
307
304
317
324
328
350
340
358
358
376
387
383
370
379
399
405
405
412
419
445
153
205
475
477
490
265
188
494
259
211
309
221
535
303
251
287
633
287
246
652
246
249
296
336
197
254
364
337
301
372
268
243
398
291
254
404
494
285
375
336
175
143
270
250
147
675
414
241
220
236
391
218
220
193
754
371
217
124
372
705
745
235
1006
1298
321
945
819
290
306
774
471
1441
925
288
747
919
430
360
916
1104
461
865
288
571
1036
712
1397
571
748
480
532
489
831
386
772
650
650
1071
574
664
622
1109
666
516
325
352
1507
1276
634
1466
422
415
596
542
1508
892
927
735
952
705
1621
951
734
994
626
952
774
919
685
907
853
852
658
1291
422
1330
830
437
513
490
1345
448
448
1422
820
476
805
730
15
34
730
794
578
751
1108
155
947
189
107
38
58
71
35
224
12
23
229
19
1830
25
22
767
24
16
230
20
733
27
1214
31
809
1105
1256
408
753
199
352
1271
361
1104
230
258
1351
1040
788
860
327
727
1343
696
860
828
359
932
786
861
1000
981
1264
1439
1492
