136
194
196
118
414
511
393
424
83
88
83
160
168
360
187
1464
2861
2801
151
3681
3969
4894
7363
7595
8427
9217
94
10365
5776
904
1329
2522
9352
6571
5833
17675
5839
5664
17715
17909
17280
17717
102
140
149
80
46
81
74
18318
18880
18993
23729
23939
198
24212
6914
25193
66735
67576
49749
50274
49579
68284
122
50638
72
100
85
114
205
195
182
67522
60808
92
105
81
232
227
69590
70006
70537
46476
70586
63557
71414
53578
52531
46723
70864
68676
54983
58130
80929
114337
116709
116645
109280
42673
50510
46948
46765
115717
51823
95398
96607
96863
102367
46187
102620
121053
52644
49796
117554
154711
88018
154755
81159
106312
220
703
745
127
1532
1959
1962
95
236
125
64
129
73
54
53
82
3553
3699
4097
133
5512
5502
6547
6548
8127
8333
8719
9841
10756
11210
13027
13264
162
92
53
63
46
38
39
36
13933
89
48
244
88
56
14593
14895
7115
9548
15652
18392
90
127
115
121
21675
13532
21849
21910
12506
23730
23727
49651
46480
61089
61103
61446
45944
98
79
60141
125
155
38
52
95
53
86
74
69
62178
81
85
40489
46603
63322
62504
65477
64019
58231
80140
74640
77706
95543
93865
90745
55026
44219
99116
91608
91154
84826
82916
45575
98598
85803
107598
88816
107786
97076
84161
46890
105568
55138
60621
127863
124928
110734
141572
257
288
343
365
83
364
406
101
154
126
110
147
327
313
214
1918
2186
2585
3971
4516
5720
6366
7344
8007
8097
126
8395
8767
10178
12223
172
48
73
6272
118
42
46
54
59
53
4848
13972
14077
15358
16167
17045
8121
105
135
56
88
19074
22428
22711
1310
50710
36792
36875
49694
36930
52463
52656
52644
53272
53440
53831
68
70
104
180
68
94
74
95
99
148
56
99
48
39086
43074
165
157
56575
69410
91546
91980
41716
92470
41554
75507
69337
80086
95401
86615
88150
88207
45832
44746
44769
85002
79822
76497
106966
105340
93646
64417
115773
116078
114222
117367
76689
84413
83977
84836
77396
132862
146489
146834
101483
136
194
196
118
414
511
393
424
83
88
83
160
168
360
187
1464
2861
2801
151
3681
3969
4894
7363
7595
8427
9217
94
10365
5776
904
1329
2522
9352
6571
5833
17675
5839
5664
17715
17909
17280
17717
102
140
149
80
46
81
74
18318
18880
18993
23729
23939
198
24212
6914
25193
66735
67576
49749
50274
49579
68284
122
50638
72
100
85
114
205
195
182
67522
60808
92
105
81
232
227
69590
70006
70537
46476
70586
63557
71414
53578
52531
46723
70864
68676
54983
58130
80929
114337
116709
116645
109280
42673
50510
46948
46765
115717
51823
95398
96607
96863
102367
46187
102620
121053
52644
49796
117554
154711
88018
154755
81159
106312
220
703
745
127
1532
1959
1962
95
236
125
64
129
73
54
53
82
3553
3699
4097
133
5512
5502
6547
6548
8127
8333
8719
9841
10756
11210
13027
13264
162
92
53
63
46
38
39
36
13933
89
48
244
88
56
14593
14895
7115
9548
15652
18392
90
127
115
121
21675
13532
21849
21910
12506
23730
23727
49651
46480
61089
61103
61446
45944
98
79
60141
125
155
38
52
95
53
86
74
69
62178
81
85
40489
46603
63322
62504
65477
64019
58231
80140
74640
77706
95543
93865
90745
55026
44219
99116
91608
91154
84826
82916
45575
98598
85803
107598
88816
107786
97076
84161
46890
105568
55138
60621
127863
124928
110734
141572
257
288
343
365
83
364
406
101
154
126
110
147
327
313
214
1918
2186
2585
3971
4516
5720
6366
7344
8007
8097
126
8395
8767
10178
12223
172
48
73
6272
118
42
46
54
59
53
4848
13972
14077
15358
16167
17045
8121
105
135
56
88
19074
22428
22711
1310
50710
36792
36875
49694
36930
52463
52656
52644
53272
53440
53831
68
70
104
180
68
94
74
95
99
148
56
99
48
39086
43074
165
157
56575
69410
91546
91980
41716
92470
41554
75507
69337
80086
95401
86615
88150
88207
45832
44746
44769
85002
79822
76497
106966
105340
93646
64417
115773
116078
114222
117367
76689
84413
83977
84836
77396
132862
146489
146834
101483
136
194
196
118
414
511
393
424
83
88
83
160
168
360
187
1464
2861
2801
151
3681
3969
4894
7363
7595
8427
9217
94
10365
5776
904
1329
2522
9352
6571
5833
17675
5839
5664
17715
17909
17280
17717
102
140
149
80
46
81
74
18318
18880
18993
23729
23939
198
24212
6914
25193
66735
67576
49749
50274
49579
68284
122
50638
72
100
85
114
205
195
182
67522
60808
92
105
81
232
227
69590
70006
70537
46476
70586
63557
71414
53578
52531
46723
70864
68676
54983
58130
80929
114337
116709
116645
109280
42673
50510
46948
46765
115717
51823
95398
96607
96863
102367
46187
102620
121053
52644
49796
117554
154711
88018
154755
81159
106312
220
703
745
127
1532
1959
1962
95
236
125
64
129
73
54
53
82
3553
3699
4097
133
5512
5502
6547
6548
8127
8333
8719
9841
10756
11210
13027
13264
162
92
53
63
46
38
39
36
13933
89
48
244
88
56
14593
14895
7115
9548
15652
18392
90
127
115
121
21675
13532
21849
21910
12506
23730
23727
49651
46480
61089
61103
61446
45944
98
79
60141
125
155
38
52
95
53
86
74
69
62178
81
85
40489
46603
63322
62504
65477
64019
58231
80140
74640
77706
95543
93865
90745
55026
44219
99116
91608
91154
84826
82916
45575
98598
85803
107598
88816
107786
97076
84161
46890
105568
55138
60621
127863
124928
110734
141572
257
288
343
365
83
364
406
101
154
126
110
147
327
313
214
1918
2186
2585
3971
4516
5720
6366
7344
8007
8097
126
8395
8767
10178
12223
172
48
73
6272
118
42
46
54
59
53
4848
13972
14077
15358
16167
17045
8121
105
135
56
88
19074
22428
22711
1310
50710
36792
36875
49694
36930
52463
52656
52644
53272
53440
53831
68
70
104
180
68
94
74
95
99
148
56
99
48
39086
43074
165
157
56575
69410
91546
91980
41716
92470
41554
75507
69337
80086
95401
86615
88150
88207
45832
44746
44769
85002
79822
76497
106966
105340
93646
64417
115773
116078
114222
117367
76689
84413
83977
84836
77396
132862
146489
146834
101483
