589
896
205
1020
1125
277
304
353
355
295
263
56
69
1759
29
54
226
365
2001
154
417
266
311
168
273
141
266
2522
132
174
381
346
164
153
1018
176
142
115
393
197
133
589
199
145
292
178
1424
272
257
28
232
34
265
32
142
137
129
1073
223
164
165
124
212
156
122
258
177
283
895
211
1861
121
602
121
329
186
321
117
39
26
20
98
193
27
205
37
103
138
186
102
706
140
98
340
117
298
21
944
128
1009
202
353
198
33
36
41
57
141
788
332
255
398
297
206
695
1237
1159
789
1077
991
848
922
935
714
830
1014
912
404
771
417
353
250
207
349
700
327
293
682
553
314
398
647
472
433
416
345
578
441
509
817
887
996
1232
954
1201
730
1161
682
1208
893
768
663
256
739
685
441
460
384
298
474
340
564
455
631
508
378
662
544
591
1096
537
512
787
722
1216
569
834
749
597
493
472
442
423
467
656
696
414
507
612
798
880
882
785
795
974
1030
423
257
1114
1134
1127
1151
1197
1190
1201
1198
1212
1217
1237
1259
1313
1297
1318
484
342
1400
1310
1465
509
288
590
596
1547
325
366
496
722
446
229
340
619
611
602
1734
545
579
1783
762
1752
634
1858
488
369
270
1916
302
488
477
454
583
704
694
2055
416
294
484
2105
952
241
541
680
2244
816
601
291
240
585
434
470
509
956
2348
819
439
754
353
319
579
331
644
389
1096
917
1365
574
599
576
745
314
868
690
558
325
787
763
2846
515
435
819
555
530
655
526
487
340
307
445
437
497
523
545
540
604
533
2587
266
361
321
517
382
46
1362
743
709
507
944
276
1626
654
1619
287
423
677
1002
554
598
1004
416
696
643
928
776
667
1064
487
575
286
168
42
800
647
997
915
558
846
291
603
344
725
790
377
448
544
1098
422
810
556
706
431
34
72
1593
42
1770
754
1388
510
799
65
30
41
33
40
813
547
66
765
36
88
38
39
65
21
51
54
53
1647
760
1455
58
1612
1302
785
442
287
398
1328
673
316
1064
1375
517
542
705
877
715
800
1317
787
769
1476
608
795
884
1179
1192
1026
525
706
782
765
784
811
309
848
828
858
901
935
992
1023
1039
1040
1043
1046
1062
1073
367
1076
1093
1105
1139
1161
320
1154
391
1238
482
377
1336
1356
1349
348
1407
635
1454
381
1441
1469
438
64
1485
371
1531
505
502
416
424
509
481
783
534
592
227
890
673
679
1799
472
1824
196
496
871
576
943
286
695
861
474
461
354
298
490
162
396
789
658
132
426
283
691
338
2218
1373
330
681
509
344
416
662
201
711
1101
1082
909
420
904
1024
335
389
523
405
370
659
376
637
453
481
505
414
772
961
422
504
1413
1334
787
480
1970
363
1123
730
1077
410
727
153
396
568
46
1104
654
550
574
612
738
188
246
563
507
1851
362
292
311
1766
429
434
1695
750
1138
1743
848
535
819
582
667
470
844
864
57
456
365
502
1286
822
1041
428
875
262
1286
2187
347
585
2219
1299
642
1319
1401
18
19
699
990
42
424
636
111
64
602
1065
869
69
854
1107
595
29
57
47
452
59
50
1677
63
109
58
34
12
645
629
37
102
43
482
846
602
1717
973
339
567
504
311
745
358
420
683
557
915
2072
636
726
791
874
1082
1136
1005
862
1080
1227
1267
644
723
849
871
879
905
925
912
935
915
213
976
1045
1044
1027
1061
206
1143
1156
204
1189
1196
1215
1248
360
1307
1287
1276
231
456
432
190
426
1367
1378
1376
352
1400
1459
460
276
617
1524
627
401
682
447
231
1420
293
607
525
501
368
1711
198
379
381
511
402
203
784
1827
461
294
342
391
667
681
450
201
318
291
908
1907
339
230
514
925
858
314
579
270
834
579
2330
775
2371
437
966
409
522
398
2477
2472
791
664
819
1000
569
276
556
432
862
367
1124
326
899
628
2079
669
589
576
1428
437
399
519
1877
1121
581
568
1039
1574
930
523
530
60
689
1462
1079
612
321
541
463
348
466
426
774
273
688
589
748
581
508
439
898
658
564
597
338
498
719
559
905
843
327
337
1050
262
451
408
1004
519
114
917
524
486
371
569
757
722
1364
1023
604
847
616
322
673
1368
442
961
1503
452
428
433
48
651
80
61
72
41
61
65
40
46
1124
1424
55
71
56
635
396
60
47
73
693
49
41
855
560
728
589
399
1108
135
615
122
494
733
1200
307
617
629
319
336
624
448
662
825
420
1911
781
885
820
751
913
928
2332
1269
1253
507
612
798
880
882
785
795
974
1030
423
257
1114
1134
1127
1151
1197
1190
1201
1198
1212
1217
1237
1259
1313
1297
1318
484
342
1400
1310
1465
509
288
590
596
1547
325
366
496
722
446
229
340
619
611
602
1734
545
579
1783
762
1752
634
1858
488
369
270
1916
302
488
477
454
583
704
694
2055
416
294
484
2105
952
241
541
680
2244
816
601
291
240
585
434
470
509
956
2348
819
439
754
353
319
579
331
644
389
1096
917
1365
574
599
576
745
314
868
690
558
325
787
763
2846
515
435
819
555
530
655
526
487
340
307
445
437
497
523
545
540
604
533
2587
266
361
321
517
382
46
1362
743
709
507
944
276
1626
654
1619
287
423
677
1002
554
598
1004
416
696
643
928
776
667
1064
487
575
286
168
42
800
647
997
915
558
846
291
603
344
725
790
377
448
544
1098
422
810
556
706
431
34
72
1593
42
1770
754
1388
510
799
65
30
41
33
40
813
547
66
765
36
88
38
39
65
21
51
54
53
1647
760
1455
58
1612
1302
785
442
287
398
1328
673
316
1064
1375
517
542
705
877
715
800
1317
787
769
1476
608
795
884
1179
1192
1026
525
706
782
765
784
811
309
848
828
858
901
935
992
1023
1039
1040
1043
1046
1062
1073
367
1076
1093
1105
1139
1161
320
1154
391
1238
482
377
1336
1356
1349
348
1407
635
1454
381
1441
1469
438
64
1485
371
1531
505
502
416
424
509
481
783
534
592
227
890
673
679
1799
472
1824
196
496
871
576
943
286
695
861
474
461
354
298
490
162
396
789
658
132
426
283
691
338
2218
1373
330
681
509
344
416
662
201
711
1101
1082
909
420
904
1024
335
389
523
405
370
659
376
637
453
481
505
414
772
961
422
504
1413
1334
787
480
1970
363
1123
730
1077
410
727
153
396
568
46
1104
654
550
574
612
738
188
246
563
507
1851
362
292
311
1766
429
434
1695
750
1138
1743
848
535
819
582
667
470
844
864
57
456
365
502
1286
822
1041
428
875
262
1286
2187
347
585
2219
1299
642
1319
1401
18
19
699
990
42
424
636
111
64
602
1065
869
69
854
1107
595
29
57
47
452
59
50
1677
63
109
58
34
12
645
629
37
102
43
482
846
602
1717
973
339
567
504
311
745
358
420
683
557
915
2072
636
726
791
874
1082
1136
1005
862
1080
1227
1267
644
723
849
871
879
905
925
912
935
915
213
976
1045
1044
1027
1061
206
1143
1156
204
1189
1196
1215
1248
360
1307
1287
1276
231
456
432
190
426
1367
1378
1376
352
1400
1459
460
276
617
1524
627
401
682
447
231
1420
293
607
525
501
368
1711
198
379
381
511
402
203
784
1827
461
294
342
391
667
681
450
201
318
291
908
1907
339
230
514
925
858
314
579
270
834
579
2330
775
2371
437
966
409
522
398
2477
2472
791
664
819
1000
569
276
556
432
862
367
1124
326
899
628
2079
669
589
576
1428
437
399
519
1877
1121
581
568
1039
1574
930
523
530
60
689
1462
1079
612
321
541
463
348
466
426
774
273
688
589
748
581
508
439
898
658
564
597
338
498
719
559
905
843
327
337
1050
262
451
408
1004
519
114
917
524
486
371
569
757
722
1364
1023
604
847
616
322
673
1368
442
961
1503
452
428
433
48
651
80
61
72
41
61
65
40
46
1124
1424
55
71
56
635
396
60
47
73
693
49
41
855
560
728
589
399
1108
135
615
122
494
733
1200
307
617
629
319
336
624
448
662
825
420
1911
781
885
820
751
913
928
2332
1269
1253
507
612
798
880
882
785
795
974
1030
423
257
1114
1134
1127
1151
1197
1190
1201
1198
1212
1217
1237
1259
1313
1297
1318
484
342
1400
1310
1465
509
288
590
596
1547
325
366
496
722
446
229
340
619
611
602
1734
545
579
1783
762
1752
634
1858
488
369
270
1916
302
488
477
454
583
704
694
2055
416
294
484
2105
952
241
541
680
2244
816
601
291
240
585
434
470
509
956
2348
819
439
754
353
319
579
331
644
389
1096
917
1365
574
599
576
745
314
868
690
558
325
787
763
2846
515
435
819
555
530
655
526
487
340
307
445
437
497
523
545
540
604
533
2587
266
361
321
517
382
46
1362
743
709
507
944
276
1626
654
1619
287
423
677
1002
554
598
1004
416
696
643
928
776
667
1064
487
575
286
168
42
800
647
997
915
558
846
291
603
344
725
790
377
448
544
1098
422
810
556
706
431
34
72
1593
42
1770
754
1388
510
799
65
30
41
33
40
813
547
66
765
36
88
38
39
65
21
51
54
53
1647
760
1455
58
1612
1302
785
442
287
398
1328
673
316
1064
1375
517
542
705
877
715
800
1317
787
769
1476
608
795
884
1179
1192
1026
525
706
782
765
784
811
309
848
828
858
901
935
992
1023
1039
1040
1043
1046
1062
1073
367
1076
1093
1105
1139
1161
320
1154
391
1238
482
377
1336
1356
1349
348
1407
635
1454
381
1441
1469
438
64
1485
371
1531
505
502
416
424
509
481
783
534
592
227
890
673
679
1799
472
1824
196
496
871
576
943
286
695
861
474
461
354
298
490
162
396
789
658
132
426
283
691
338
2218
1373
330
681
509
344
416
662
201
711
1101
1082
909
420
904
1024
335
389
523
405
370
659
376
637
453
481
505
414
772
961
422
504
1413
1334
787
480
1970
363
1123
730
1077
410
727
153
396
568
46
1104
654
550
574
612
738
188
246
563
507
1851
362
292
311
1766
429
434
1695
750
1138
1743
848
535
819
582
667
470
844
864
57
456
365
502
1286
822
1041
428
875
262
1286
2187
347
585
2219
1299
642
1319
1401
18
19
699
990
42
424
636
111
64
602
1065
869
69
854
1107
595
29
57
47
452
59
50
1677
63
109
58
34
12
645
629
37
102
43
482
846
602
1717
973
339
567
504
311
745
358
420
683
557
915
2072
636
726
791
874
1082
1136
1005
862
1080
1227
1267
644
723
849
871
879
905
925
912
935
915
213
976
1045
1044
1027
1061
206
1143
1156
204
1189
1196
1215
1248
360
1307
1287
1276
231
456
432
190
426
1367
1378
1376
352
1400
1459
460
276
617
1524
627
401
682
447
231
1420
293
607
525
501
368
1711
198
379
381
511
402
203
784
1827
461
294
342
391
667
681
450
201
318
291
908
1907
339
230
514
925
858
314
579
270
834
579
2330
775
2371
437
966
409
522
398
2477
2472
791
664
819
1000
569
276
556
432
862
367
1124
326
899
628
2079
669
589
576
1428
437
399
519
1877
1121
581
568
1039
1574
930
523
530
60
689
1462
1079
612
321
541
463
348
466
426
774
273
688
589
748
581
508
439
898
658
564
597
338
498
719
559
905
843
327
337
1050
262
451
408
1004
519
114
917
524
486
371
569
757
722
1364
1023
604
847
616
322
673
1368
442
961
1503
452
428
433
48
651
80
61
72
41
61
65
40
46
1124
1424
55
71
56
635
396
60
47
73
693
49
41
855
560
728
589
399
1108
135
615
122
494
733
1200
307
617
629
319
336
624
448
662
825
420
1911
781
885
820
751
913
928
2332
1269
1253
