341
380
400
1371
1372
2914
3099
3525
3756
4844
4140
6586
7030
113
163
74
81
84
90
7766
87
79
153
8355
8722
8535
4460
5841
9955
10036
10483
515
11060
11072
144
117
11315
97
11475
113
126
84
90
92
119
86
96
2250
102
90
1492
109
12212
152
141
73
13705
13746
4876
11983
109
81
15212
95
111
88
229
272
90
101
89
15998
103
256
97
8559
4522
247
42084
28276
42067
42261
33219
37346
43406
32272
43300
37068
45056
43624
27438
3103
28364
46063
34752
28622
32229
36178
28460
36845
46470
43693
29142
46912
35610
43357
47372
47409
47485
34646
39967
6253
43350
43296
47649
40067
75454
69828
37650
83826
355
389
431
617
2392
2457
2547
3226
3507
4191
4625
5275
110
99
94
69
81
79
119
112
3693
108
6491
7916
7913
5876
545
8564
9491
6934
10024
10172
114
4875
11554
12237
13107
13124
70
106
113
257
13750
13426
10598
133
13865
109
76
100
94
14035
78
103
99
107
90
111
93
15080
15058
6851
162
102
84
80
171
98
110
95
102
15801
107
85
102
95
87
17335
17464
18214
18846
10020
9225
5488
20571
16860
21080
17992
13090
25937
36472
35770
32421
49274
36400
26699
26724
50704
46378
37032
51749
43940
46008
48667
50362
44566
59070
52928
39179
47969
59242
36114
51302
42598
50628
46029
41338
61525
58450
64170
474
504
398
525
533
94
101
112
89
73
144
123
795
214
110
89
103
1459
189
81
154
77
153
83
64
60
63
81
2509
90
100
3035
3404
4641
4759
5317
163
87
86
81
135
125
99
119
176
128
147
215
119
7792
7786
9042
1857
9767
9833
9956
10082
9692
6513
7980
3935
11956
2719
13007
1177
13752
14764
148
15060
15081
153
14960
22417
35259
35317
24026
25927
22178
36009
36519
26865
36573
36643
27002
25459
34166
34627
37305
18864
37772
26660
37287
38069
38227
23226
19828
19865
19849
37676
37697
39026
39881
3709
23262
5460
9425
47701
35802
14240
48862
17053
78733
49156
56770
54463
77487
56930
54055
86083
55290
341
380
400
1371
1372
2914
3099
3525
3756
4844
4140
6586
7030
113
163
74
81
84
90
7766
87
79
153
8355
8722
8535
4460
5841
9955
10036
10483
515
11060
11072
144
117
11315
97
11475
113
126
84
90
92
119
86
96
2250
102
90
1492
109
12212
152
141
73
13705
13746
4876
11983
109
81
15212
95
111
88
229
272
90
101
89
15998
103
256
97
8559
4522
247
42084
28276
42067
42261
33219
37346
43406
32272
43300
37068
45056
43624
27438
3103
28364
46063
34752
28622
32229
36178
28460
36845
46470
43693
29142
46912
35610
43357
47372
47409
47485
34646
39967
6253
43350
43296
47649
40067
75454
69828
37650
83826
355
389
431
617
2392
2457
2547
3226
3507
4191
4625
5275
110
99
94
69
81
79
119
112
3693
108
6491
7916
7913
5876
545
8564
9491
6934
10024
10172
114
4875
11554
12237
13107
13124
70
106
113
257
13750
13426
10598
133
13865
109
76
100
94
14035
78
103
99
107
90
111
93
15080
15058
6851
162
102
84
80
171
98
110
95
102
15801
107
85
102
95
87
17335
17464
18214
18846
10020
9225
5488
20571
16860
21080
17992
13090
25937
36472
35770
32421
49274
36400
26699
26724
50704
46378
37032
51749
43940
46008
48667
50362
44566
59070
52928
39179
47969
59242
36114
51302
42598
50628
46029
41338
61525
58450
64170
474
504
398
525
533
94
101
112
89
73
144
123
795
214
110
89
103
1459
189
81
154
77
153
83
64
60
63
81
2509
90
100
3035
3404
4641
4759
5317
163
87
86
81
135
125
99
119
176
128
147
215
119
7792
7786
9042
1857
9767
9833
9956
10082
9692
6513
7980
3935
11956
2719
13007
1177
13752
14764
148
15060
15081
153
14960
22417
35259
35317
24026
25927
22178
36009
36519
26865
36573
36643
27002
25459
34166
34627
37305
18864
37772
26660
37287
38069
38227
23226
19828
19865
19849
37676
37697
39026
39881
3709
23262
5460
9425
47701
35802
14240
48862
17053
78733
49156
56770
54463
77487
56930
54055
86083
55290
341
380
400
1371
1372
2914
3099
3525
3756
4844
4140
6586
7030
113
163
74
81
84
90
7766
87
79
153
8355
8722
8535
4460
5841
9955
10036
10483
515
11060
11072
144
117
11315
97
11475
113
126
84
90
92
119
86
96
2250
102
90
1492
109
12212
152
141
73
13705
13746
4876
11983
109
81
15212
95
111
88
229
272
90
101
89
15998
103
256
97
8559
4522
247
42084
28276
42067
42261
33219
37346
43406
32272
43300
37068
45056
43624
27438
3103
28364
46063
34752
28622
32229
36178
28460
36845
46470
43693
29142
46912
35610
43357
47372
47409
47485
34646
39967
6253
43350
43296
47649
40067
75454
69828
37650
83826
355
389
431
617
2392
2457
2547
3226
3507
4191
4625
5275
110
99
94
69
81
79
119
112
3693
108
6491
7916
7913
5876
545
8564
9491
6934
10024
10172
114
4875
11554
12237
13107
13124
70
106
113
257
13750
13426
10598
133
13865
109
76
100
94
14035
78
103
99
107
90
111
93
15080
15058
6851
162
102
84
80
171
98
110
95
102
15801
107
85
102
95
87
17335
17464
18214
18846
10020
9225
5488
20571
16860
21080
17992
13090
25937
36472
35770
32421
49274
36400
26699
26724
50704
46378
37032
51749
43940
46008
48667
50362
44566
59070
52928
39179
47969
59242
36114
51302
42598
50628
46029
41338
61525
58450
64170
474
504
398
525
533
94
101
112
89
73
144
123
795
214
110
89
103
1459
189
81
154
77
153
83
64
60
63
81
2509
90
100
3035
3404
4641
4759
5317
163
87
86
81
135
125
99
119
176
128
147
215
119
7792
7786
9042
1857
9767
9833
9956
10082
9692
6513
7980
3935
11956
2719
13007
1177
13752
14764
148
15060
15081
153
14960
22417
35259
35317
24026
25927
22178
36009
36519
26865
36573
36643
27002
25459
34166
34627
37305
18864
37772
26660
37287
38069
38227
23226
19828
19865
19849
37676
37697
39026
39881
3709
23262
5460
9425
47701
35802
14240
48862
17053
78733
49156
56770
54463
77487
56930
54055
86083
55290
