226
267
276
262
265
281
290
289
299
287
287
323
335
361
369
394
393
396
375
416
439
447
453
458
196
197
483
491
268
503
476
521
507
216
518
527
206
233
219
577
572
194
342
348
602
254
377
211
183
229
230
229
236
193
238
756
225
221
277
296
796
234
423
187
314
327
333
210
256
184
337
344
277
328
183
205
217
220
381
203
196
235
286
381
215
328
209
137
323
233
209
275
331
1309
1059
1022
1011
1007
1124
1031
995
1179
1105
1024
1826
1921
1830
1854
1775
1882
1782
1730
1742
1767
1758
1761
1718
1764
3486
3509
320
384
442
475
469
512
607
790
796
343
828
836
837
849
519
808
478
390
433
1067
259
1087
1096
1088
262
309
319
352
411
429
399
237
516
265
264
389
294
183
244
384
312
181
327
219
179
396
424
347
228
1853
254
1869
350
1882
1897
403
1014
444
1939
1945
1952
1972
1974
1981
1485
1971
1932
1984
658
1996
1155
2004
893
2008
543
185
1409
849
243
2045
482
2044
859
303
207
2125
191
288
2153
285
295
195
239
215
278
313
354
304
230
212
390
285
257
276
287
294
328
299
334
316
344
312
370
300
319
360
354
369
375
479
221
221
243
252
284
278
296
268
280
299
307
315
301
321
322
378
409
195
416
429
422
445
236
199
460
181
301
226
251
236
329
303
321
327
243
248
258
232
165
216
198
206
356
468
928
230
276
202
1011
214
198
193
245
461
1122
1145
271
1172
1183
1209
204
268
220
184
247
283
235
350
214
186
283
233
201
271
224
1588
231
198
1623
1672
226
256
156
1776
230
1779
1821
1840
231
1857
190
249
197
1903
1667
1682
1806
1622
1708
1618
1589
1617
1638
1591
1524
1569
1726
1806
1730
1612
1592
1543
1823
1723
1841
1875
1878
1778
1660
2187
226
267
276
262
265
281
290
289
299
287
287
323
335
361
369
394
393
396
375
416
439
447
453
458
196
197
483
491
268
503
476
521
507
216
518
527
206
233
219
577
572
194
342
348
602
254
377
211
183
229
230
229
236
193
238
756
225
221
277
296
796
234
423
187
314
327
333
210
256
184
337
344
277
328
183
205
217
220
381
203
196
235
286
381
215
328
209
137
323
233
209
275
331
1309
1059
1022
1011
1007
1124
1031
995
1179
1105
1024
1826
1921
1830
1854
1775
1882
1782
1730
1742
1767
1758
1761
1718
1764
3486
3509
320
384
442
475
469
512
607
790
796
343
828
836
837
849
519
808
478
390
433
1067
259
1087
1096
1088
262
309
319
352
411
429
399
237
516
265
264
389
294
183
244
384
312
181
327
219
179
396
424
347
228
1853
254
1869
350
1882
1897
403
1014
444
1939
1945
1952
1972
1974
1981
1485
1971
1932
1984
658
1996
1155
2004
893
2008
543
185
1409
849
243
2045
482
2044
859
303
207
2125
191
288
2153
285
295
195
239
215
278
313
354
304
230
212
390
285
257
276
287
294
328
299
334
316
344
312
370
300
319
360
354
369
375
479
221
221
243
252
284
278
296
268
280
299
307
315
301
321
322
378
409
195
416
429
422
445
236
199
460
181
301
226
251
236
329
303
321
327
243
248
258
232
165
216
198
206
356
468
928
230
276
202
1011
214
198
193
245
461
1122
1145
271
1172
1183
1209
204
268
220
184
247
283
235
350
214
186
283
233
201
271
224
1588
231
198
1623
1672
226
256
156
1776
230
1779
1821
1840
231
1857
190
249
197
1903
1667
1682
1806
1622
1708
1618
1589
1617
1638
1591
1524
1569
1726
1806
1730
1612
1592
1543
1823
1723
1841
1875
1878
1778
1660
2187
226
267
276
262
265
281
290
289
299
287
287
323
335
361
369
394
393
396
375
416
439
447
453
458
196
197
483
491
268
503
476
521
507
216
518
527
206
233
219
577
572
194
342
348
602
254
377
211
183
229
230
229
236
193
238
756
225
221
277
296
796
234
423
187
314
327
333
210
256
184
337
344
277
328
183
205
217
220
381
203
196
235
286
381
215
328
209
137
323
233
209
275
331
1309
1059
1022
1011
1007
1124
1031
995
1179
1105
1024
1826
1921
1830
1854
1775
1882
1782
1730
1742
1767
1758
1761
1718
1764
3486
3509
320
384
442
475
469
512
607
790
796
343
828
836
837
849
519
808
478
390
433
1067
259
1087
1096
1088
262
309
319
352
411
429
399
237
516
265
264
389
294
183
244
384
312
181
327
219
179
396
424
347
228
1853
254
1869
350
1882
1897
403
1014
444
1939
1945
1952
1972
1974
1981
1485
1971
1932
1984
658
1996
1155
2004
893
2008
543
185
1409
849
243
2045
482
2044
859
303
207
2125
191
288
2153
285
295
195
239
215
278
313
354
304
230
212
390
285
257
276
287
294
328
299
334
316
344
312
370
300
319
360
354
369
375
479
221
221
243
252
284
278
296
268
280
299
307
315
301
321
322
378
409
195
416
429
422
445
236
199
460
181
301
226
251
236
329
303
321
327
243
248
258
232
165
216
198
206
356
468
928
230
276
202
1011
214
198
193
245
461
1122
1145
271
1172
1183
1209
204
268
220
184
247
283
235
350
214
186
283
233
201
271
224
1588
231
198
1623
1672
226
256
156
1776
230
1779
1821
1840
231
1857
190
249
197
1903
1667
1682
1806
1622
1708
1618
1589
1617
1638
1591
1524
1569
1726
1806
1730
1612
1592
1543
1823
1723
1841
1875
1878
1778
1660
2187
