156
124
139
113
214
175
147
130
92
190
220
327
95
125
106
122
150
243
127
191
150
93
131
146
124
120
196
268
98
185
147
175
103
148
237
110
180
150
116
102
237
336
145
143
164
158
227
209
99
268
111
140
142
143
114
134
290
133
144
234
169
154
164
124
146
213
202
202
96
247
193
240
156
110
99
138
145
124
130
143
178
128
90
191
104
139
179
116
168
196
132
220
148
253
208
250
174
180
168
129
1332
165
128
184
128
215
125
146
150
148
168
151
222
176
275
1320
3300
3360
3338
4400
166
132
258
202
248
191
258
277
188
204
124
170
227
215
147
252
129
251
185
216
271
303
241
130
188
157
268
118
131
135
160
187
127
157
128
200
343
238
271
154
213
205
114
174
164
263
401
112
199
188
151
173
137
239
186
145
118
259
144
150
150
221
144
228
213
139
171
113
191
212
148
173
151
134
208
172
111
116
244
149
96
200
210
131
101
244
226
155
192
126
142
193
135
93
185
127
187
151
147
137
218
153
168
300
173
95
119
170
132
163
221
123
132
139
135
179
216
154
289
134
160
130
201
144
192
217
171
206
115
127
161
98
153
186
116
151
135
176
155
127
137
143
130
224
242
156
129
175
117
156
105
173
165
203
152
134
152
925
119
138
175
913
164
1102
133
133
226
918
124
814
239
877
233
286
116
129
852
125
764
133
129
129
164
391
167
195
225
122
114
174
128
150
224
209
116
193
126
212
161
285
165
131
246
218
174
124
170
123
132
157
133
204
215
175
148
160
198
183
147
183
207
233
122
162
163
145
185
142
1414
1499
1395
1389
1362
231
1330
337
1387
1265
1127
966
156
124
139
113
214
175
147
130
92
190
220
327
95
125
106
122
150
243
127
191
150
93
131
146
124
120
196
268
98
185
147
175
103
148
237
110
180
150
116
102
237
336
145
143
164
158
227
209
99
268
111
140
142
143
114
134
290
133
144
234
169
154
164
124
146
213
202
202
96
247
193
240
156
110
99
138
145
124
130
143
178
128
90
191
104
139
179
116
168
196
132
220
148
253
208
250
174
180
168
129
1332
165
128
184
128
215
125
146
150
148
168
151
222
176
275
1320
3300
3360
3338
4400
166
132
258
202
248
191
258
277
188
204
124
170
227
215
147
252
129
251
185
216
271
303
241
130
188
157
268
118
131
135
160
187
127
157
128
200
343
238
271
154
213
205
114
174
164
263
401
112
199
188
151
173
137
239
186
145
118
259
144
150
150
221
144
228
213
139
171
113
191
212
148
173
151
134
208
172
111
116
244
149
96
200
210
131
101
244
226
155
192
126
142
193
135
93
185
127
187
151
147
137
218
153
168
300
173
95
119
170
132
163
221
123
132
139
135
179
216
154
289
134
160
130
201
144
192
217
171
206
115
127
161
98
153
186
116
151
135
176
155
127
137
143
130
224
242
156
129
175
117
156
105
173
165
203
152
134
152
925
119
138
175
913
164
1102
133
133
226
918
124
814
239
877
233
286
116
129
852
125
764
133
129
129
164
391
167
195
225
122
114
174
128
150
224
209
116
193
126
212
161
285
165
131
246
218
174
124
170
123
132
157
133
204
215
175
148
160
198
183
147
183
207
233
122
162
163
145
185
142
1414
1499
1395
1389
1362
231
1330
337
1387
1265
1127
966
156
124
139
113
214
175
147
130
92
190
220
327
95
125
106
122
150
243
127
191
150
93
131
146
124
120
196
268
98
185
147
175
103
148
237
110
180
150
116
102
237
336
145
143
164
158
227
209
99
268
111
140
142
143
114
134
290
133
144
234
169
154
164
124
146
213
202
202
96
247
193
240
156
110
99
138
145
124
130
143
178
128
90
191
104
139
179
116
168
196
132
220
148
253
208
250
174
180
168
129
1332
165
128
184
128
215
125
146
150
148
168
151
222
176
275
1320
3300
3360
3338
4400
166
132
258
202
248
191
258
277
188
204
124
170
227
215
147
252
129
251
185
216
271
303
241
130
188
157
268
118
131
135
160
187
127
157
128
200
343
238
271
154
213
205
114
174
164
263
401
112
199
188
151
173
137
239
186
145
118
259
144
150
150
221
144
228
213
139
171
113
191
212
148
173
151
134
208
172
111
116
244
149
96
200
210
131
101
244
226
155
192
126
142
193
135
93
185
127
187
151
147
137
218
153
168
300
173
95
119
170
132
163
221
123
132
139
135
179
216
154
289
134
160
130
201
144
192
217
171
206
115
127
161
98
153
186
116
151
135
176
155
127
137
143
130
224
242
156
129
175
117
156
105
173
165
203
152
134
152
925
119
138
175
913
164
1102
133
133
226
918
124
814
239
877
233
286
116
129
852
125
764
133
129
129
164
391
167
195
225
122
114
174
128
150
224
209
116
193
126
212
161
285
165
131
246
218
174
124
170
123
132
157
133
204
215
175
148
160
198
183
147
183
207
233
122
162
163
145
185
142
1414
1499
1395
1389
1362
231
1330
337
1387
1265
1127
966
