182
307
322
329
364
368
423
435
431
443
433
447
459
465
466
260
450
487
506
500
523
519
529
506
523
526
524
551
570
569
573
617
637
657
647
656
684
252
357
351
718
49
421
243
243
340
377
354
288
272
275
801
541
507
425
369
215
369
361
477
292
487
504
357
229
462
558
254
558
437
87
562
546
295
37
237
334
666
480
568
67
287
213
586
474
70
305
452
381
383
287
268
435
449
563
492
299
241
267
49
407
373
15
218
17
336
22
686
42
261
558
23
33
194
702
261
1009
223
327
245
364
307
233
362
297
366
376
315
628
452
638
340
591
412
233
254
478
279
481
367
168
427
201
277
279
244
38
595
286
256
583
402
622
237
759
672
299
245
427
306
182
528
358
285
328
326
417
306
574
333
253
460
488
414
289
510
467
694
336
249
595
552
56
476
474
44
54
64
408
199
70
84
348
381
159
93
101
104
123
251
38
752
114
226
61
64
55
58
65
76
179
928
407
553
318
501
138
708
431
763
345
454
383
541
424
679
523
417
597
364
415
635
256
352
652
362
373
172
566
222
255
279
287
312
329
230
346
351
311
366
367
380
276
379
388
388
397
291
393
385
414
391
432
429
74
445
474
483
487
486
503
498
399
507
512
528
193
546
311
572
333
250
236
247
244
417
259
292
169
371
321
355
356
442
416
304
284
408
210
388
194
425
429
488
819
326
498
361
195
362
378
377
352
305
474
603
297
480
54
217
216
194
304
318
371
394
250
355
629
338
436
630
426
317
269
13
54
60
667
57
424
271
397
268
275
422
218
158
396
224
348
625
36
425
316
617
416
576
31
39
41
55
60
409
298
502
534
398
382
121
367
645
315
371
190
243
403
652
387
361
573
748
617
204
426
574
347
760
201
420
404
465
324
292
302
76
300
335
295
237
253
407
686
633
192
237
451
295
267
406
458
202
384
346
472
374
343
330
581
263
275
291
26
244
46
469
18
49
902
1236
37
24
93
46
468
40
16
521
26
62
298
32
36
228
30
783
45
273
524
688
708
466
233
729
627
383
407
119
79
263
78
385
274
316
497
439
306
616
391
449
548
405
300
295
913
313
364
278
524
351
191
234
251
291
308
319
339
340
357
377
388
386
387
419
415
417
451
423
428
495
486
311
510
522
527
529
290
552
548
542
575
576
588
585
361
603
207
206
285
355
617
324
672
288
376
347
727
356
729
359
31
361
187
794
479
341
379
296
215
351
321
329
416
382
303
475
268
250
162
437
352
439
321
25
50
30
207
328
324
47
416
533
391
331
357
506
533
343
296
344
217
437
208
438
591
311
568
770
424
241
319
168
291
193
242
344
98
389
71
52
230
86
63
861
236
42
218
283
333
601
93
243
365
257
819
286
266
613
959
281
327
984
384
326
864
347
203
707
435
269
582
305
241
308
357
294
580
156
659
580
692
366
639
252
238
445
393
71
447
499
278
714
808
201
553
353
481
508
249
186
371
282
465
266
403
383
411
572
294
20
376
473
284
45
46
29
336
575
44
35
18
37
398
23
59
44
207
569
318
222
264
260
565
90
497
49
648
89
512
64
86
268
232
54
73
508
66
485
353
411
837
285
351
811
403
464
512
528
444
238
512
621
283
1085
464
304
812
372
302
260
182
307
322
329
364
368
423
435
431
443
433
447
459
465
466
260
450
487
506
500
523
519
529
506
523
526
524
551
570
569
573
617
637
657
647
656
684
252
357
351
718
49
421
243
243
340
377
354
288
272
275
801
541
507
425
369
215
369
361
477
292
487
504
357
229
462
558
254
558
437
87
562
546
295
37
237
334
666
480
568
67
287
213
586
474
70
305
452
381
383
287
268
435
449
563
492
299
241
267
49
407
373
15
218
17
336
22
686
42
261
558
23
33
194
702
261
1009
223
327
245
364
307
233
362
297
366
376
315
628
452
638
340
591
412
233
254
478
279
481
367
168
427
201
277
279
244
38
595
286
256
583
402
622
237
759
672
299
245
427
306
182
528
358
285
328
326
417
306
574
333
253
460
488
414
289
510
467
694
336
249
595
552
56
476
474
44
54
64
408
199
70
84
348
381
159
93
101
104
123
251
38
752
114
226
61
64
55
58
65
76
179
928
407
553
318
501
138
708
431
763
345
454
383
541
424
679
523
417
597
364
415
635
256
352
652
362
373
172
566
222
255
279
287
312
329
230
346
351
311
366
367
380
276
379
388
388
397
291
393
385
414
391
432
429
74
445
474
483
487
486
503
498
399
507
512
528
193
546
311
572
333
250
236
247
244
417
259
292
169
371
321
355
356
442
416
304
284
408
210
388
194
425
429
488
819
326
498
361
195
362
378
377
352
305
474
603
297
480
54
217
216
194
304
318
371
394
250
355
629
338
436
630
426
317
269
13
54
60
667
57
424
271
397
268
275
422
218
158
396
224
348
625
36
425
316
617
416
576
31
39
41
55
60
409
298
502
534
398
382
121
367
645
315
371
190
243
403
652
387
361
573
748
617
204
426
574
347
760
201
420
404
465
324
292
302
76
300
335
295
237
253
407
686
633
192
237
451
295
267
406
458
202
384
346
472
374
343
330
581
263
275
291
26
244
46
469
18
49
902
1236
37
24
93
46
468
40
16
521
26
62
298
32
36
228
30
783
45
273
524
688
708
466
233
729
627
383
407
119
79
263
78
385
274
316
497
439
306
616
391
449
548
405
300
295
913
313
364
278
524
351
191
234
251
291
308
319
339
340
357
377
388
386
387
419
415
417
451
423
428
495
486
311
510
522
527
529
290
552
548
542
575
576
588
585
361
603
207
206
285
355
617
324
672
288
376
347
727
356
729
359
31
361
187
794
479
341
379
296
215
351
321
329
416
382
303
475
268
250
162
437
352
439
321
25
50
30
207
328
324
47
416
533
391
331
357
506
533
343
296
344
217
437
208
438
591
311
568
770
424
241
319
168
291
193
242
344
98
389
71
52
230
86
63
861
236
42
218
283
333
601
93
243
365
257
819
286
266
613
959
281
327
984
384
326
864
347
203
707
435
269
582
305
241
308
357
294
580
156
659
580
692
366
639
252
238
445
393
71
447
499
278
714
808
201
553
353
481
508
249
186
371
282
465
266
403
383
411
572
294
20
376
473
284
45
46
29
336
575
44
35
18
37
398
23
59
44
207
569
318
222
264
260
565
90
497
49
648
89
512
64
86
268
232
54
73
508
66
485
353
411
837
285
351
811
403
464
512
528
444
238
512
621
283
1085
464
304
812
372
302
260
182
307
322
329
364
368
423
435
431
443
433
447
459
465
466
260
450
487
506
500
523
519
529
506
523
526
524
551
570
569
573
617
637
657
647
656
684
252
357
351
718
49
421
243
243
340
377
354
288
272
275
801
541
507
425
369
215
369
361
477
292
487
504
357
229
462
558
254
558
437
87
562
546
295
37
237
334
666
480
568
67
287
213
586
474
70
305
452
381
383
287
268
435
449
563
492
299
241
267
49
407
373
15
218
17
336
22
686
42
261
558
23
33
194
702
261
1009
223
327
245
364
307
233
362
297
366
376
315
628
452
638
340
591
412
233
254
478
279
481
367
168
427
201
277
279
244
38
595
286
256
583
402
622
237
759
672
299
245
427
306
182
528
358
285
328
326
417
306
574
333
253
460
488
414
289
510
467
694
336
249
595
552
56
476
474
44
54
64
408
199
70
84
348
381
159
93
101
104
123
251
38
752
114
226
61
64
55
58
65
76
179
928
407
553
318
501
138
708
431
763
345
454
383
541
424
679
523
417
597
364
415
635
256
352
652
362
373
172
566
222
255
279
287
312
329
230
346
351
311
366
367
380
276
379
388
388
397
291
393
385
414
391
432
429
74
445
474
483
487
486
503
498
399
507
512
528
193
546
311
572
333
250
236
247
244
417
259
292
169
371
321
355
356
442
416
304
284
408
210
388
194
425
429
488
819
326
498
361
195
362
378
377
352
305
474
603
297
480
54
217
216
194
304
318
371
394
250
355
629
338
436
630
426
317
269
13
54
60
667
57
424
271
397
268
275
422
218
158
396
224
348
625
36
425
316
617
416
576
31
39
41
55
60
409
298
502
534
398
382
121
367
645
315
371
190
243
403
652
387
361
573
748
617
204
426
574
347
760
201
420
404
465
324
292
302
76
300
335
295
237
253
407
686
633
192
237
451
295
267
406
458
202
384
346
472
374
343
330
581
263
275
291
26
244
46
469
18
49
902
1236
37
24
93
46
468
40
16
521
26
62
298
32
36
228
30
783
45
273
524
688
708
466
233
729
627
383
407
119
79
263
78
385
274
316
497
439
306
616
391
449
548
405
300
295
913
313
364
278
524
351
191
234
251
291
308
319
339
340
357
377
388
386
387
419
415
417
451
423
428
495
486
311
510
522
527
529
290
552
548
542
575
576
588
585
361
603
207
206
285
355
617
324
672
288
376
347
727
356
729
359
31
361
187
794
479
341
379
296
215
351
321
329
416
382
303
475
268
250
162
437
352
439
321
25
50
30
207
328
324
47
416
533
391
331
357
506
533
343
296
344
217
437
208
438
591
311
568
770
424
241
319
168
291
193
242
344
98
389
71
52
230
86
63
861
236
42
218
283
333
601
93
243
365
257
819
286
266
613
959
281
327
984
384
326
864
347
203
707
435
269
582
305
241
308
357
294
580
156
659
580
692
366
639
252
238
445
393
71
447
499
278
714
808
201
553
353
481
508
249
186
371
282
465
266
403
383
411
572
294
20
376
473
284
45
46
29
336
575
44
35
18
37
398
23
59
44
207
569
318
222
264
260
565
90
497
49
648
89
512
64
86
268
232
54
73
508
66
485
353
411
837
285
351
811
403
464
512
528
444
238
512
621
283
1085
464
304
812
372
302
260
