239
235
232
288
295
295
297
311
303
298
327
343
345
345
380
122
85
111
111
128
116
122
201
112
580
103
118
203
307
169
113
112
127
180
87
101
110
100
122
72
115
580
163
122
70
119
136
53
80
89
103
66
112
95
122
73
69
63
73
76
79
99
126
1925
195
109
78
1841
2551
3605
3886
4249
4300
94
4577
5359
5446
1691
5845
6100
6459
6214
1498
6827
3423
8189
4474
7800
4800
7959
9802
9953
3991
128
10347
10153
10401
10460
3734
4879
11274
11711
10623
7399
9002
2165
14565
2790
15594
16114
16998
14249
8960
14923
21083
23272
28958
31133
36797
53979
148
191
208
239
269
322
310
318
328
332
315
330
334
390
373
368
95
165
89
146
144
107
324
43
247
53
126
150
693
75
89
97
133
44
61
1446
56
79
69
2542
110
2810
2445
73
84
127
96
83
63
81
69
76
96
3730
55
80
56
66
54
3966
188
173
78
79
3746
85
100
73
4395
3749
93
131
89
82
111
4845
4248
4876
56
4755
5820
6160
5855
2025
7045
7524
7400
2862
4936
5349
5576
2641
9591
9581
6021
10165
10250
10331
11282
11381
65
11582
12035
13723
4050
15342
10063
15896
16893
17535
2549
9236
20396
25224
24798
26251
26186
26673
23478
54270
212
246
256
271
273
246
287
303
305
322
320
354
343
367
405
117
406
411
411
132
233
192
185
242
231
195
115
104
255
195
77
106
130
138
105
127
131
81
74
55
176
160
121
142
164
79
79
83
122
86
91
135
77
116
91
160
149
106
131
124
87
88
125
1729
80
2667
163
2556
2987
3363
4125
1352
4360
4325
4694
499
5461
5501
5762
6046
3382
6309
1544
7327
3106
7534
292
8209
8986
9132
9492
9822
9990
9370
3232
10256
6291
4070
113
11691
9448
4500
13562
6195
9356
7983
1539
16002
17878
17566
17974
8725
18366
21446
22553
23899
26790
20590
33333
45500
239
235
232
288
295
295
297
311
303
298
327
343
345
345
380
122
85
111
111
128
116
122
201
112
580
103
118
203
307
169
113
112
127
180
87
101
110
100
122
72
115
580
163
122
70
119
136
53
80
89
103
66
112
95
122
73
69
63
73
76
79
99
126
1925
195
109
78
1841
2551
3605
3886
4249
4300
94
4577
5359
5446
1691
5845
6100
6459
6214
1498
6827
3423
8189
4474
7800
4800
7959
9802
9953
3991
128
10347
10153
10401
10460
3734
4879
11274
11711
10623
7399
9002
2165
14565
2790
15594
16114
16998
14249
8960
14923
21083
23272
28958
31133
36797
53979
148
191
208
239
269
322
310
318
328
332
315
330
334
390
373
368
95
165
89
146
144
107
324
43
247
53
126
150
693
75
89
97
133
44
61
1446
56
79
69
2542
110
2810
2445
73
84
127
96
83
63
81
69
76
96
3730
55
80
56
66
54
3966
188
173
78
79
3746
85
100
73
4395
3749
93
131
89
82
111
4845
4248
4876
56
4755
5820
6160
5855
2025
7045
7524
7400
2862
4936
5349
5576
2641
9591
9581
6021
10165
10250
10331
11282
11381
65
11582
12035
13723
4050
15342
10063
15896
16893
17535
2549
9236
20396
25224
24798
26251
26186
26673
23478
54270
212
246
256
271
273
246
287
303
305
322
320
354
343
367
405
117
406
411
411
132
233
192
185
242
231
195
115
104
255
195
77
106
130
138
105
127
131
81
74
55
176
160
121
142
164
79
79
83
122
86
91
135
77
116
91
160
149
106
131
124
87
88
125
1729
80
2667
163
2556
2987
3363
4125
1352
4360
4325
4694
499
5461
5501
5762
6046
3382
6309
1544
7327
3106
7534
292
8209
8986
9132
9492
9822
9990
9370
3232
10256
6291
4070
113
11691
9448
4500
13562
6195
9356
7983
1539
16002
17878
17566
17974
8725
18366
21446
22553
23899
26790
20590
33333
45500
239
235
232
288
295
295
297
311
303
298
327
343
345
345
380
122
85
111
111
128
116
122
201
112
580
103
118
203
307
169
113
112
127
180
87
101
110
100
122
72
115
580
163
122
70
119
136
53
80
89
103
66
112
95
122
73
69
63
73
76
79
99
126
1925
195
109
78
1841
2551
3605
3886
4249
4300
94
4577
5359
5446
1691
5845
6100
6459
6214
1498
6827
3423
8189
4474
7800
4800
7959
9802
9953
3991
128
10347
10153
10401
10460
3734
4879
11274
11711
10623
7399
9002
2165
14565
2790
15594
16114
16998
14249
8960
14923
21083
23272
28958
31133
36797
53979
148
191
208
239
269
322
310
318
328
332
315
330
334
390
373
368
95
165
89
146
144
107
324
43
247
53
126
150
693
75
89
97
133
44
61
1446
56
79
69
2542
110
2810
2445
73
84
127
96
83
63
81
69
76
96
3730
55
80
56
66
54
3966
188
173
78
79
3746
85
100
73
4395
3749
93
131
89
82
111
4845
4248
4876
56
4755
5820
6160
5855
2025
7045
7524
7400
2862
4936
5349
5576
2641
9591
9581
6021
10165
10250
10331
11282
11381
65
11582
12035
13723
4050
15342
10063
15896
16893
17535
2549
9236
20396
25224
24798
26251
26186
26673
23478
54270
212
246
256
271
273
246
287
303
305
322
320
354
343
367
405
117
406
411
411
132
233
192
185
242
231
195
115
104
255
195
77
106
130
138
105
127
131
81
74
55
176
160
121
142
164
79
79
83
122
86
91
135
77
116
91
160
149
106
131
124
87
88
125
1729
80
2667
163
2556
2987
3363
4125
1352
4360
4325
4694
499
5461
5501
5762
6046
3382
6309
1544
7327
3106
7534
292
8209
8986
9132
9492
9822
9990
9370
3232
10256
6291
4070
113
11691
9448
4500
13562
6195
9356
7983
1539
16002
17878
17566
17974
8725
18366
21446
22553
23899
26790
20590
33333
45500
