491
543
552
563
574
602
627
638
662
691
705
708
743
730
753
758
772
802
807
799
808
828
882
885
927
940
483
427
519
518
643
581
413
495
450
723
591
424
573
696
650
669
343
530
656
413
416
513
443
500
331
1785
415
516
1915
504
358
535
502
460
495
491
481
338
416
515
2538
2545
2563
2639
443
422
2750
2759
2784
2799
488
2840
513
2895
448
484
599
432
534
648
556
2577
485
354
2741
2610
469
4486
4407
4500
4351
5039
5060
4855
5328
5075
4797
4872
6250
6161
6001
6004
5807
5710
5285
5239
6681
5752
5527
5477
5553
5563
5698
5717
509
548
560
578
601
623
616
626
626
646
642
654
671
730
731
743
740
766
793
796
800
820
834
839
848
949
997
986
416
1059
1084
383
483
647
471
584
543
515
481
676
507
562
549
723
695
1456
1507
375
503
572
416
427
567
508
722
575
403
469
505
493
470
383
2046
2056
2065
2123
2128
549
2145
490
536
337
513
655
576
311
614
476
487
563
500
562
524
381
481
513
576
596
516
513
506
465
441
2904
2907
2910
3171
3156
3128
3101
2808
2961
3137
3062
3827
3770
4199
3658
4240
4262
4028
3889
3944
4600
4390
4273
4416
4545
4444
4356
557
553
567
656
707
709
695
717
699
751
784
789
825
824
1145
485
490
539
1312
1353
565
661
1637
1708
1902
1932
1959
1993
2146
2197
2213
2210
2247
2280
2251
2316
2321
2429
2494
1845
1846
1910
1838
2077
1313
2059
1928
788
1022
571
2208
1284
1630
2861
2311
2935
701
531
1000
487
830
556
439
565
2282
2373
396
637
507
3819
3851
2761
2755
1665
1259
1075
1532
1308
2965
2139
547
2476
1778
1842
1649
3040
440
1348
471
493
504
1903
939
964
782
2627
788
1125
576
1239
2157
666
3283
3067
2890
4021
3991
3988
3821
3766
4320
4239
4251
4159
4030
3670
3943
3386
3557
3390
491
543
552
563
574
602
627
638
662
691
705
708
743
730
753
758
772
802
807
799
808
828
882
885
927
940
483
427
519
518
643
581
413
495
450
723
591
424
573
696
650
669
343
530
656
413
416
513
443
500
331
1785
415
516
1915
504
358
535
502
460
495
491
481
338
416
515
2538
2545
2563
2639
443
422
2750
2759
2784
2799
488
2840
513
2895
448
484
599
432
534
648
556
2577
485
354
2741
2610
469
4486
4407
4500
4351
5039
5060
4855
5328
5075
4797
4872
6250
6161
6001
6004
5807
5710
5285
5239
6681
5752
5527
5477
5553
5563
5698
5717
509
548
560
578
601
623
616
626
626
646
642
654
671
730
731
743
740
766
793
796
800
820
834
839
848
949
997
986
416
1059
1084
383
483
647
471
584
543
515
481
676
507
562
549
723
695
1456
1507
375
503
572
416
427
567
508
722
575
403
469
505
493
470
383
2046
2056
2065
2123
2128
549
2145
490
536
337
513
655
576
311
614
476
487
563
500
562
524
381
481
513
576
596
516
513
506
465
441
2904
2907
2910
3171
3156
3128
3101
2808
2961
3137
3062
3827
3770
4199
3658
4240
4262
4028
3889
3944
4600
4390
4273
4416
4545
4444
4356
557
553
567
656
707
709
695
717
699
751
784
789
825
824
1145
485
490
539
1312
1353
565
661
1637
1708
1902
1932
1959
1993
2146
2197
2213
2210
2247
2280
2251
2316
2321
2429
2494
1845
1846
1910
1838
2077
1313
2059
1928
788
1022
571
2208
1284
1630
2861
2311
2935
701
531
1000
487
830
556
439
565
2282
2373
396
637
507
3819
3851
2761
2755
1665
1259
1075
1532
1308
2965
2139
547
2476
1778
1842
1649
3040
440
1348
471
493
504
1903
939
964
782
2627
788
1125
576
1239
2157
666
3283
3067
2890
4021
3991
3988
3821
3766
4320
4239
4251
4159
4030
3670
3943
3386
3557
3390
491
543
552
563
574
602
627
638
662
691
705
708
743
730
753
758
772
802
807
799
808
828
882
885
927
940
483
427
519
518
643
581
413
495
450
723
591
424
573
696
650
669
343
530
656
413
416
513
443
500
331
1785
415
516
1915
504
358
535
502
460
495
491
481
338
416
515
2538
2545
2563
2639
443
422
2750
2759
2784
2799
488
2840
513
2895
448
484
599
432
534
648
556
2577
485
354
2741
2610
469
4486
4407
4500
4351
5039
5060
4855
5328
5075
4797
4872
6250
6161
6001
6004
5807
5710
5285
5239
6681
5752
5527
5477
5553
5563
5698
5717
509
548
560
578
601
623
616
626
626
646
642
654
671
730
731
743
740
766
793
796
800
820
834
839
848
949
997
986
416
1059
1084
383
483
647
471
584
543
515
481
676
507
562
549
723
695
1456
1507
375
503
572
416
427
567
508
722
575
403
469
505
493
470
383
2046
2056
2065
2123
2128
549
2145
490
536
337
513
655
576
311
614
476
487
563
500
562
524
381
481
513
576
596
516
513
506
465
441
2904
2907
2910
3171
3156
3128
3101
2808
2961
3137
3062
3827
3770
4199
3658
4240
4262
4028
3889
3944
4600
4390
4273
4416
4545
4444
4356
557
553
567
656
707
709
695
717
699
751
784
789
825
824
1145
485
490
539
1312
1353
565
661
1637
1708
1902
1932
1959
1993
2146
2197
2213
2210
2247
2280
2251
2316
2321
2429
2494
1845
1846
1910
1838
2077
1313
2059
1928
788
1022
571
2208
1284
1630
2861
2311
2935
701
531
1000
487
830
556
439
565
2282
2373
396
637
507
3819
3851
2761
2755
1665
1259
1075
1532
1308
2965
2139
547
2476
1778
1842
1649
3040
440
1348
471
493
504
1903
939
964
782
2627
788
1125
576
1239
2157
666
3283
3067
2890
4021
3991
3988
3821
3766
4320
4239
4251
4159
4030
3670
3943
3386
3557
3390
