174
116
149
152
172
146
111
132
106
130
140
129
142
176
138
112
1528
1367
1653
1493
104
129
133
154
203
151
105
2329
2457
129
2127
561
546
530
517
257
144
535
143
274
136
152
115
109
177
243
155
182
112
151
137
119
122
135
116
89
181
95
121
3520
3339
3270
181
3135
125
1719
1588
124
1398
136
187
244
177
1243
1252
150
1267
1293
944
157
168
119
1157
130
387
145
162
121
137
129
120
165
193
141
141
146
151
129
147
141
155
1712
1641
1531
1068
1076
1011
1076
1054
1003
1001
1823
1761
1695
1556
1532
1524
1462
1445
1479
281
185
145
206
126
125
125
188
126
134
144
115
175
161
123
133
150
165
115
181
130
104
135
125
146
150
110
148
152
167
122
124
136
110
138
165
171
153
117
162
131
196
166
156
169
121
1192
1230
140
1263
1270
763
771
113
692
118
646
549
125
135
125
111
315
258
130
106
128
133
149
177
134
142
153
126
157
133
186
2037
2009
1703
1560
134
1512
1435
1332
234
1333
148
1234
1370
999
152
949
118
158
138
136
176
135
120
887
168
156
902
174
1046
1078
709
1057
1017
1767
1701
1611
1462
1502
1238
1231
1200
1388
1125
116
150
93
336
187
98
193
123
187
162
275
163
147
135
92
165
127
179
130
195
116
161
133
153
135
286
147
175
160
119
136
144
118
145
140
113
124
137
164
133
148
108
155
172
219
170
200
152
216
139
119
112
139
152
148
111
144
147
113
139
175
118
169
127
183
130
134
136
153
166
707
108
154
620
738
821
202
765
769
142
168
726
680
659
612
283
130
134
213
130
194
126
125
132
1320
1242
1211
891
883
913
557
1168
1448
1519
877
1502
1295
601
1214
657
875
634
803
1510
1483
1381
1392
1277
1023
872
174
116
149
152
172
146
111
132
106
130
140
129
142
176
138
112
1528
1367
1653
1493
104
129
133
154
203
151
105
2329
2457
129
2127
561
546
530
517
257
144
535
143
274
136
152
115
109
177
243
155
182
112
151
137
119
122
135
116
89
181
95
121
3520
3339
3270
181
3135
125
1719
1588
124
1398
136
187
244
177
1243
1252
150
1267
1293
944
157
168
119
1157
130
387
145
162
121
137
129
120
165
193
141
141
146
151
129
147
141
155
1712
1641
1531
1068
1076
1011
1076
1054
1003
1001
1823
1761
1695
1556
1532
1524
1462
1445
1479
281
185
145
206
126
125
125
188
126
134
144
115
175
161
123
133
150
165
115
181
130
104
135
125
146
150
110
148
152
167
122
124
136
110
138
165
171
153
117
162
131
196
166
156
169
121
1192
1230
140
1263
1270
763
771
113
692
118
646
549
125
135
125
111
315
258
130
106
128
133
149
177
134
142
153
126
157
133
186
2037
2009
1703
1560
134
1512
1435
1332
234
1333
148
1234
1370
999
152
949
118
158
138
136
176
135
120
887
168
156
902
174
1046
1078
709
1057
1017
1767
1701
1611
1462
1502
1238
1231
1200
1388
1125
116
150
93
336
187
98
193
123
187
162
275
163
147
135
92
165
127
179
130
195
116
161
133
153
135
286
147
175
160
119
136
144
118
145
140
113
124
137
164
133
148
108
155
172
219
170
200
152
216
139
119
112
139
152
148
111
144
147
113
139
175
118
169
127
183
130
134
136
153
166
707
108
154
620
738
821
202
765
769
142
168
726
680
659
612
283
130
134
213
130
194
126
125
132
1320
1242
1211
891
883
913
557
1168
1448
1519
877
1502
1295
601
1214
657
875
634
803
1510
1483
1381
1392
1277
1023
872
174
116
149
152
172
146
111
132
106
130
140
129
142
176
138
112
1528
1367
1653
1493
104
129
133
154
203
151
105
2329
2457
129
2127
561
546
530
517
257
144
535
143
274
136
152
115
109
177
243
155
182
112
151
137
119
122
135
116
89
181
95
121
3520
3339
3270
181
3135
125
1719
1588
124
1398
136
187
244
177
1243
1252
150
1267
1293
944
157
168
119
1157
130
387
145
162
121
137
129
120
165
193
141
141
146
151
129
147
141
155
1712
1641
1531
1068
1076
1011
1076
1054
1003
1001
1823
1761
1695
1556
1532
1524
1462
1445
1479
281
185
145
206
126
125
125
188
126
134
144
115
175
161
123
133
150
165
115
181
130
104
135
125
146
150
110
148
152
167
122
124
136
110
138
165
171
153
117
162
131
196
166
156
169
121
1192
1230
140
1263
1270
763
771
113
692
118
646
549
125
135
125
111
315
258
130
106
128
133
149
177
134
142
153
126
157
133
186
2037
2009
1703
1560
134
1512
1435
1332
234
1333
148
1234
1370
999
152
949
118
158
138
136
176
135
120
887
168
156
902
174
1046
1078
709
1057
1017
1767
1701
1611
1462
1502
1238
1231
1200
1388
1125
116
150
93
336
187
98
193
123
187
162
275
163
147
135
92
165
127
179
130
195
116
161
133
153
135
286
147
175
160
119
136
144
118
145
140
113
124
137
164
133
148
108
155
172
219
170
200
152
216
139
119
112
139
152
148
111
144
147
113
139
175
118
169
127
183
130
134
136
153
166
707
108
154
620
738
821
202
765
769
142
168
726
680
659
612
283
130
134
213
130
194
126
125
132
1320
1242
1211
891
883
913
557
1168
1448
1519
877
1502
1295
601
1214
657
875
634
803
1510
1483
1381
1392
1277
1023
872
