2488
2484
296
2168
2167
417
384
321
444
679
225
422
237
646
316
382
288
210
387
368
328
280
532
507
335
300
229
276
285
226
348
195
230
299
293
259
267
271
190
201
297
200
193
404
336
268
263
313
171
213
188
330
310
264
210
191
206
201
193
211
190
196
216
202
222
186
193
183
198
191
171
205
214
227
197
185
173
156
162
172
195
183
190
283
179
181
372
173
192
335
244
182
183
325
340
192
260
297
335
345
343
283
406
367
301
292
265
268
289
306
233
200
295
195
336
172
181
246
175
298
2264
2338
485
425
255
337
2329
2421
388
563
276
570
626
310
322
183
422
265
362
302
328
264
330
217
189
356
282
206
209
163
287
207
313
175
186
345
214
333
186
183
163
227
274
178
193
255
225
187
247
227
178
205
182
201
233
193
252
203
193
190
195
200
176
188
190
193
185
217
185
187
199
179
238
180
196
195
222
198
252
458
436
242
201
203
235
301
172
195
229
172
212
303
286
183
204
297
245
162
288
284
282
280
313
242
270
301
246
173
245
171
232
182
173
228
235
175
166
242
235
231
1759
1886
399
383
225
388
246
319
2502
233
2664
260
261
309
759
608
379
421
309
409
416
357
245
200
389
425
191
205
321
238
172
233
205
189
327
313
185
202
338
198
226
351
188
222
181
224
170
190
208
268
279
323
298
402
320
333
356
230
190
206
228
185
228
192
199
235
205
205
208
192
360
335
299
257
426
422
330
350
298
274
263
397
261
432
264
284
351
343
316
312
297
313
400
330
397
334
248
228
315
283
161
178
197
309
277
187
175
202
181
265
180
172
204
161
183
522
162
182
319
512
