47
121
69
83
74
191
65
67
58
104
53
76
81
55
103
97
130
53
67
78
84
71
52
47
83
79
60
68
65
86
75
73
64
41
71
65
48
77
41
46
90
59
106
62
57
92
60
80
85
51
108
42
73
48
37
67
35
59
98
46
80
67
69
107
56
76
45
40
45
40
36
48
37
42
55
45
56
65
42
58
52
45
48
47
44
52
54
68
63
53
52
64
39
59
51
40
40
36
64
40
74
42
33
86
34
55
91
39
41
71
41
48
60
68
51
49
78
52
56
83
157
48
109
54
123
58
55
44
69
82
67
70
51
74
53
58
68
78
62
61
81
62
45
59
45
61
82
53
42
67
48
45
54
108
120
111
122
55
66
127
127
98
84
73
82
146
144
56
65
74
104
85
95
74
58
73
70
53
76
80
104
78
84
89
106
82
107
82
64
103
85
103
66
108
76
87
57
55
98
50
81
49
44
91
68
55
55
48
58
87
70
45
49
51
90
61
78
66
51
69
51
46
67
58
47
107
88
44
58
44
64
63
95
51
50
89
51
51
88
61
117
72
49
117
89
70
215
77
80
91
106
95
81
78
93
85
90
94
123
100
133
85
85
67
75
76
124
103
96
67
71
76
71
76
72
89
80
107
92
134
71
76
77
82
83
65
81
97
66
89
58
83
86
136
124
70
83
59
108
113
71
89
78
72
79
96
95
111
117
113
75
78
70
66
116
65
57
81
100
88
60
60
90
72
76
71
59
58
96
101
82
75
134
103
104
89
59
61
74
64
55
59
55
73
69
36
57
70
72
44
61
71
70
97
77
55
52
81
69
63
