32
238
359
382
503
596
484
746
663
432
431
477
549
572
594
428
353
554
482
316
501
452
486
633
384
434
280
111
603
198
20
41
194
60
52
81
145
130
176
141
234
317
204
162
190
280
426
440
370
397
333
264
259
600
148
178
147
297
209
237
88
320
442
158
472
224
80
207
122
234
164
251
289
365
268
240
162
377
246
419
492
383
202
342
208
603
294
438
171
170
44
195
146
148
206
140
191
383
148
241
255
232
381
293
250
228
372
344
426
288
423
312
352
504
312
308
524
430
83
91
267
65
106
48
50
266
45
8
77
31
20
9
100
76
39
52
33
47
38
69
76
91
101
163
143
122
233
135
204
121
222
117
94
88
50
82
178
77
8
44
10
49
12
10
19
133
74
60
79
60
79
86
119
105
144
169
126
121
145
177
155
49
120
60
45
126
7
54
8
82
49
17
20
16
49
59
33
57
68
91
109
101
121
129
125
117
102
79
183
128
222
182
114
46
133
204
53
12
69
56
20
59
63
18
17
87
31
78
64
75
139
118
120
176
134
93
138
178
146
101
44
265
417
453
577
569
435
691
564
349
455
438
524
571
580
411
455
283
551
364
472
527
482
663
354
416
311
554
10
41
181
110
48
289
72
70
120
139
218
100
206
291
173
233
270
200
433
423
381
392
323
291
577
276
138
176
158
196
342
261
90
397
360
167
225
501
208
93
226
111
214
182
218
203
380
249
170
347
228
410
486
537
340
374
643
224
426
487
166
54
315
140
277
137
130
175
255
412
159
239
245
326
269
201
269
254
378
380
401
462
431
340
381
666
435
545
303
340
236
81
78
225
88
55
68
107
9
155
14
21
66
16
82
35
46
48
44
41
32
48
90
125
74
133
114
305
228
223
411
97
136
70
49
104
71
337
36
11
88
12
11
18
18
87
70
86
70
436
64
75
109
143
151
143
158
158
114
230
162
154
48
101
60
247
78
73
361
28
59
70
23
42
35
66
29
78
63
180
141
134
197
196
143
261
205
127
191
267
98
178
265
164
287
114
90
11
83
48
43
19
17
92
28
70
42
57
41
88
63
55
87
125
136
112
96
117
58
126
72
190
47
124
283
307
301
392
249
477
375
436
524
468
614
577
409
648
470
351
570
311
571
501
446
622
366
292
466
76
8
601
178
241
63
50
74
91
118
114
95
238
232
331
220
170
187
291
390
432
359
387
327
279
272
688
180
159
198
299
409
272
90
395
412
192
200
561
204
81
230
131
173
212
209
166
360
276
176
345
211
451
483
391
198
356
576
261
216
387
44
172
166
179
165
120
143
163
232
349
116
253
245
357
274
224
326
196
417
286
389
359
439
350
426
479
264
340
433
86
593
220
257
100
85
52
94
37
67
7
74
15
41
15
56
14
36
48
52
45
57
58
91
126
86
153
132
147
228
129
208
98
211
92
133
58
159
139
47
78
8
21
73
43
63
51
29
57
54
74
77
78
63
74
127
96
144
161
154
140
189
184
99
174
68
51
58
41
241
56
49
15
27
148
28
10
100
36
64
74
93
107
121
106
129
163
77
153
148
150
91
128
139
76
74
120
34
18
49
64
39
17
21
236
27
70
21
53
46
73
50
72
69
122
107
240
106
68
134
174
157
69
