1841
5442
6013
7707
13544
9522
2280
45
10899
10316
38
4188
8802
9813
9353
55
50
51
49
70
54
48
66
56
50
2404
6422
23387
32866
45257
32404
16880
57476
16119
2627
7920
12336
58
1276
114
50
888
39
37
33
44
35
36
30
37
6261
90
59
9893
42
2983
10407
2072
64
753
26327
38445
8014
8614
4645
207
214
17769
11054
4463
3978
53
60
63
55
53
36
36
41
37
35
37
2689
1999
50
9328
11748
11856
5369
1801
6557
2033
22298
24121
4776
6467
9628
10511
7761
16851
14859
7575
32
9988
39
5084
46
60
40
47
46
39
49
43
49
35
30
45263
32816
73551
1559
5277
5299
8762
12998
8213
9747
92
4648
39
3488
11512
9785
9572
2575
37
37
67
45
38
35
28
7768
43
36
101
9524
26462
33830
41481
33455
53124
16940
15972
1703
7176
52
2869
13105
72
59
780
47
64
80
46
38
37
37
37
40
6103
63
10142
52
10006
2534
2861
27962
43
34072
739
7853
8391
14434
182
205
5137
12351
5062
4117
56
80
62
68
2633
42
42
49
31
80
38
44
49
2686
11039
10762
4724
13822
1784
22089
2973
7835
27504
9912
7175
7817
11213
8485
16381
15637
7195
37
8217
36
35
39
40
29
38
40
32
40
40
5663
47
41
41090
68485
41673
1882
5056
5563
8433
12505
8771
56
10344
4364
10848
41
8956
8607
3748
10216
41
51
39
42
42
40
64
3617
7702
48
32
115
26489
35148
40913
26590
15600
54660
16770
2248
7243
50
1111
11629
69
48
112
812
72
65
98
35
38
37
46
35
38
6050
10093
72
10433
2780
43
22882
35707
2819
1009
6897
9064
166
216
16818
9174
3737
12687
1709
37
65
61
58
68
30
45
53
40
55
40
3160
67
5393
6133
10645
14162
8252
5062
20985
1606
3125
27401
6447
6789
9462
11406
7994
15780
14059
7184
38
39
38
37
31
35
45
45
36
32
35
10403
5692
31
30
40798
34022
65385
