244
228
292
295
243
247
247
246
222
253
243
249
244
233
217
222
210
205
210
212
214
204
199
198
212
211
211
204
198
198
181
187
200
199
205
218
180
253
284
296
193
184
250
254
173
193
187
221
231
173
167
232
178
240
194
180
202
225
170
161
227
173
212
211
202
204
227
227
227
207
229
234
187
202
215
191
208
219
245
181
187
221
245
227
227
250
261
184
184
218
202
208
208
202
228
192
192
215
206
212
215
188
206
211
202
252
195
188
223
240
191
214
224
212
186
181
228
246
199
203
243
265
270
274
229
227
257
248
231
235
226
213
217
208
218
221
226
227
244
247
198
204
225
231
227
222
234
251
194
195
209
212
205
210
220
221
178
178
199
219
189
211
221
206
173
180
191
180
193
184
203
192
168
167
184
181
186
190
165
199
194
162
174
179
171
184
159
163
186
190
172
173
165
164
165
202
206
226
175
175
162
158
160
157
157
160
199
142
148
697
163
155
232
142
146
236
225
151
147
220
140
140
210
177
166
247
226
139
135
198
142
135
217
136
175
208
136
235
163
194
254
264
251
275
232
249
259
276
221
210
234
221
210
223
228
229
215
202
226
200
198
210
216
210
206
242
195
206
188
185
212
215
204
195
187
194
178
175
187
191
189
185
178
176
189
177
193
194
179
179
175
181
167
169
189
187
182
175
166
169
161
157
182
179
180
210
163
168
233
169
167
190
159
155
159
165
150
150
168
172
148
146
159
621
146
621
686
223
192
188
233
161
163
241
143
156
236
215
163
149
213
151
159
223
142
218
150
201
151
146
214
139
138
232
210
144
142
183
187
251
