77
70
61
62
49
52
62
69
48
53
84
80
49
51
49
71
67
53
50
55
66
67
50
51
47
68
83
62
62
79
51
85
49
47
60
58
49
49
59
51
71
47
48
59
54
65
56
59
48
68
50
48
65
50
68
48
59
48
45
65
60
67
66
68
60
45
44
62
46
66
51
46
44
85
87
86
83
67
66
69
68
63
64
60
60
64
64
51
52
57
59
46
47
59
60
60
50
62
68
42
53
57
59
66
50
57
57
45
48
48
67
61
46
48
44
80
84
54
53
55
58
66
45
46
51
36
39
53
53
47
46
56
57
38
39
58
42
42
50
52
51
81
76
51
57
41
46
70
43
47
54
36
52
39
52
52
52
50
54
46
43
50
51
44
44
51
38
51
40
50
38
43
51
40
52
38
53
38
38
49
52
48
38
52
37
36
53
50
38
36
38
71
38
70
38
37
68
40
63
37
39
37
64
65
41
38
49
51
39
38
49
39
39
58
50
55
54
56
46
48
82
41
43
93
36
40
84
37
41
91
38
61
41
38
60
41
51
37
37
46
53
35
60
43
48
47
38
39
50
36
40
57
37
50
38
48
38
69
85
36
37
55
54
62
54
53
37
39
50
36
53
48
36
40
51
41
67
67
45
66
52
40
39
37
58
58
36
37
38
36
36
36
101
90
63
59
83
84
77
62
55
56
71
71
54
56
65
61
69
59
62
63
66
67
64
62
67
69
67
71
59
59
64
62
52
52
63
63
57
57
62
59
61
67
59
56
58
61
55
54
74
104
69
69
59
70
58
59
70
63
54
53
54
55
63
78
58
59
64
57
