47
200
306
497
471
186
486
716
525
470
517
487
614
576
532
338
129
345
314
394
230
337
340
522
423
315
131
105
313
15
26
51
274
53
106
74
74
118
278
233
344
270
308
261
412
151
302
194
336
343
306
145
479
260
173
149
231
134
211
164
109
358
355
387
213
69
216
96
251
276
178
192
161
148
283
76
433
199
172
367
282
218
330
196
200
142
385
127
386
108
67
174
138
116
220
211
367
321
241
224
305
343
255
300
254
167
344
264
239
288
286
548
212
501
294
214
78
156
327
93
86
66
89
57
224
71
62
49
22
11
13
59
10
25
40
54
58
56
60
61
93
126
91
163
172
202
238
196
134
138
125
129
94
100
55
45
184
8
9
40
10
11
101
10
96
58
64
71
63
97
100
79
120
86
154
142
139
175
156
240
307
77
180
115
52
67
133
51
138
58
78
13
20
30
13
38
45
67
86
110
69
130
147
93
169
123
112
119
81
134
123
86
152
115
49
52
114
40
49
28
12
28
11
16
19
53
49
53
56
67
116
68
92
128
94
121
56
93
157
87
45
154
264
377
453
370
138
527
516
494
484
391
466
316
534
583
101
384
309
191
417
368
376
389
496
278
128
30
12
298
274
38
154
46
61
75
113
141
134
107
237
219
352
300
160
269
207
325
309
339
287
163
260
510
193
125
141
236
195
124
120
194
434
434
429
173
88
80
274
335
228
194
139
184
310
82
373
188
164
270
361
214
354
209
223
371
144
399
131
108
163
74
147
128
190
347
311
239
320
311
435
590
306
276
297
159
295
290
229
247
269
218
306
324
215
218
313
211
111
80
113
210
71
124
49
71
43
18
26
17
175
56
25
28
45
54
58
46
55
68
69
103
96
166
138
194
143
106
158
230
215
128
84
109
34
187
80
75
10
12
12
30
13
13
99
83
57
73
83
74
139
126
138
154
97
123
180
126
140
166
147
108
50
76
41
116
66
35
69
10
49
30
18
14
30
17
57
67
59
130
76
92
115
120
122
79
157
76
121
116
127
78
107
48
30
32
94
14
28
246
39
17
61
24
11
73
19
26
53
48
95
123
81
108
103
113
65
155
77
72
46
203
356
494
498
450
221
605
414
412
458
393
513
528
531
367
365
138
378
196
334
370
387
462
410
322
144
33
9
128
253
53
306
53
60
90
67
123
126
185
334
212
268
327
171
340
328
220
292
561
509
514
139
291
180
134
236
213
142
155
136
388
238
460
461
202
78
80
258
297
241
216
163
254
153
80
367
198
186
286
405
220
368
180
123
354
235
132
94
412
171
104
142
123
290
207
295
218
256
251
317
350
215
452
376
539
202
194
318
270
271
196
323
286
342
76
230
208
181
58
83
102
58
60
205
38
119
27
17
85
13
15
12
72
55
56
28
44
39
130
137
72
113
77
130
222
158
214
203
123
178
116
93
144
103
78
42
77
49
10
72
135
21
12
8
41
85
70
88
106
59
82
103
150
101
167
114
135
158
135
151
56
48
108
156
41
32
51
97
56
16
12
28
11
54
37
48
63
82
110
77
121
114
127
138
76
107
69
115
96
12
159
44
10
100
14
12
145
25
118
55
80
42
44
101
44
60
27
57
93
97
34
43
89
93
118
138
80
66
62
