1567
4891
5376
10350
7611
13887
10236
73
3482
7725
44
2103
11915
9257
61
45
39
59
49
44
37
37
44
46
51
9338
91
2275
17347
22483
23530
18292
36526
19114
2209
7683
72
1788
15492
61
46
38
1013
32
102
43
42
36
37
57
42
6115
6767
36545
36
89
2952
60
44
2990
12399
21213
3287
1426
6279
199
223
7008
2710
40
39
57
49
60
69
84
35
34
34
58
35
32
2766
8772
12441
2760
6531
4347
11265
56
6981
6868
24529
1135
1957
8394
32189
11233
6507
7507
7446
18606
33
5046
44
37
36
33
38
48
37
42
43
37
35367
46
41
9189
46190
35441
1538
3979
5682
8851
11842
9825
2746
55
9766
9442
35
9345
40
39
36
35
30
45
44
30
40
8413
9495
1598
37
124
63
2398
19827
24588
24471
31553
18874
16555
7454
2194
42
2070
4538
48
41
15869
118
85
81
47
82
36
37
34
917
36
126
7888
46
2556
20201
12634
51
44
37886
3370
4786
1357
5601
176
219
7186
2673
55
56
68
84
81
42
41
54
55
42
39
3614
10218
8974
38
46
2546
6499
4510
66
1289
11907
4532
1539
23739
8432
27649
5971
10521
8484
17110
10300
45
5330
43
30
44
39
39
44
36
41
39
36
7035
31958
46
57
10584
54773
34418
1840
4516
4560
11677
10747
8244
2944
69
11104
8837
52
11824
2152
9264
33
50
36
41
42
42
40
44
36
9983
38
220
178
3000
21506
26190
27858
35536
19111
16616
2599
72
7533
90
66
136
1544
35
94
36
48
73
55
39
43
38
15858
6886
7549
43
12811
3005
35974
58
55
2083
4727
3393
7561
5283
267
20826
2814
1265
281
1878
40
44
74
106
93
38
34
34
32
32
38
3311
53
57
10401
10129
4356
4914
10447
47
964
6232
4641
2311
23241
8251
30621
10396
7192
15563
54
9157
52
40
39
43
34
40
31
31
39
35
5467
36
38
7313
38196
9939
55967
38717
