237
253
255
259
239
242
249
307
220
225
274
221
228
138
150
236
119
126
206
211
130
194
131
222
193
119
121
128
195
192
130
116
121
127
213
218
140
115
180
181
122
117
140
136
182
195
120
138
187
176
215
208
208
210
212
215
179
202
223
198
203
384
181
209
294
195
158
303
120
277
118
128
169
128
171
120
126
186
134
199
133
119
118
194
193
130
134
128
209
206
128
120
178
180
198
131
193
180
168
167
172
139
142
181
124
126
192
185
134
134
170
167
116
119
130
137
175
178
113
123
260
258
267
290
234
228
259
264
240
244
285
361
208
214
306
251
246
229
209
197
198
195
199
206
212
212
193
199
185
190
191
195
193
198
196
207
181
198
171
184
188
190
205
187
178
174
175
177
184
189
185
186
162
168
196
195
175
177
159
166
174
160
157
169
165
172
151
181
179
161
148
158
145
396
143
266
445
161
161
183
187
164
167
241
241
181
183
207
209
167
167
131
141
173
171
113
129
152
155
133
128
116
157
113
159
128
125
141
144
116
114
159
166
121
124
114
116
191
198
131
252
264
263
240
249
260
266
276
225
227
280
283
236
239
265
209
214
488
276
226
119
247
125
136
200
132
201
120
124
122
235
240
219
209
250
221
220
199
200
204
179
116
189
123
181
119
128
186
127
198
129
122
181
180
133
128
174
149
197
144
137
197
132
172
119
118
168
132
188
133
118
179
123
187
132
165
130
119
186
121
174
131
170
136
153
121
123
183
135
171
137
159
156
212
213
164
151
183
134
149
118
152
120
162
133
143
157
129
142
131
145
146
151
144
156
132
128
179
155
132
