46
58
44
68
42
35
52
53
56
49
48
37
37
51
43
35
38
48
42
47
47
47
46
44
47
57
36
33
56
42
42
47
44
38
42
58
56
35
64
56
55
47
45
46
56
60
47
49
47
47
33
36
47
47
34
37
32
48
49
36
32
45
47
35
32
37
33
47
49
35
36
45
47
35
36
36
39
50
52
35
37
46
46
49
50
45
46
36
36
34
34
78
69
35
36
54
53
34
35
48
48
50
51
40
40
46
47
38
41
52
53
40
36
48
49
45
48
51
49
47
47
52
52
32
44
52
59
36
48
55
42
52
34
36
39
44
33
35
39
37
33
37
40
40
33
36
34
39
39
35
32
41
40
36
31
39
39
40
42
39
39
53
55
39
38
40
37
43
43
40
43
53
53
45
36
48
38
40
39
46
48
37
38
44
41
36
54
51
55
48
42
43
42
42
39
70
58
49
49
66
61
64
64
40
42
39
45
46
40
44
45
67
70
45
44
38
43
46
46
39
38
46
37
47
42
76
46
49
42
44
47
46
44
50
45
45
40
39
47
47
53
54
38
40
43
35
39
47
34
38
37
35
36
38
40
40
59
62
36
41
40
39
33
35
39
37
34
43
40
41
56
45
38
38
37
40
39
46
51
42
59
40
32
34
37
34
32
81
35
34
56
36
34
67
35
35
65
64
35
35
48
34
42
54
51
35
33
45
34
42
54
41
43
53
39
71
42
51
75
72
39
62
34
37
59
63
38
39
61
34
35
63
38
39
62
59
38
39
61
45
49
58
38
35
61
61
43
44
79
55
55
81
36
43
59
57
38
37
55
54
