35
109
141
292
344
130
409
556
422
413
562
438
436
476
221
245
562
142
426
266
329
255
431
497
184
490
35
270
7
43
25
150
55
258
51
70
114
78
180
118
236
214
268
286
160
310
165
321
299
329
156
304
354
134
171
206
234
150
307
322
250
232
357
716
611
163
65
136
193
443
157
636
413
280
419
117
187
309
226
328
173
332
151
340
177
345
156
77
465
144
253
257
120
148
288
216
298
243
145
304
255
279
282
150
248
263
351
255
337
320
109
447
327
309
371
228
70
81
249
438
63
94
51
109
38
83
319
80
8
8
37
9
13
64
47
50
68
37
48
56
161
73
90
130
297
161
199
394
164
274
100
127
85
85
42
67
75
227
14
32
28
25
32
26
62
136
52
63
74
79
73
90
118
147
93
162
145
127
147
188
172
63
146
106
68
52
78
9
50
49
43
13
22
13
23
49
33
60
76
103
72
114
110
138
105
93
135
114
83
143
117
83
94
46
46
160
36
21
26
28
61
20
163
42
68
72
83
56
61
76
89
125
102
108
134
207
85
83
213
108
26
143
290
174
291
415
135
569
525
688
604
470
438
464
559
268
240
396
148
296
247
392
267
463
440
172
43
214
9
47
12
40
152
330
64
53
110
86
157
145
253
217
299
306
162
287
316
213
336
367
293
133
401
170
195
167
212
318
155
215
184
369
249
138
261
500
268
65
121
159
160
382
188
291
341
325
113
196
216
130
319
285
150
174
380
367
112
90
440
248
146
205
131
143
225
238
341
229
124
258
311
295
310
225
344
172
297
296
299
362
110
435
308
298
371
216
253
103
82
472
113
60
52
78
267
118
32
54
59
62
10
12
19
24
36
64
54
50
41
59
70
92
116
158
160
196
155
126
228
177
202
83
56
168
48
181
75
311
12
47
75
10
11
13
35
146
59
64
120
121
164
163
162
152
145
109
158
162
265
264
133
124
63
79
46
36
196
15
16
107
17
19
125
71
19
51
63
94
109
72
117
196
120
127
213
86
131
60
200
181
124
152
158
44
84
142
12
69
42
67
44
54
7
52
8
41
30
54
59
47
104
85
90
99
105
81
121
129
60
73
26
151
284
274
229
120
516
392
546
532
624
508
522
428
222
268
371
617
162
378
321
389
447
268
386
203
55
240
17
130
12
35
82
55
60
298
129
121
118
176
226
216
304
294
309
161
185
290
371
315
312
350
149
193
163
223
205
201
132
345
256
176
367
138
218
479
70
261
138
168
137
346
366
323
298
381
134
191
141
288
388
187
592
375
109
368
85
249
220
216
276
195
726
290
223
287
150
221
279
252
529
441
228
244
314
325
149
268
291
389
133
398
306
289
207
366
88
276
447
112
65
97
47
273
67
116
42
47
35
17
11
85
32
36
47
38
76
59
34
79
79
76
120
146
142
135
274
184
147
199
137
129
73
68
186
90
98
35
30
20
32
17
7
27
19
131
47
67
76
71
87
101
123
138
99
163
141
129
148
182
45
173
39
137
62
148
58
63
12
49
9
13
14
12
46
61
43
60
73
131
75
202
104
124
193
131
192
160
121
105
79
157
148
72
49
251
44
80
12
36
68
11
81
28
31
14
97
55
70
83
94
99
210
111
95
197
83
62
182
70
