1950
3752
6781
8352
11781
8343
2714
46
9464
8605
37
10997
2050
51
9275
36
46
40
45
43
46
39
42
128
8993
2383
34
86
18154
21796
23495
14985
31738
7815
18195
2581
57
14625
2381
53
4012
49
112
41
39
46
39
51
36
46
900
108
52
28662
36
2926
8217
41
41
12115
20749
3071
6565
1548
9903
277
2383
7160
203
2791
61
40
68
56
56
45
40
39
40
39
42
2810
54
49
9406
12093
6931
4113
11326
49
1315
20299
9144
23816
7275
4610
10088
10516
8854
16345
10925
5993
39
33685
46
31
39
35
36
34
30
30
36
38
7592
54
49
5553
35262
66182
1658
3640
7439
7618
11981
8623
2174
57
9517
9471
46
8147
1683
55
1162
34
27
33
41
45
41
39
31
30
9079
63
9350
47
18596
17293
21149
14364
15993
31311
2257
7923
57
2497
15210
48
51
780
37
55
42
2512
52
50
89
59
34
96
104
71
28453
3409
3094
43
42
17366
8666
13395
6967
7087
1316
182
201
2781
6868
2678
35
52
55
48
34
41
37
39
36
2324
36
54
83
78
13039
10646
5209
4453
6392
49
1366
10887
6388
24022
22656
4609
8930
7142
11087
9235
6166
16952
36
4188
42
36
40
41
41
31
39
43
34
52
33226
49
39
9242
35236
65566
1879
3278
6799
7939
9187
12797
2204
89
10466
8846
49
12384
1852
42
47
31
9441
45
33
40
33
137
2121
41
39
40
83
9851
15673
22326
15547
26514
34147
16163
1651
15825
47
8446
2558
58
44
94
967
38
32
42
55
30
35
3847
29
2915
7839
17923
89
56
139
31041
50
3671
46
10523
5115
1041
6585
278
216
2776
33
57
54
88
37
63
54
51
55
53
13967
2646
12592
10049
36
57
63
2131
5724
4303
11827
63
1828
8429
25851
7414
23440
6775
8915
11093
9621
15009
10832
6326
40
34298
48
38
43
44
64
54
42
42
41
43
5741
37
39
11528
57880
37798
