1056
1309
1336
357
1609
499
573
39
674
496
779
139
1085
749
345
435
155
481
454
775
406
1085
467
467
475
465
96
133
388
131
720
34
194
727
38
135
614
139
25
127
202
170
293
369
238
322
273
680
683
590
797
1022
657
620
727
396
596
214
534
288
322
159
340
436
31
75
282
102
211
750
137
325
278
17
253
411
328
312
642
544
352
206
623
335
299
627
331
476
326
131
237
275
13
135
230
131
60
134
202
774
318
288
358
337
472
463
437
533
243
804
743
824
641
609
321
555
432
708
440
524
261
226
130
59
141
122
65
20
38
86
20
23
111
112
55
86
69
116
158
86
123
157
241
278
324
308
297
216
487
113
320
200
113
197
93
107
58
35
188
19
8
41
70
14
124
17
75
92
117
146
129
145
141
187
123
199
132
223
205
135
163
224
59
151
78
82
25
10
12
101
9
85
102
17
45
84
76
65
123
142
125
186
126
193
140
174
171
108
150
162
194
94
110
80
64
15
119
239
16
85
17
55
23
96
15
58
68
48
52
108
174
95
165
153
151
135
130
147
104
97
1105
1430
410
1567
1662
440
617
69
738
992
541
695
312
1027
452
372
657
173
630
294
776
567
1512
678
239
588
424
138
195
719
118
45
134
19
570
146
113
39
163
328
733
271
361
365
303
371
615
610
1115
535
501
677
729
929
567
403
437
224
635
290
332
362
119
19
341
57
598
136
260
241
142
308
18
269
372
322
352
595
565
201
749
388
688
312
295
274
491
324
694
155
276
384
78
482
230
367
191
85
155
106
403
308
415
252
440
408
505
578
790
376
602
570
462
607
721
310
651
216
508
504
188
193
59
106
184
89
17
12
13
93
104
23
51
61
65
52
65
55
60
903
114
122
155
174
247
205
298
232
193
145
117
296
97
136
96
234
95
52
32
53
10
12
23
83
148
42
96
106
200
199
233
157
254
219
207
253
147
247
117
189
167
64
114
105
310
99
83
28
77
20
127
18
11
24
79
60
72
165
154
123
198
179
183
186
242
112
203
138
96
260
117
142
146
83
77
12
10
338
23
81
73
15
31
40
80
66
36
83
58
52
105
110
98
137
123
146
81
84
180
80
1048
1153
193
1665
1746
573
759
31
384
619
440
676
212
975
436
482
429
291
647
976
289
635
423
517
412
461
73
321
113
451
101
36
637
30
144
205
103
12
113
184
566
133
299
285
353
363
416
850
561
737
545
774
647
683
603
158
718
458
535
398
417
116
198
415
38
80
792
118
205
126
769
269
19
464
251
415
358
393
588
453
378
822
873
325
458
316
485
784
370
204
219
205
11
126
566
111
108
713
113
225
297
354
251
295
481
428
446
643
219
496
964
533
544
1031
336
661
784
205
491
427
269
124
848
90
16
30
13
109
13
168
48
312
79
55
101
105
33
96
123
79
67
109
102
245
197
251
411
201
292
172
119
91
113
180
74
76
251
99
11
18
115
15
78
78
16
55
121
145
149
108
77
143
154
166
118
195
186
258
170
352
297
125
109
169
92
262
104
113
15
19
11
104
147
113
26
24
61
126
109
203
213
164
159
165
192
143
124
140
79
144
92
104
174
91
197
53
61
22
12
61
67
58
14
17
42
64
89
96
43
66
87
155
81
109
145
157
93
193
77
104
