2079
2812
10111
14018
12409
16733
15403
17251
12987
18543
56
1592
9633
141
61
70
62
63
55
56
40
42
5897
10709
2321
68
44
10960
34499
45260
37175
47117
30662
24083
7798
28956
8016
24250
5151
8307
12555
79
944
102
111
54
45
47
45
14355
116
60
67
6632
199
22670
11579
1965
4676
2455
2630
6021
10412
14769
10506
5645
6497
2246
72
1598
10691
18128
40
48
37
41
51
68
56
49
47
57
65
12058
9807
8329
36175
31545
2826
33216
4219
37723
5255
5485
3678
9011
10212
19912
22098
14327
914
44
2352
35
42
39
39
48
44
58
44
43
32
16614
50
57
16305
4475
37114
31132
2160
2898
9476
9866
12503
15898
15341
16823
12763
4637
70
11159
9118
76
48
53
52
55
43
46
63
85
59
85
18770
2669
3694
11287
30994
34311
41225
43629
28068
21028
6943
8150
28731
23407
4387
7966
9525
13051
60
171
120
71
53
37
73
135
1118
111
113
20816
220
9944
5459
6834
1791
2402
2505
5206
9282
2071
10006
10936
5900
2032
106
9973
1809
37
45
29
45
47
48
38
46
62
63
54
20468
10977
11192
4465
32051
35073
30883
3237
39227
3389
4884
6729
6491
9479
9012
18041
12362
24232
35
3124
40
40
39
37
49
37
37
34
47
40
15132
958
15635
43
40
33391
5039
32603
2510
3134
9790
10870
13479
16946
16485
16352
4682
12688
48
1826
21426
12291
66
73
40
37
45
47
38
40
47
44
3693
43
10094
11148
24255
36987
45589
48337
30274
7303
21189
8221
25581
31418
4876
14272
22769
74
8629
93
41
58
52
47
1101
52
217
77
83
12826
316
5656
6379
12571
1637
2616
2707
5466
12055
11136
9585
5238
1770
5856
55
1566
9219
34
40
45
46
40
45
44
43
36
40
38
17441
11835
12501
8665
38347
2868
32213
32154
36685
4597
4631
5599
7034
10156
9431
17916
13356
26920
4915
49
2401
71
54
51
17067
38
42
34
41
49
42
43
865
73
71
16667
45039
30279
