279
255
284
361
273
277
292
287
252
271
269
250
261
251
261
258
218
225
232
223
223
252
244
250
208
210
317
311
251
260
211
227
257
241
195
209
156
138
126
199
130
198
149
143
186
191
177
185
198
188
178
261
256
194
182
226
233
240
182
236
185
247
211
177
213
240
216
192
229
231
201
199
203
221
219
237
193
212
250
175
187
217
179
212
179
159
201
203
175
169
208
203
166
159
182
183
174
162
204
202
173
171
184
200
536
192
574
623
188
224
184
241
199
184
248
240
194
230
241
247
289
300
298
316
255
257
259
264
254
277
261
266
225
229
247
241
241
229
245
232
211
207
230
210
221
240
275
300
210
199
211
191
207
216
211
228
215
202
184
200
209
206
227
291
209
207
222
272
184
226
253
196
202
206
207
159
192
180
130
139
141
141
207
196
196
198
206
232
196
198
256
265
172
188
250
282
224
241
201
253
358
196
125
125
184
174
137
133
173
136
136
178
170
121
127
138
123
142
144
144
146
125
126
123
133
143
136
158
127
119
199
146
137
130
138
131
125
120
123
153
250
287
339
340
274
266
269
265
250
249
279
287
257
262
231
244
226
239
251
254
236
269
219
229
229
212
232
232
245
212
239
206
250
227
245
216
189
188
250
247
142
128
143
253
153
249
136
160
277
154
251
148
146
127
263
261
139
139
134
128
239
238
146
139
128
140
244
241
148
150
218
232
229
235
246
251
315
218
228
370
216
265
218
229
196
199
218
222
212
244
236
392
188
208
205
239
237
205
206
209
189
189
320
211
254
196
200
196
182
224
224
188
188
205
189
161
167
190
200
246
