79
115
70
87
59
93
62
75
91
56
79
76
75
55
103
84
57
79
53
83
60
78
100
87
56
55
84
85
59
58
50
49
73
79
73
75
55
55
47
51
55
56
46
57
55
61
53
81
85
58
53
56
77
55
91
55
52
44
56
42
224
241
239
207
75
56
73
80
67
77
71
91
70
89
61
60
65
80
69
101
61
76
61
72
76
62
64
65
64
60
66
63
66
62
60
82
64
85
63
61
65
63
63
57
62
65
62
61
66
68
65
63
68
91
64
66
82
68
80
63
51
72
58
48
70
65
51
99
84
63
62
65
63
64
67
63
68
66
70
62
42
60
51
61
60
58
54
67
47
52
60
34
43
71
67
58
62
66
74
68
71
77
58
70
80
89
83
82
75
71
69
82
73
77
69
63
64
57
70
60
57
70
80
59
64
63
54
60
63
61
65
63
57
64
61
62
80
55
86
63
54
73
63
54
63
64
66
66
54
64
62
1060
61
63
64
65
129
88
76
61
66
88
63
72
60
65
67
67
73
64
64
64
69
62
65
68
89
65
89
73
88
64
109
93
67
55
72
82
97
149
86
85
104
47
51
42
113
45
41
53
117
41
107
63
60
95
51
61
42
42
71
40
64
41
41
65
61
41
39
40
63
42
62
41
44
41
84
42
92
41
42
60
42
74
46
58
60
63
54
41
64
49
63
41
45
86
62
79
48
41
86
54
79
51
42
41
92
42
78
40
43
59
44
56
46
40
63
56
41
40
59
60
68
67
48
76
76
50
44
42
62
64
50
41
65
68
47
49
43
42
55
66
43
44
57
61
40
43
55
62
