83
263
335
470
437
301
458
664
623
526
580
742
791
623
730
453
260
238
459
746
610
622
395
683
239
524
400
249
16
305
64
42
40
238
45
84
97
163
172
141
279
194
611
384
439
455
239
366
351
358
228
281
484
219
165
254
206
299
200
265
75
315
96
440
343
181
66
233
179
161
192
182
98
305
269
326
171
266
212
254
439
475
573
367
335
139
94
230
364
402
161
253
324
137
249
202
227
211
323
177
249
239
209
286
152
247
290
319
605
628
492
325
383
749
201
380
264
218
744
83
239
29
9
93
10
131
20
11
42
36
190
95
45
43
74
64
98
101
49
82
69
96
130
127
187
183
217
223
106
159
202
132
59
85
37
186
93
85
24
90
17
12
65
10
60
14
58
67
71
96
93
106
138
172
117
153
157
136
198
188
170
138
55
64
53
142
44
90
43
20
23
48
23
31
40
73
53
55
96
95
85
125
116
105
141
132
133
117
96
83
266
199
81
195
35
76
22
69
139
53
61
47
18
36
76
22
72
47
67
81
126
154
241
179
191
184
151
123
276
150
60
302
394
469
574
185
446
445
332
614
687
650
384
698
238
274
589
391
667
776
478
456
408
566
240
619
395
280
19
64
35
232
42
223
50
88
153
120
199
135
147
275
424
251
424
210
387
327
320
380
209
269
189
524
173
190
272
302
167
275
74
335
417
99
347
155
85
171
211
155
179
330
177
284
379
182
650
208
236
261
272
381
180
469
396
371
304
183
393
133
138
186
290
237
174
207
203
182
295
337
261
241
198
300
222
156
449
325
403
639
337
400
505
326
194
397
242
222
548
118
70
102
112
51
78
48
299
66
9
27
15
12
12
78
29
47
64
51
40
46
85
97
108
126
143
179
234
202
125
189
119
188
83
112
120
55
50
33
12
61
12
19
21
258
35
92
60
77
50
111
80
108
121
85
158
169
117
113
162
105
164
165
46
51
60
132
35
50
99
16
11
43
10
56
13
15
59
38
91
91
94
108
122
140
127
121
70
116
99
120
117
101
91
207
47
33
86
28
28
58
52
13
10
14
13
59
79
30
66
49
92
70
96
104
101
140
97
75
86
68
57
279
412
474
536
273
322
628
328
520
530
365
601
519
250
291
572
485
257
376
399
371
523
297
657
561
243
62
12
27
402
298
40
235
55
48
134
153
172
140
130
335
404
195
215
433
417
318
393
329
206
262
524
216
195
191
286
334
172
304
115
443
89
453
402
68
156
182
190
156
166
217
118
320
349
297
214
165
188
247
339
400
169
385
533
226
339
171
130
128
126
202
294
154
207
248
220
204
275
190
267
256
266
164
167
223
296
380
336
443
404
399
302
352
186
269
383
202
556
108
193
90
80
62
56
64
13
128
32
40
28
67
77
54
37
56
46
44
41
74
43
84
235
150
168
176
373
232
201
104
181
123
73
59
34
168
126
12
40
31
104
108
10
17
45
11
70
72
83
104
80
92
137
123
107
141
96
145
138
160
137
41
134
72
60
50
138
14
16
19
21
63
57
19
44
46
64
71
58
71
105
112
110
232
108
187
209
121
175
119
288
78
134
43
107
8
57
225
8
56
28
52
20
8
12
51
46
47
48
44
80
70
135
99
104
87
55
83
137
61
