1753
5131
5890
9680
11548
2071
8567
106
13261
8346
41
8690
12731
4048
9420
48
37
34
40
43
38
32
37
62
2242
7968
33
27653
27227
25337
40253
15493
18562
6542
122
32295
59
1909
3811
65
107
16722
51
53
46
67
44
49
36
1135
17928
55
87
58
38
11430
11753
3089
56
33692
51
4247
6583
7332
252
217
10236
3071
1408
1873
38
44
47
60
57
2524
66
36
43
90
41
46
65
54
9303
13909
6732
2565
12250
2531
7861
858
23513
4865
3166
8379
31660
8979
8096
14433
11078
7853
33
8342
37
41
45
54
28
44
37
81
56
34
4208
54
48
37297
62374
36650
2087
4239
5771
9047
7989
1681
8760
62
13669
9620
42
8545
4096
8466
2384
49
39
36
43
38
41
40
57
41
8692
6866
61
24690
26563
23740
40326
14710
19202
30069
140
6621
1801
15509
42
60
92
784
35
48
35
29
33
35
29
4449
41
90
96
20333
43
10696
11377
3085
48
46
4326
35505
6451
1025
7244
242
223
12899
2824
2608
68
65
53
76
70
43
38
43
38
41
38
2685
58
76
8514
13425
4995
2917
10609
1258
903
7581
5742
2655
23180
6996
29641
9480
8104
9877
16834
8968
42
10149
44
62
56
43
47
33
44
45
40
40
4520
37
63
40263
59049
45878
2084
3603
4770
9491
11837
9312
70
13412
8444
42
11732
4307
4395
10035
35
43
37
32
30
36
38
34
36
124
6309
10069
2761
27020
23482
30557
41546
25655
19002
16201
134
6249
67
2135
4270
53
63
111
15566
82
95
96
85
56
55
60
69
55
1358
22248
35
11774
33912
11369
35
77
3004
4146
5975
1189
7410
213
362
9270
2804
2972
37
35
71
57
60
67
40
60
36
68
39
42
2187
66
9367
13398
5888
10709
2837
8913
940
2171
6138
7895
26341
2631
32462
9385
8347
11168
16519
8338
46
40
40
40
44
42
39
41
38
39
30
9463
38744
43
44
4753
49275
32721
