296
311
350
360
268
298
291
310
243
292
244
283
255
246
257
243
228
227
251
251
240
229
237
236
215
229
253
243
232
213
271
225
236
229
206
200
221
233
638
644
184
207
280
194
278
181
174
274
274
236
194
181
275
280
192
197
174
258
263
196
195
235
169
236
170
191
250
218
304
181
178
228
216
168
205
240
220
202
172
231
189
235
189
172
209
208
167
151
164
227
219
226
147
671
680
657
640
299
275
261
267
276
293
284
298
261
282
271
264
282
296
280
332
262
283
266
274
292
293
281
321
308
333
406
276
280
294
271
265
273
267
282
252
250
258
249
244
248
279
259
242
264
259
252
220
218
221
225
230
228
237
239
225
212
217
214
226
221
233
239
202
194
206
218
209
215
193
196
203
212
253
176
265
182
190
187
274
258
175
168
277
264
169
175
194
185
313
362
154
163
159
167
292
278
150
161
210
158
197
159
133
153
179
166
149
150
156
147
144
170
160
163
199
132
184
263
152
136
287
139
270
218
251
281
263
270
264
287
249
275
246
251
238
238
271
222
259
227
241
229
289
316
307
338
265
303
275
303
284
290
268
289
259
255
273
289
243
265
251
267
247
253
257
286
225
239
230
253
229
210
234
237
213
243
214
224
234
217
230
215
227
228
222
215
192
197
213
205
247
304
243
286
184
201
189
221
182
205
217
199
193
191
190
196
174
192
196
213
221
209
201
176
176
197
166
176
163
187
175
180
168
186
190
172
176
173
174
163
166
150
180
198
165
157
159
177
145
132
169
170
153
160
170
178
136
143
155
151
150
157
161
155
144
155
150
145
132
149
149
144
