82
67
87
88
75
77
67
69
77
67
96
82
74
63
59
54
62
58
54
54
62
59
90
74
84
81
57
59
68
57
68
57
52
55
67
72
49
51
64
68
52
50
63
66
51
52
63
52
62
52
53
53
61
66
68
62
62
64
65
68
69
62
50
49
62
65
50
50
53
52
88
90
62
61
75
72
59
67
74
74
50
54
64
64
53
62
59
70
84
81
60
100
85
80
78
118
100
80
70
64
85
121
77
95
94
86
76
71
67
63
89
89
65
60
72
69
63
60
72
68
67
54
68
58
55
52
54
56
50
53
55
55
52
54
54
49
72
52
51
52
51
50
46
52
52
68
52
49
67
52
49
55
54
49
46
51
53
49
49
51
57
52
49
53
57
50
47
48
63
51
48
50
50
48
49
48
48
62
44
61
47
48
50
48
51
61
58
48
47
46
88
48
78
48
46
51
49
54
47
46
65
46
50
60
76
46
43
61
47
43
55
49
45
46
47
46
44
45
61
67
47
45
52
47
47
45
46
48
56
61
53
46
47
45
45
45
49
89
57
43
50
37
33
49
44
36
35
48
50
39
35
38
39
39
40
47
51
46
36
34
47
67
70
38
42
112
116
40
151
159
75
79
67
47
129
133
76
66
66
73
65
136
43
46
101
41
44
100
70
40
41
39
39
45
43
36
37
35
41
43
38
35
41
34
60
32
34
32
37
76
46
46
46
37
33
35
50
38
32
38
36
60
57
35
41
34
50
48
35
36
35
49
50
62
44
42
53
41
40
60
63
49
36
43
67
44
35
47
41
41
39
52
65
47
39
34
48
41
36
44
