2313
2281
1860
1967
339
2067
2068
442
308
1997
1995
321
430
568
675
593
375
355
229
382
428
291
588
600
322
298
426
268
366
297
364
301
493
279
495
285
332
333
343
315
297
311
211
271
430
474
300
224
394
205
396
209
382
313
217
367
261
288
201
321
277
279
401
418
387
254
327
332
319
318
210
218
364
277
377
431
189
220
241
249
252
212
234
177
196
388
196
241
345
270
179
198
195
205
237
169
329
243
234
344
243
185
261
194
189
213
206
236
219
397
377
257
231
196
263
246
214
309
316
371
1944
2547
2686
1533
2389
1856
1924
503
566
1792
621
501
384
457
651
553
416
458
714
379
435
344
373
391
451
247
360
339
232
328
314
552
258
303
293
467
353
380
325
299
271
293
330
246
387
359
196
324
348
273
397
240
339
267
274
321
346
291
319
324
239
294
199
219
350
276
210
289
170
229
253
259
248
290
368
184
210
286
279
215
248
198
223
185
343
267
243
406
211
231
234
223
195
227
298
210
213
202
224
325
220
227
204
190
191
231
215
392
240
301
216
185
221
211
216
222
223
231
215
261
2564
2552
2754
2794
324
300
497
408
384
379
388
360
274
295
268
351
335
221
409
527
178
461
202
270
327
538
338
263
243
408
263
274
343
259
283
223
214
183
240
226
196
221
236
271
178
218
206
194
321
218
187
238
223
195
195
191
177
224
210
194
269
198
230
180
272
271
349
277
173
186
215
299
171
222
216
212
220
187
340
190
183
236
165
333
206
279
202
236
252
395
194
317
207
241
192
213
214
255
200
205
169
219
232
180
201
227
255
268
188
253
221
362
366
215
276
244
285
232
254
366
