108
153
96
106
67
47
81
62
54
83
78
100
59
68
55
57
64
54
79
76
66
90
97
51
38
100
282
56
50
70
74
66
62
60
89
65
81
85
80
93
105
74
80
85
66
79
76
71
53
75
69
63
78
57
63
54
53
109
139
87
65
78
48
50
52
84
63
78
81
81
66
54
95
40
72
81
60
112
72
48
45
115
92
58
57
88
87
51
103
63
71
45
48
61
74
64
59
48
58
90
45
52
64
73
73
103
78
51
89
81
65
43
64
84
84
47
73
76
106
69
147
109
124
85
181
69
100
39
52
59
55
73
85
88
74
97
90
59
50
72
93
82
89
113
104
80
76
56
96
67
46
99
109
70
78
60
101
70
140
95
62
51
81
79
68
75
53
61
109
78
112
98
63
84
68
70
58
81
53
74
77
59
104
87
55
83
79
116
84
91
53
92
122
95
105
87
80
127
99
71
64
52
101
62
87
44
101
70
77
84
98
77
70
81
90
96
89
90
55
87
79
45
107
76
110
56
66
74
73
77
59
97
76
68
56
60
66
50
103
64
82
145
166
57
59
54
72
75
102
45
82
57
68
64
127
111
62
75
90
83
47
83
64
77
76
90
80
63
102
108
105
77
73
67
113
93
94
89
103
68
115
107
113
110
129
120
107
110
108
106
106
71
134
112
76
72
86
72
86
99
70
85
117
60
75
47
63
62
54
64
58
42
65
44
58
52
59
45
54
52
31
56
54
40
59
47
60
36
54
51
35
59
40
64
48
61
62
57
52
38
101
104
62
64
60
105
103
54
43
49
41
59
91
37
50
39
93
45
84
44
