103
268
424
480
526
559
618
425
761
705
486
502
589
506
336
465
670
725
354
610
554
312
454
7
421
554
57
427
121
66
50
199
624
136
95
315
140
722
109
209
234
219
195
358
215
333
494
440
282
424
452
282
148
399
144
178
355
235
283
198
742
112
366
172
116
469
132
234
270
179
216
531
230
203
165
275
401
359
266
462
470
367
424
242
44
172
186
459
304
174
138
211
150
179
717
135
197
280
242
407
305
279
320
213
325
461
471
429
344
466
386
356
509
538
83
83
57
7
268
7
14
370
11
340
88
454
57
49
54
312
83
28
141
69
26
131
42
48
40
133
721
105
169
129
139
158
81
118
216
154
68
36
107
257
157
76
10
5
253
22
9
23
49
82
122
62
69
78
203
91
96
149
95
123
132
139
149
104
41
74
194
151
49
29
7
59
159
13
140
14
12
131
77
104
56
81
56
80
51
111
68
126
91
111
157
124
108
133
102
164
8
46
55
16
31
96
86
50
33
122
10
16
33
38
58
80
195
106
91
155
272
112
84
123
122
106
59
153
80
83
69
208
361
385
407
447
481
563
573
464
530
565
473
643
601
653
465
594
356
385
523
288
545
513
14
46
481
119
435
668
637
67
241
229
111
142
132
177
116
202
234
211
226
342
219
321
410
392
160
406
515
352
415
327
151
212
218
653
248
134
435
152
365
202
94
421
239
142
257
510
215
246
184
242
147
280
457
233
404
456
219
431
396
537
52
297
181
236
167
618
135
255
498
120
131
184
152
272
267
391
299
278
354
290
338
228
423
413
273
395
341
376
472
114
359
47
231
628
236
379
56
9
6
458
97
70
9
15
77
45
49
84
49
57
66
176
103
62
633
93
62
102
131
141
192
205
110
175
239
64
74
144
15
15
132
274
103
22
15
43
174
13
304
55
71
79
113
84
75
128
93
63
130
98
129
125
193
139
163
60
58
57
175
196
82
39
149
14
54
17
9
18
20
71
45
148
79
136
114
120
48
93
162
61
122
202
116
132
137
123
7
12
7
38
15
85
88
18
122
146
36
99
52
194
41
48
75
97
57
93
56
107
98
89
105
91
66
94
93
115
51
239
326
384
435
615
746
498
551
951
622
1026
656
460
620
312
656
473
457
613
531
561
326
409
9
255
48
528
103
458
709
67
52
238
138
113
649
151
131
204
246
198
234
332
235
309
480
376
496
276
388
163
471
317
161
193
617
244
230
340
114
142
86
394
211
226
244
143
460
226
198
216
557
248
268
198
368
405
268
215
418
429
545
411
39
208
323
173
172
217
146
642
142
542
216
192
175
223
233
386
302
261
215
415
258
351
430
428
280
387
453
385
435
330
138
617
240
74
370
19
32
461
20
22
15
39
62
26
116
360
624
141
32
77
53
44
33
64
75
33
95
210
87
120
162
98
174
126
194
89
198
82
251
9
10
6
50
11
9
145
497
119
122
59
57
50
97
90
175
78
137
102
148
90
154
106
237
181
154
153
7
57
6
100
7
13
67
14
278
160
74
59
234
62
160
62
102
123
67
93
86
104
142
131
142
111
129
42
8
17
9
74
10
15
182
182
117
200
51
94
41
47
100
138
90
83
144
289
107
129
47
106
116
87
41
63
163
106
113
75
