1472
70
2155
38
4332
4480
8858
9698
9762
9017
38
30
29
50
39
29
35
48
8116
12489
2917
29
9510
49
4423
2264
8038
23162
10761
14017
1749
7186
23746
54
2309
50
32
5529
36
28
35
34
35
35
36
28
977
59
16551
70
29
33135
60
32482
8939
2412
786
9600
2961
7027
23986
14446
143
253
35
32
31
47
32
31
4729
46967
4430
7930
44
62
7652
91
69
73
80
2028
3853
1813
11717
52778
1759
2478
8736
7925
5053
6300
13578
5359
17027
8663
21555
44
43
41
31
38
31
29
39
37
34
31
9044
8146
8265
35
29
5117
7006
13162
15745
40701
34882
53542
1854
4964
5183
69
3408
8508
39
8651
9352
33
43
39
34
38
37
51
46
10174
1989
3798
13085
39
8445
8464
59
9388
6208
15989
2155
14798
24963
2388
118
35
32
50
42
31
37
45
5273
34
28335
2727
8977
10699
55
30937
1055
63
6094
44
84
3090
105
44
33013
937
39067
7301
9612
181
236
8159
15445
42
67
61
33
9484
47
67
43
30
43
4819
10333
3798
86
47336
65
5494
2440
63
2469
20422
4640
1596
5716
2120
8359
10276
10142
6136
17642
8978
32
21175
3355
43
30
31
36
34
29
31
8380
36
29
29
8317
35
31
5597
6294
15162
16487
42488
33899
70361
1979
4389
35
5199
8684
80
9048
9776
11072
30
31
30
40
47
33
35
42
40
11481
2286
10397
8593
2004
50
3968
6679
9067
24657
16446
18204
1635
6522
90
6287
69
41
10880
1068
32
27
47
38
30
33
30
31
31096
59
34
2626
68
2713
44
666
37182
35340
3056
9351
35673
240
9716
43448
2124
136
4186
6738
55
53
35
32
33
36
33
10349
50
94
23468
88
6899
2327
12765
5032
52
52
4330
2063
8645
1676
8203
9600
5895
7091
8834
7822
2743
9073
20295
8672
45
24112
60
32
33
34
43
69
44
51
6263
50
39
71
39
11389
5516
15586
9477
39011
40415
74280
