259
283
283
297
303
312
323
319
240
247
233
246
275
286
296
309
227
229
239
258
259
273
262
257
251
246
226
256
237
244
253
244
204
210
235
237
262
242
224
223
224
218
207
204
219
227
225
229
208
221
234
209
253
245
252
283
225
226
197
201
230
214
190
201
254
180
204
196
212
211
209
223
216
208
183
180
208
213
189
204
205
187
191
187
194
180
213
213
186
205
175
171
196
165
193
186
191
223
190
186
172
178
174
191
213
177
233
163
164
183
188
174
179
173
187
184
182
183
175
192
236
241
298
309
291
318
373
422
246
251
247
250
261
287
271
266
217
223
247
243
253
223
237
223
245
231
230
234
243
222
213
195
220
205
202
228
222
203
263
194
204
212
225
186
202
251
366
193
256
180
198
173
144
179
155
186
180
131
141
151
148
193
198
185
186
163
142
137
136
137
141
140
146
174
121
129
150
132
149
130
139
158
125
146
149
153
130
145
142
159
133
130
124
124
134
134
175
140
129
617
236
142
589
620
139
609
659
142
147
144
211
193
208
165
135
156
168
252
181
230
279
319
335
345
353
356
391
454
216
283
251
273
266
458
244
262
290
577
441
595
245
342
229
260
254
255
244
225
310
246
237
283
266
290
232
422
217
282
274
279
326
279
266
334
256
246
263
225
290
254
245
264
272
294
234
251
213
246
243
233
245
383
370
206
269
283
229
220
231
233
269
191
182
203
237
189
249
219
336
343
254
225
284
233
349
201
231
234
201
225
232
235
292
259
218
251
222
247
233
186
212
229
235
219
251
265
272
223
198
285
269
219
242
211
224
228
245
548
440
564
