68
59
60
44
59
40
59
58
42
43
44
61
72
48
46
43
39
45
53
45
43
45
53
44
43
79
47
45
48
54
43
48
66
45
59
52
42
53
41
46
63
54
56
71
75
51
43
65
51
57
56
44
47
78
51
45
78
44
49
55
43
44
46
41
81
49
58
42
59
83
81
43
45
45
39
64
68
48
38
42
82
83
43
46
66
57
76
50
62
71
75
79
36
41
70
42
50
61
43
58
45
44
43
43
44
44
40
44
38
47
43
69
41
36
62
48
48
51
53
40
54
57
39
42
40
56
56
73
64
41
73
41
37
64
41
54
64
46
36
59
54
102
45
39
53
50
61
78
41
41
36
43
56
55
39
43
44
62
51
66
46
55
40
38
45
57
55
59
36
50
38
66
37
46
54
37
57
37
40
37
58
51
43
39
36
59
56
46
55
48
35
36
34
55
59
39
36
47
46
56
63
36
45
39
43
48
67
43
69
36
61
44
41
38
62
57
40
35
38
57
39
39
61
35
58
52
52
53
37
56
55
62
40
39
38
35
54
49
104
90
77
75
73
82
79
81
75
98
55
69
81
60
72
54
57
69
66
63
66
54
60
53
64
64
60
68
53
61
56
57
63
63
65
97
57
56
89
93
56
56
56
55
65
100
95
119
88
66
76
62
63
94
74
72
59
55
76
70
73
61
77
53
66
57
61
63
52
61
54
85
54
89
56
55
61
73
64
60
67
87
81
54
56
70
59
90
61
80
73
82
60
73
67
56
59
63
104
77
58
67
56
68
58
60
59
56
56
56
66
57
64
69
60
54
54
52
86
63
65
90
