47
146
164
287
324
341
528
567
633
535
450
594
106
650
355
672
402
313
227
413
620
135
283
27
7
277
35
139
340
468
423
45
455
53
107
79
137
157
677
159
216
338
361
181
200
362
320
309
174
172
399
242
305
149
385
396
148
134
468
220
166
85
202
257
381
237
88
276
437
468
200
209
177
178
95
269
215
179
394
290
317
216
391
332
387
220
103
81
167
189
198
148
129
449
220
325
222
283
258
314
338
388
281
200
328
324
379
311
219
295
202
306
281
319
88
222
270
57
59
122
373
8
9
132
8
8
243
93
72
39
145
99
31
47
276
71
40
41
55
136
68
99
112
89
254
142
152
194
163
92
9
149
47
10
13
103
14
29
28
206
238
154
129
45
106
58
79
126
57
110
50
164
88
101
110
140
46
195
7
191
209
98
192
13
9
10
7
82
182
63
66
113
71
23
37
64
89
45
99
124
80
160
130
90
125
84
134
36
155
6
131
19
98
10
72
55
117
13
7
43
37
33
152
63
231
39
105
195
97
147
38
106
88
67
80
124
125
80
95
69
49
128
172
244
373
394
355
493
551
506
469
583
787
449
341
464
139
632
805
361
933
439
374
181
33
6
326
433
43
139
58
62
93
78
336
605
130
672
165
133
214
142
291
191
279
414
365
454
160
368
203
342
317
452
175
151
251
198
146
552
115
71
188
84
406
267
296
296
457
490
268
195
167
230
85
190
329
202
424
250
300
185
353
406
376
161
108
249
180
177
103
170
158
479
201
242
339
275
333
269
374
199
286
334
268
376
344
302
231
226
283
290
310
297
98
54
90
232
184
297
69
116
194
387
18
94
25
8
120
17
91
100
30
91
60
30
47
57
91
59
105
57
94
120
182
162
152
83
238
198
33
262
193
60
26
23
7
6
124
14
88
81
182
103
43
60
67
90
74
263
97
111
106
146
138
142
185
43
150
104
69
75
47
39
194
22
8
196
27
163
132
49
24
29
75
42
63
84
105
99
108
88
135
137
140
125
123
83
111
121
99
9
8
35
25
65
7
69
104
17
97
46
188
52
41
92
48
47
211
37
82
121
66
40
174
71
63
98
97
69
110
204
373
442
481
550
609
598
846
670
571
359
706
638
118
360
763
664
237
475
355
148
385
432
30
356
260
395
11
143
55
382
67
64
566
128
115
133
129
185
243
148
270
217
299
427
371
461
172
362
381
313
367
135
236
286
136
194
173
132
672
181
221
84
96
260
403
420
452
297
217
83
158
204
276
214
333
404
226
295
372
289
191
131
152
235
151
160
467
100
428
405
149
127
236
353
279
323
241
299
338
346
188
262
398
330
222
366
391
332
318
259
337
282
79
183
336
317
96
96
312
15
6
138
8
62
8
59
52
32
111
49
230
60
53
48
30
44
41
211
157
82
86
93
172
171
127
81
178
36
107
303
8
174
258
9
297
10
9
25
80
154
133
58
53
47
86
227
103
140
142
179
184
191
147
192
173
60
178
6
7
7
86
19
22
108
246
225
148
170
261
51
86
50
44
48
55
34
54
64
153
115
128
155
111
111
132
97
6
7
7
6
70
62
126
39
188
100
55
58
62
161
36
51
36
47
227
75
110
127
72
85
59
74
86
96
120
69
139
140
