1582
62
3140
4253
3535
8472
44
8551
30
36
31
27
30
8739
36
47
37
33
80
85
9548
2525
11560
8927
12640
1516
111
9737
17284
20339
77
14832
40
1045
29
33
49
29
29
39
53
2430
22065
6723
55
120
30
24792
4791
53
1473
66
41
2492
21498
32137
39
2376
11834
4611
1043
6332
7902
194
229
2243
44
47
94
68
34
28
32
30
46
38
2160
2328
62
55
54
34804
5618
16399
9048
914
7690
55
4687
2305
7016
7207
11631
5936
9522
4454
7571
7123
41
22731
29
33
36
28
32
32
29
37
32
32
7576
43
29
7760
4769
26903
17342
37725
30621
53583
1430
50
4232
24
4400
1928
30
32
41
36
26
46
26
30
25
3185
8442
9143
8439
10403
11934
43
54
1741
12160
81
8895
9029
18344
17463
13268
1731
51
38
25872
1040
39
33
32
33
48
53
32
40
36
7149
16102
57
37
23455
46
41
2357
2938
5574
57
2741
6787
210
11144
2072
6092
34440
182
51
38
66
9025
40
33
38
3144
33
40
30
37467
71
2811
71
74
10661
1092
50
56
1869
20994
4762
8134
5703
7348
1074
8430
9998
2078
6083
29
10325
4710
33
31
39
29
40
29
30
30
28
27
28
31
6776
6887
14677
20742
9431
6661
28898
39579
36149
59785
1818
3223
65
3990
45
4526
1737
30
31
39
33
35
39
37
30
27
8678
8906
10073
70
9391
41
9054
13150
3177
12725
36
8738
19478
23065
46
14031
21574
42
45
35
96
49
39
52
26
47
36
32
27
18610
16086
74
4544
961
2609
2276
7714
2283
2576
7082
3213
53
53
8527
1116
209
11541
218
2227
41
75
34226
84
37
12480
47
53
46
37
35204
42
45
2170
50
61
8099
5018
54
56
2215
17981
1103
6183
4704
1667
7343
7058
8330
11552
9162
56
7712
34
36
36
34
38
37
37
28
46
26
5735
44
37
18565
8921
4887
28181
9347
14952
37973
32107
48721
