245
253
264
264
324
342
408
236
262
251
533
257
280
255
215
449
191
214
231
165
132
219
132
226
146
228
131
224
294
158
251
140
174
205
202
145
226
124
133
149
130
141
144
151
182
228
226
142
204
125
149
131
185
124
197
227
140
160
167
125
187
167
124
163
198
202
187
156
142
124
119
124
121
151
118
200
118
191
204
485
478
217
537
227
212
571
190
196
221
216
222
219
292
233
162
174
237
221
272
225
174
177
279
289
229
180
166
210
166
208
177
213
171
164
224
242
209
202
225
191
265
269
267
275
277
288
297
299
243
245
251
251
234
271
285
334
149
186
198
173
220
212
227
157
136
126
158
137
141
198
198
146
134
162
135
162
159
186
196
123
143
218
156
156
214
118
141
136
152
148
293
139
333
322
167
171
218
138
133
177
127
142
167
199
135
210
185
140
140
137
162
154
139
129
205
136
227
145
137
188
137
175
155
126
147
238
125
215
134
145
189
135
146
132
139
196
186
118
133
175
125
226
216
148
123
212
140
218
145
139
131
126
152
154
133
184
178
148
195
126
265
299
312
330
351
366
404
414
234
221
271
321
311
276
301
388
239
225
242
256
233
256
210
253
245
221
306
219
261
238
248
282
267
219
224
181
148
152
189
152
227
222
207
209
196
233
577
455
474
554
716
585
652
235
262
249
255
238
259
278
217
220
255
248
241
213
249
257
217
227
224
215
229
255
1191
1099
245
232
267
1051
220
1199
237
291
296
238
360
229
250
237
258
238
227
663
708
716
211
211
221
272
276
216
265
265
229
210
242
240
260
250
199
187
244
249
227
261
207
289
205
576
