54
55
65
42
38
85
64
96
51
44
40
52
50
52
49
43
67
93
109
51
41
40
52
55
59
40
41
66
68
55
47
74
39
55
38
50
60
38
52
37
56
70
59
54
51
59
57
73
58
62
88
61
62
62
86
96
72
66
67
79
88
59
63
61
59
77
75
63
64
59
61
61
56
88
91
56
59
65
54
83
67
119
57
59
127
54
60
57
65
72
54
54
53
76
59
63
64
59
59
52
56
58
81
68
60
65
58
65
58
73
61
71
59
59
66
60
56
83
63
66
59
65
65
39
48
80
82
47
39
50
46
39
56
35
32
38
36
72
75
39
37
36
36
40
54
36
40
50
46
37
40
44
36
53
35
45
50
34
50
45
38
48
60
64
51
58
43
64
38
40
43
40
35
45
53
37
39
68
45
46
65
47
52
55
38
35
56
55
36
43
39
41
59
69
37
37
56
42
37
36
37
54
56
39
48
50
55
68
47
36
63
38
57
35
34
56
35
33
48
44
50
45
59
41
43
39
57
39
46
60
40
41
59
40
63
35
35
36
35
77
73
112
96
92
107
68
68
87
72
63
77
57
71
63
59
55
43
55
44
50
65
70
84
78
55
43
50
59
59
43
81
69
55
50
58
42
66
66
74
68
49
59
101
67
48
55
51
54
59
121
48
90
54
60
71
56
55
53
90
57
60
66
61
54
84
57
65
52
83
60
57
65
80
57
64
62
57
80
71
80
71
84
80
88
65
54
86
51
85
80
49
70
66
84
47
60
66
53
55
48
65
68
56
56
59
57
52
47
59
60
57
55
53
58
88
46
60
57
55
51
