83
167
320
322
454
474
637
775
865
711
796
356
910
386
425
149
818
846
331
202
312
276
39
922
9
374
45
11
158
48
432
273
468
97
98
93
324
107
126
199
217
214
169
329
206
336
336
365
304
133
199
352
200
319
237
213
459
162
233
347
177
149
281
67
252
132
446
299
165
145
562
381
142
197
220
365
321
343
260
228
208
347
384
123
401
205
389
154
151
155
247
156
528
410
145
313
228
315
441
329
328
339
276
261
419
383
199
133
342
452
348
344
365
81
80
269
511
95
267
492
60
89
14
6
52
450
71
7
81
15
119
287
136
46
59
47
53
43
87
68
68
147
103
170
153
179
132
188
253
47
115
328
224
49
171
38
15
36
12
164
10
58
119
51
102
59
89
87
62
347
98
95
142
150
107
131
129
197
69
112
165
16
64
47
26
29
42
15
160
20
85
101
52
48
132
35
228
85
106
67
149
86
153
129
82
136
130
154
209
143
14
52
133
138
64
114
16
141
17
42
155
42
16
8
85
50
49
76
49
55
80
104
121
94
92
97
60
102
83
128
59
165
216
247
293
327
467
453
546
518
272
548
632
557
662
230
422
192
645
42
8
7
345
407
188
57
316
381
46
60
466
47
455
142
124
165
124
135
307
310
248
206
336
266
157
166
348
402
323
349
169
145
177
336
181
216
365
344
255
225
192
167
87
349
295
128
408
487
272
169
188
357
113
342
226
307
326
257
358
462
183
163
256
80
200
306
219
148
385
136
161
245
160
560
146
287
213
356
295
274
295
113
271
175
258
315
359
365
226
401
295
339
304
304
88
96
512
86
271
57
516
56
72
10
111
6
76
10
20
59
41
61
49
53
54
34
358
58
50
84
79
464
129
101
69
6
6
212
17
183
14
6
235
144
196
238
207
58
56
78
54
45
139
38
82
52
213
89
84
79
76
162
139
86
285
144
13
13
149
21
10
9
190
148
55
48
162
147
46
171
233
56
66
89
93
80
67
150
165
74
57
105
137
105
71
153
128
165
61
100
7
104
7
47
9
72
153
85
12
19
280
80
46
69
63
65
50
106
263
39
98
117
80
118
107
86
70
56
155
107
48
159
245
260
407
418
501
534
822
777
614
806
259
734
279
750
695
377
201
223
266
271
125
17
24
517
67
430
35
930
138
32
250
66
74
436
136
578
140
146
242
142
266
303
192
300
355
356
165
219
176
320
223
337
453
393
184
145
261
274
203
382
253
310
149
71
131
429
162
145
200
317
113
636
392
256
245
374
375
212
281
339
173
192
83
138
195
369
157
455
147
247
127
508
145
215
257
414
324
279
318
280
341
253
203
278
362
135
297
372
332
307
70
342
78
465
14
10
6
7
59
262
83
22
333
50
261
48
27
94
79
38
125
559
82
98
40
69
50
556
33
123
72
207
135
214
177
8
8
82
39
247
207
138
17
193
16
187
185
40
68
75
83
144
52
99
68
49
119
42
73
153
80
166
131
139
183
184
42
174
128
61
72
40
180
9
223
51
21
9
7
35
20
58
82
174
80
76
67
127
131
112
96
95
105
153
83
140
130
104
256
114
54
11
196
9
9
86
8
11
69
63
89
42
66
47
64
37
49
40
91
111
126
94
91
138
82
104
85
140
