194
1649
3876
2313
33
6785
8975
9824
9898
36
29
33
29
29
27
29
35
10440
32
8828
1516
39
12035
41
72
2261
7427
8865
16520
15245
18047
16652
59
1757
8384
80
42
102
31
29
38
31
26
67
55
13975
36
2081
3541
58
30
1051
2797
25711
43
3304
6806
5657
27795
30
53
25
37
32
25
27
35
9484
1317
275
32206
48
363
13085
6670
34
58
2323
51
2658
47
52
2548
20578
4953
11920
51
4544
1051
10572
7130
10717
7085
6650
8890
10388
22303
37
30
27
48
39
39
27
28
28
32
28
19896
8895
8850
41
46
3567
9647
6033
16822
37685
31132
61201
1559
48
1770
27
50
3071
1900
27
27
31
29
29
36
37
30
42
6906
8762
7460
9390
9445
11151
31
81
8223
2117
9208
7818
21509
16881
14511
52
3630
97
1053
37
40
46
45
35
28
14184
54
118
60
15815
6843
2141
65
30
1982
114
24815
2588
57
42
2412
7475
392
39
87
75
31
38
44
42
26
39
29371
5785
9012
1009
18234
240
37
62
13422
36233
1901
5712
2825
2730
47
50
55
11501
4399
1345
5212
8789
6681
4212
16635
10355
7170
9486
8894
8644
32
31
28
36
29
31
28
32
30
27
38
31
35
22619
5888
11128
10069
3969
17567
33529
28075
60842
1671
3620
1763
6840
87
8182
37
9055
32
29
30
39
45
33
28
28
72
10075
217
10735
11926
11311
2443
47
7559
10038
1782
32
6710
16052
66
1672
68
150
1100
28
101
29
85
40
26
26
14602
42
2468
28
15242
2971
42
5671
22640
27018
48
13229
3903
400
13769
243
30149
336
231
2493
48
46
60
28
37
33
54
45
30
2854
7863
29153
62
66
1048
6077
19319
12409
2557
9747
56
2219
56
50
1415
6234
4866
7004
11472
7913
4511
8451
6448
19058
32
36
34
35
35
36
49
30
33
36
32
9268
5841
8015
33
36
24986
4354
14554
10231
9416
33944
30171
57575
