1275
1412
1569
1589
39
565
269
1909
1910
1932
213
2384
714
638
775
287
786
1084
113
1515
464
391
418
1072
536
242
241
615
112
842
113
1039
146
116
784
245
949
346
902
516
94
169
342
747
160
265
14
867
80
20
138
222
93
118
277
757
27
200
165
312
198
634
174
203
401
211
226
153
589
425
487
279
203
462
130
134
953
192
191
775
216
194
719
103
226
891
86
772
111
167
1107
110
761
648
203
278
536
684
549
148
34
478
62
352
173
297
578
640
10
756
202
312
399
391
320
398
204
687
603
357
688
348
736
810
309
517
235
233
19
404
171
248
170
520
203
241
344
298
387
454
564
525
605
908
606
602
640
335
1113
526
217
15
15
229
20
16
49
72
538
66
50
92
549
92
155
621
36
90
66
1065
151
165
136
222
198
74
12
362
15
230
25
18
19
95
149
55
123
133
133
194
323
107
84
105
83
261
19
11
75
170
78
13
65
25
22
293
77
56
87
136
157
182
150
90
78
13
199
49
26
216
20
24
27
185
229
172
110
66
142
182
87
91
53
109
65
47
151
176
123
146
885
984
1010
54
1232
1356
1438
1678
412
199
1951
972
1333
494
1533
660
1706
442
520
709
1302
2151
1028
820
196
962
721
467
36
180
31
167
191
132
31
279
288
196
881
246
681
385
427
358
1504
439
358
1000
533
678
901
688
386
1128
555
174
961
1185
496
764
35
57
554
414
354
123
447
217
24
198
622
582
318
241
390
372
427
365
412
454
345
738
630
310
877
520
203
324
22
640
871
523
557
242
142
90
201
128
272
222
434
322
398
450
479
541
257
639
611
576
535
383
576
826
644
975
184
521
143
198
21
28
209
41
45
115
63
843
88
72
173
53
112
535
85
50
131
161
108
173
816
55
186
192
295
182
336
13
55
195
41
41
21
30
157
296
388
57
190
137
103
369
195
44
112
102
159
227
102
370
129
97
263
187
138
159
209
168
92
77
185
205
18
262
82
25
31
342
45
29
98
304
87
153
67
139
73
147
67
168
142
147
251
170
94
133
130
245
14
20
284
120
16
18
130
174
23
204
89
92
284
60
379
96
76
57
118
93
79
111
112
79
77
70
109
129
146
97
131
136
1166
1168
1179
1412
375
543
632
18
472
363
172
653
284
1109
1378
756
394
183
596
288
584
1153
380
578
246
567
79
545
113
103
648
45
487
48
188
288
539
27
181
161
255
301
358
443
236
678
507
531
693
562
754
710
1101
968
647
416
201
277
627
337
1083
130
365
26
624
132
322
502
126
108
241
243
23
338
366
571
374
399
597
593
195
434
645
353
422
520
799
340
214
243
447
149
85
17
244
148
611
56
94
275
344
423
403
525
615
527
469
474
180
570
496
637
1288
591
739
907
494
468
587
190
233
111
99
98
159
52
124
116
86
50
35
30
40
55
739
60
136
119
83
119
99
139
227
329
398
288
552
375
189
274
379
150
128
101
169
238
48
69
149
19
17
16
132
13
19
81
86
112
116
101
79
104
139
202
111
230
239
150
171
271
254
179
385
64
68
57
80
183
28
180
118
24
17
15
32
133
57
97
95
129
167
288
190
251
302
203
367
342
214
237
279
160
186
98
91
66
24
16
77
31
430
16
129
52
26
61
92
67
51
155
119
273
109
118
103
146
167
83
214
109
