220
219
1843
2243
2922
9043
9403
14663
15495
16388
10646
120
17346
19966
57
21418
4202
2592
53
47
42
48
64
47
63
60
6628
12092
10602
18202
65
2330
14249
3233
9709
11170
21798
32932
22835
30615
4869
9436
35308
32221
115
146
101
80
94
84
58
45
47
55
43135
43285
8005
316
13739
5701
6205
5253
2485
2384
14145
2320
11373
1805
1350
11701
25067
1550
5103
40
52
42
56
45
39
45
49
33
44
31
9839
9832
6660
4856
11673
11302
3984
3195
5726
9991
18235
12003
32618
30080
34214
33
48
26
34
54
45
38
29
50
35
35
49
33
30968
24979
6108
744
14328
19076
40392
32063
2106
3139
9456
10775
12843
64
16809
15025
18253
69
60
57
93
56
69
62
73
56
9469
66
19371
2457
45
3226
6327
13595
12398
23475
22162
23161
32624
6619
30529
8061
34665
34206
4576
8134
80
130
79
55
61
46
46
1255
58
11124
70
92
45724
340
5338
47623
5347
6088
1589
2186
11560
14491
2753
2543
1706
11825
5888
46
65
34
33
40
29
39
34
31
32
38
11849
26855
102
10389
2324
9047
17474
11921
10650
2929
9471
4738
6453
5695
4274
9158
10341
26898
32720
37056
876
50
60
46
49
39
32
35
34
33
49
40
19532
35995
2909
58
36
16077
3749
13768
26348
18561
45584
29745
2010
2860
10600
10806
13371
70
2425
18213
11200
11045
78
69
65
114
49
51
50
53
63
53
3879
57
5207
17923
18830
11971
22905
32526
30852
23631
7630
32973
36294
45748
8467
4608
44964
35464
143
141
181
118
175
120
76
85
105
97
1708
8863
28518
252
7722
1152
2389
11241
6792
6658
2042
11964
5110
23010
14381
2068
127
11481
1702
6005
6779
10617
9799
92
140
136
94
222
135
164
140
108
88
120
12373
17283
8477
3163
11463
5940
3866
5091
6732
7528
9121
12167
20391
32928
32863
904
68
36396
69
101
78
65
89
59
79
37133
72
56
74
72
51
25742
3587
2737
16605
17872
49143
35253
