303
305
326
334
369
378
409
404
294
265
330
357
292
385
391
414
205
216
247
326
174
136
370
338
197
316
128
126
257
214
288
135
149
254
243
248
384
233
242
257
273
238
302
235
279
297
258
229
258
248
225
211
228
223
261
227
246
218
224
230
257
241
209
243
249
233
247
195
229
240
219
207
279
288
219
271
246
356
327
231
266
189
166
277
232
171
225
276
257
229
172
220
140
270
279
149
169
282
292
207
201
200
167
205
175
150
159
159
147
234
148
141
201
250
145
161
165
196
185
243
302
308
347
341
372
381
412
439
258
282
249
315
283
323
322
354
255
255
257
289
414
263
232
227
259
237
237
235
223
233
748
768
172
142
151
135
205
142
175
196
167
137
150
177
184
141
131
166
196
138
181
171
157
175
176
200
187
155
145
141
232
146
186
223
204
166
208
180
163
144
215
160
164
163
331
126
268
128
135
137
129
183
139
327
606
678
289
621
174
147
134
145
140
152
148
179
163
150
122
134
141
141
137
137
132
141
154
128
151
152
160
182
139
137
162
137
148
136
180
150
277
354
407
421
248
265
267
300
258
244
220
248
222
1043
1064
239
305
146
259
154
359
1422
203
354
495
239
1700
215
334
212
153
227
791
302
704
177
321
333
690
264
263
245
285
236
358
254
319
246
245
134
202
220
155
283
153
323
307
314
268
152
199
317
197
170
255
273
314
332
181
223
281
263
156
231
312
337
170
167
393
207
203
325
234
384
242
322
253
255
209
155
199
169
309
212
222
261
216
257
168
273
215
132
162
209
311
214
261
299
196
296
291
333
274
179
243
171
231
272
1600
1691
