55
71
94
89
56
52
51
59
46
41
43
55
31
51
49
41
51
35
51
59
42
36
76
55
40
86
61
42
37
77
41
43
53
56
34
57
43
46
46
40
35
47
49
41
66
54
50
33
44
45
44
50
48
56
49
47
72
43
60
67
37
44
57
41
44
56
39
36
52
56
50
36
44
41
44
43
61
50
48
37
43
54
42
37
56
35
47
50
38
37
54
43
34
50
42
42
44
42
48
38
61
46
41
48
43
40
34
58
35
44
47
47
37
45
44
71
53
55
35
44
64
66
51
72
30
73
50
61
41
40
33
48
34
41
48
40
61
42
36
43
76
45
36
44
33
53
31
52
58
52
41
31
38
40
46
42
34
43
38
33
44
50
41
31
37
44
38
41
38
46
41
50
45
55
48
49
60
40
48
40
42
74
37
39
72
66
41
76
38
72
40
66
42
60
40
62
57
71
51
41
46
65
45
36
57
46
40
39
62
51
57
39
37
42
44
61
42
59
62
59
40
51
45
65
68
48
49
42
61
38
38
41
44
68
39
72
45
65
55
35
109
84
64
73
51
51
69
79
62
44
58
58
55
90
70
353
348
55
390
35
71
53
42
79
98
85
52
46
83
53
62
32
56
64
93
33
49
94
53
33
62
45
35
53
44
66
53
71
40
53
54
214
62
44
227
54
44
66
92
65
53
61
78
44
54
80
47
91
61
83
75
97
61
56
112
131
100
47
58
65
54
56
70
64
60
78
56
101
60
48
67
63
48
61
59
49
56
78
61
45
58
53
57
81
117
64
61
80
54
63
54
78
78
50
53
84
50
100
55
55
