31
204
274
354
403
476
506
566
465
549
269
420
954
595
753
244
658
343
572
497
253
430
547
437
184
86
285
438
626
336
324
267
358
583
78
233
398
968
157
254
242
461
447
370
453
467
435
209
254
573
368
584
426
349
245
229
629
363
71
301
270
98
68
158
192
432
153
225
393
164
219
109
506
169
166
260
363
354
272
438
183
335
161
366
265
114
137
360
336
130
512
196
205
235
317
173
254
328
340
236
278
216
285
232
212
398
361
400
326
389
457
446
329
473
98
147
324
103
269
411
304
13
86
120
289
20
23
15
88
71
80
68
54
50
48
72
86
56
79
158
200
698
175
109
99
110
175
206
172
243
38
246
8
12
102
252
15
10
121
16
72
58
50
156
68
70
171
214
97
78
97
133
94
61
102
152
234
152
118
63
155
34
55
199
48
237
14
17
206
18
115
19
28
182
89
90
85
46
120
130
115
181
154
107
129
172
159
68
9
191
96
9
7
149
40
59
13
46
20
34
173
37
156
44
294
74
60
64
35
69
97
81
51
174
81
101
55
158
145
154
65
312
386
419
507
513
798
802
278
769
1063
633
816
828
775
317
262
721
458
554
434
485
313
556
15
32
281
230
87
62
60
69
318
636
694
150
213
201
657
195
288
317
260
210
497
439
473
253
406
234
397
433
240
258
235
235
263
335
86
629
324
110
78
162
418
390
167
205
183
205
110
183
459
237
321
170
204
414
276
433
312
200
162
118
378
122
265
431
147
505
422
141
244
256
349
266
197
272
219
389
177
284
232
286
338
251
331
365
406
326
377
464
457
527
230
250
190
283
103
241
544
110
6
55
67
75
10
10
115
29
427
38
51
105
116
49
52
48
87
134
63
164
135
186
200
175
237
143
228
131
159
279
21
60
18
20
105
61
27
30
123
195
54
102
122
71
74
70
76
91
114
155
118
93
222
157
72
12
33
173
7
215
24
127
18
120
226
55
211
53
83
65
61
273
29
41
193
48
83
76
116
178
108
125
119
135
20
83
8
149
13
36
154
15
16
116
166
182
42
67
132
78
101
77
37
118
57
34
54
57
78
44
279
188
89
199
162
77
70
146
273
380
568
573
365
508
957
980
723
1312
430
708
830
212
619
231
322
409
891
270
18
471
2019
157
529
548
225
275
294
599
27
1121
264
349
148
53
332
489
529
148
210
773
249
288
230
362
390
273
526
234
388
606
761
1817
1027
930
1084
1050
1776
183
1175
302
166
243
531
289
605
511
805
738
250
143
265
119
160
438
416
274
259
399
237
373
146
271
411
122
246
444
210
185
861
328
284
205
221
793
170
260
346
261
178
267
235
153
562
510
318
542
422
397
500
194
183
295
374
494
114
76
230
205
16
689
26
90
26
40
255
401
313
121
150
100
127
85
166
175
188
710
165
335
148
50
75
165
122
143
107
155
148
47
280
33
107
199
12
31
7
115
218
17
21
22
611
92
411
81
157
78
124
76
161
87
108
126
147
48
277
150
14
18
42
9
83
180
331
19
43
334
28
46
180
328
128
105
96
129
99
118
167
67
97
34
128
134
131
146
9
180
123
14
52
9
92
154
32
26
97
256
76
225
262
82
63
50
84
125
155
55
41
77
62
218
120
69
85
130
154
231
211
94
