2123
2800
58
3430
5444
31
9086
3675
9171
10214
35
8151
39
38
6945
43
29
58
54
65
141
8753
2024
131
13099
7335
7842
14218
18386
25391
23463
90
23417
121
1816
66
32
1073
34
31
108
39
35
39
7107
35
109
28885
54
83
28
42
36
6350
14551
29797
6584
36197
9731
10438
999
3177
2572
245
224
5514
35
79
54
48
54
35
31
35
17254
46
56
2253
71
64
61
2854
2741
10239
1557
8912
6095
874
13183
7974
2486
8957
3552
12134
4749
7089
7509
46
9112
3218
41
45
27
28
30
28
30
36
35
27
10492
29
35
25134
14733
7623
32081
36357
37130
50939
2343
3937
5329
3622
36
8357
9049
60
8060
35
49
41
10562
36
41
27
28
27
11027
4416
13456
8151
42
2041
61
5737
8758
14845
23339
18459
151
61
23353
49
1112
31
78
32
63
6568
34
6098
46
30
42
29190
1857
74
57
35
29543
62
44
2651
13510
40
9829
11017
32427
270
39861
263
6575
45
45
1274
40
36
39
30
28
58
3922
2878
10836
68
60
2709
49
64
61
6704
11503
19009
2075
2735
1695
8891
5804
909
5854
7293
11487
3641
8044
8820
7242
43
19710
41
39
32
41
35
29
34
32
35
29
3773
31
49
8335
9981
29202
15567
8286
40554
38926
53298
2441
4495
4543
8132
3948
9196
46
58
10687
41
46
38
46
56
46
72
38
9015
11609
3545
50
12457
87
8565
160
8976
6187
1609
19976
14469
24505
1539
73
1207
18296
24780
83
49
37
50
76
32
65
40
445
2731
29919
29490
43
8032
4122
59
5505
10372
41
94
53
37
15226
231
238
39539
12404
2615
47
45
54
60
38
32
33
40
38
1408
32
60
7316
2738
10896
7931
2510
67
81
2891
5315
7462
13179
9959
2914
5127
6766
34114
803
7831
2133
7258
9302
41
37
31
31
31
52
55
31
31
45
33
29
35
8572
9197
23198
27528
3867
15916
11023
32743
42687
53821
