292
296
324
332
337
343
401
426
284
283
277
285
309
352
387
384
190
214
256
258
196
285
153
159
155
194
154
166
171
182
191
243
153
412
414
153
180
172
185
204
189
157
228
229
148
160
256
172
153
176
170
165
244
258
215
205
155
182
224
310
189
223
189
224
153
158
166
171
147
175
232
223
246
255
145
192
156
161
162
171
219
223
202
153
153
170
172
240
143
145
200
185
216
174
228
227
162
159
162
209
207
157
154
168
154
176
223
200
160
202
147
157
165
215
175
167
189
181
169
153
315
333
333
343
326
346
357
527
263
294
305
293
288
313
374
356
298
266
267
305
335
329
304
249
278
264
259
332
291
268
278
234
262
275
238
311
262
276
302
243
246
262
240
255
270
244
223
239
247
232
230
244
286
270
258
263
237
273
292
245
228
251
230
221
242
250
212
240
221
242
210
211
209
233
224
237
211
231
226
226
210
243
222
247
217
218
222
232
258
222
212
305
223
244
313
218
223
207
219
243
245
193
176
199
191
201
188
198
225
186
193
209
194
206
219
189
185
201
192
238
362
336
376
407
413
516
264
669
318
350
749
346
290
468
257
330
328
338
368
337
266
479
351
513
259
288
235
390
306
274
280
283
338
347
367
375
343
254
359
285
347
275
362
278
263
351
294
372
163
252
288
258
264
151
138
358
162
355
154
264
268
268
165
176
362
251
151
152
169
261
304
170
311
257
150
273
138
221
239
310
293
396
318
215
250
220
209
625
258
568
220
294
268
215
222
217
289
235
262
235
280
181
235
228
216
243
281
197
271
307
217
222
254
262
206
232
267
261
265
321
