75
70
78
44
67
52
41
45
53
38
36
39
56
56
47
46
46
66
42
35
37
39
35
60
44
38
42
48
49
43
52
45
57
39
53
52
40
46
55
79
51
73
41
49
35
62
87
40
52
67
49
61
57
50
37
53
52
59
60
58
60
35
41
45
41
64
71
49
40
35
38
48
41
45
60
54
80
85
76
51
51
42
45
35
41
45
49
51
39
48
34
51
37
37
60
52
35
43
46
51
49
45
45
58
53
59
37
60
37
63
39
43
38
56
47
47
33
34
44
37
59
51
50
45
55
41
48
44
38
51
44
88
39
51
45
43
40
42
48
43
55
47
49
50
65
41
44
46
57
43
91
46
44
46
43
43
46
40
47
43
43
52
42
42
46
47
48
44
43
45
46
46
47
44
43
52
56
40
47
50
45
84
49
70
57
43
58
48
51
49
64
64
58
86
64
83
57
46
42
52
71
52
49
44
45
38
99
94
65
58
42
45
47
50
56
56
40
48
39
59
72
68
54
58
54
79
86
44
46
44
89
57
46
60
43
60
69
72
61
80
74
55
116
65
53
56
92
58
43
56
63
90
60
73
50
62
66
102
48
82
57
53
66
83
71
58
69
49
44
61
46
77
97
53
58
108
86
45
59
71
81
84
64
63
84
49
57
84
98
58
67
53
51
63
93
73
48
77
60
67
56
61
55
49
53
59
63
57
65
47
56
46
54
64
50
50
72
53
53
49
76
51
53
55
78
56
58
64
53
58
52
55
48
59
43
48
51
51
58
67
47
48
63
66
54
55
53
51
57
53
55
62
55
50
49
50
49
63
48
57
