2271
417
373
3121
3126
812
720
3387
375
501
842
385
778
437
351
432
640
246
264
358
2731
2755
2995
2945
3043
278
583
3097
350
816
309
2740
2468
409
2805
2844
2832
2646
289
421
411
912
803
833
956
792
813
241
481
337
393
703
714
464
803
448
417
788
401
318
901
609
765
464
508
460
450
792
460
496
366
2367
2605
898
609
583
750
761
657
790
800
695
380
430
439
357
491
498
496
519
544
589
648
638
624
586
2025
641
750
2135
866
885
643
631
2214
2350
2668
2671
1949
1914
2123
2199
2142
2149
1955
2039
1866
2194
2172
1815
2938
2007
2846
2872
678
482
552
405
2389
2824
759
5664
5824
5851
5865
532
3290
3408
3646
833
1160
771
800
942
6256
837
850
582
6536
2801
498
467
817
744
295
263
495
1218
2943
508
1315
350
2955
678
730
862
403
699
946
721
670
440
438
542
445
534
421
471
437
701
402
330
467
885
999
430
310
469
470
569
399
494
484
879
295
387
374
307
402
692
513
519
353
328
413
425
340
404
315
315
650
288
507
265
303
536
348
356
683
356
557
608
2440
2676
2336
2488
2207
2304
2318
1653
2433
1965
2003
1724
2169
2145
2254
2264
2262
2322
3623
3965
440
4132
4233
371
923
4678
4701
858
840
3114
3010
684
638
686
690
483
407
926
798
2617
3561
3544
741
541
812
833
542
658
3388
3433
289
650
415
711
739
510
430
638
5017
425
694
415
563
374
2244
1812
290
608
611
657
996
326
455
4078
1000
429
357
442
414
421
545
437
685
663
248
389
432
434
251
517
403
556
447
616
433
650
699
725
715
745
344
329
2523
2515
301
252
2644
2638
355
361
1869
337
2168
2295
471
908
2479
2505
1416
1218
1348
1392
2358
1229
2579
2584
1292
1266
1334
2585
2224
2494
2041
2024
7874
2170
2766
2246
2457
1837
2860
830
2939
3077
593
2428
2463
3085
646
570
739
505
903
581
350
753
729
504
378
679
405
471
441
404
709
725
627
1812
458
281
426
328
431
223
554
517
389
533
705
230
364
251
449
473
427
620
582
475
443
325
371
222
335
520
304
389
5461
5509
435
480
341
2156
374
499
354
2349
362
289
322
317
471
541
278
2289
2296
426
279
578
369
369
292
319
392
598
294
615
907
216
519
822
1088
380
378
576
597
2300
608
815
2665
2657
2650
2645
2639
1677
2688
2710
2691
2705
2162
2269
1903
2916
2964
1848
2091
2091
2026
2119
2271
417
373
3121
3126
812
720
3387
375
501
842
385
778
437
351
432
640
246
264
358
2731
2755
2995
2945
3043
278
583
3097
350
816
309
2740
2468
409
2805
2844
2832
2646
289
421
411
912
803
833
956
792
813
241
481
337
393
703
714
464
803
448
417
788
401
318
901
609
765
464
508
460
450
792
460
496
366
2367
2605
898
609
583
750
761
657
790
800
695
380
430
439
357
491
498
496
519
544
589
648
638
624
586
2025
641
750
2135
866
885
643
631
2214
2350
2668
2671
1949
1914
2123
2199
2142
2149
1955
2039
1866
2194
2172
1815
2938
2007
2846
2872
678
482
552
405
2389
2824
759
5664
5824
5851
5865
532
3290
3408
3646
833
1160
771
800
942
6256
837
850
582
6536
2801
498
467
817
744
295
263
495
1218
2943
508
1315
350
2955
678
730
862
403
699
946
721
670
440
438
542
445
534
421
471
437
701
402
330
467
885
999
430
310
469
470
569
399
494
484
879
295
387
374
307
402
692
513
519
353
328
413
425
340
404
315
315
650
288
507
265
303
536
348
356
683
356
557
608
2440
2676
2336
2488
2207
2304
2318
1653
2433
1965
2003
1724
2169
2145
2254
2264
2262
2322
3623
3965
440
4132
4233
371
923
4678
4701
858
840
3114
3010
684
638
686
690
483
407
926
798
2617
3561
3544
741
541
812
833
542
658
3388
3433
289
650
415
711
739
510
430
638
5017
425
694
415
563
374
2244
1812
290
608
611
657
996
326
455
4078
1000
429
357
442
414
421
545
437
685
663
248
389
432
434
251
517
403
556
447
616
433
650
699
725
715
745
344
329
2523
2515
301
252
2644
2638
355
361
1869
337
2168
2295
471
908
2479
2505
1416
1218
1348
1392
2358
1229
2579
2584
1292
1266
1334
2585
2224
2494
2041
2024
7874
2170
2766
2246
2457
1837
2860
830
2939
3077
593
2428
2463
3085
646
570
739
505
903
581
350
753
729
504
378
679
405
471
441
404
709
725
627
1812
458
281
426
328
431
223
554
517
389
533
705
230
364
251
449
473
427
620
582
475
443
325
371
222
335
520
304
389
5461
5509
435
480
341
2156
374
499
354
2349
362
289
322
317
471
541
278
2289
2296
426
279
578
369
369
292
319
392
598
294
615
907
216
519
822
1088
380
378
576
597
2300
608
815
2665
2657
2650
2645
2639
1677
2688
2710
2691
2705
2162
2269
1903
2916
2964
1848
2091
2091
2026
2119
2271
417
373
3121
3126
812
720
3387
375
501
842
385
778
437
351
432
640
246
264
358
2731
2755
2995
2945
3043
278
583
3097
350
816
309
2740
2468
409
2805
2844
2832
2646
289
421
411
912
803
833
956
792
813
241
481
337
393
703
714
464
803
448
417
788
401
318
901
609
765
464
508
460
450
792
460
496
366
2367
2605
898
609
583
750
761
657
790
800
695
380
430
439
357
491
498
496
519
544
589
648
638
624
586
2025
641
750
2135
866
885
643
631
2214
2350
2668
2671
1949
1914
2123
2199
2142
2149
1955
2039
1866
2194
2172
1815
2938
2007
2846
2872
678
482
552
405
2389
2824
759
5664
5824
5851
5865
532
3290
3408
3646
833
1160
771
800
942
6256
837
850
582
6536
2801
498
467
817
744
295
263
495
1218
2943
508
1315
350
2955
678
730
862
403
699
946
721
670
440
438
542
445
534
421
471
437
701
402
330
467
885
999
430
310
469
470
569
399
494
484
879
295
387
374
307
402
692
513
519
353
328
413
425
340
404
315
315
650
288
507
265
303
536
348
356
683
356
557
608
2440
2676
2336
2488
2207
2304
2318
1653
2433
1965
2003
1724
2169
2145
2254
2264
2262
2322
3623
3965
440
4132
4233
371
923
4678
4701
858
840
3114
3010
684
638
686
690
483
407
926
798
2617
3561
3544
741
541
812
833
542
658
3388
3433
289
650
415
711
739
510
430
638
5017
425
694
415
563
374
2244
1812
290
608
611
657
996
326
455
4078
1000
429
357
442
414
421
545
437
685
663
248
389
432
434
251
517
403
556
447
616
433
650
699
725
715
745
344
329
2523
2515
301
252
2644
2638
355
361
1869
337
2168
2295
471
908
2479
2505
1416
1218
1348
1392
2358
1229
2579
2584
1292
1266
1334
2585
2224
2494
2041
2024
7874
2170
2766
2246
2457
1837
2860
830
2939
3077
593
2428
2463
3085
646
570
739
505
903
581
350
753
729
504
378
679
405
471
441
404
709
725
627
1812
458
281
426
328
431
223
554
517
389
533
705
230
364
251
449
473
427
620
582
475
443
325
371
222
335
520
304
389
5461
5509
435
480
341
2156
374
499
354
2349
362
289
322
317
471
541
278
2289
2296
426
279
578
369
369
292
319
392
598
294
615
907
216
519
822
1088
380
378
576
597
2300
608
815
2665
2657
2650
2645
2639
1677
2688
2710
2691
2705
2162
2269
1903
2916
2964
1848
2091
2091
2026
2119
