303
429
281
293
225
512
311
322
334
332
233
243
295
116
161
313
180
486
496
477
306
456
231
116
220
385
243
274
296
287
212
277
262
129
184
247
288
248
194
240
238
360
137
152
369
156
252
333
185
196
145
182
210
138
122
330
143
101
188
195
123
225
228
116
145
155
144
441
361
312
110
330
221
119
292
190
328
225
187
169
122
226
173
258
238
176
265
233
134
220
204
101
177
121
257
303
253
163
221
272
195
229
233
336
343
298
180
173
220
114
178
164
144
121
136
190
151
287
218
363
210
208
253
238
195
349
263
282
183
284
228
384
296
308
116
315
315
441
448
150
153
223
137
196
160
227
203
219
218
128
256
234
239
281
133
352
335
158
123
199
323
198
133
214
106
184
201
232
375
273
107
182
202
217
172
173
129
95
236
131
260
210
163
180
153
166
144
209
232
224
107
112
171
136
366
183
93
141
155
148
259
229
219
589
136
109
195
126
142
189
240
129
165
152
224
145
96
144
154
192
168
116
254
140
141
150
123
187
144
210
175
201
105
164
180
372
161
521
342
449
181
264
277
100
336
350
137
403
404
163
422
90
397
316
175
151
269
188
272
214
254
137
874
325
502
180
189
146
138
121
218
229
336
109
392
105
122
161
132
111
771
1062
182
155
153
101
131
192
268
160
165
223
489
216
121
277
525
593
174
165
291
168
178
309
173
407
152
319
394
437
392
101
293
403
134
171
613
442
577
565
165
100
168
367
147
474
463
148
211
400
153
221
244
399
285
184
159
159
196
235
482
119
225
170
413
273
211
155
505
212
336
392
346
400
375
759
779
753
760
745
204
355
200
276
346
156
231
136
152
269
123
202
232
191
348
126
97
509
287
257
296
203
172
198
404
169
435
166
126
200
235
274
129
163
146
138
121
509
514
134
207
313
179
139
138
133
132
349
231
238
313
334
167
144
125
221
219
182
107
583
603
254
211
156
129
630
538
122
134
105
378
146
176
727
117
291
145
193
146
113
456
125
302
440
464
355
155
168
480
212
316
248
507
138
119
150
370
186
147
287
162
203
347
256
383
211
160
137
135
175
201
290
293
210
227
282
314
333
314
364
303
429
281
293
225
512
311
322
334
332
233
243
295
116
161
313
180
486
496
477
306
456
231
116
220
385
243
274
296
287
212
277
262
129
184
247
288
248
194
240
238
360
137
152
369
156
252
333
185
196
145
182
210
138
122
330
143
101
188
195
123
225
228
116
145
155
144
441
361
312
110
330
221
119
292
190
328
225
187
169
122
226
173
258
238
176
265
233
134
220
204
101
177
121
257
303
253
163
221
272
195
229
233
336
343
298
180
173
220
114
178
164
144
121
136
190
151
287
218
363
210
208
253
238
195
349
263
282
183
284
228
384
296
308
116
315
315
441
448
150
153
223
137
196
160
227
203
219
218
128
256
234
239
281
133
352
335
158
123
199
323
198
133
214
106
184
201
232
375
273
107
182
202
217
172
173
129
95
236
131
260
210
163
180
153
166
144
209
232
224
107
112
171
136
366
183
93
141
155
148
259
229
219
589
136
109
195
126
142
189
240
129
165
152
224
145
96
144
154
192
168
116
254
140
141
150
123
187
144
210
175
201
105
164
180
372
161
521
342
449
181
264
277
100
336
350
137
403
404
163
422
90
397
316
175
151
269
188
272
214
254
137
874
325
502
180
189
146
138
121
218
229
336
109
392
105
122
161
132
111
771
1062
182
155
153
101
131
192
268
160
165
223
489
216
121
277
525
593
174
165
291
168
178
309
173
407
152
319
394
437
392
101
293
403
134
171
613
442
577
565
165
100
168
367
147
474
463
148
211
400
153
221
244
399
285
184
159
159
196
235
482
119
225
170
413
273
211
155
505
212
336
392
346
400
375
759
779
753
760
745
204
355
200
276
346
156
231
136
152
269
123
202
232
191
348
126
97
509
287
257
296
203
172
198
404
169
435
166
126
200
235
274
129
163
146
138
121
509
514
134
207
313
179
139
138
133
132
349
231
238
313
334
167
144
125
221
219
182
107
583
603
254
211
156
129
630
538
122
134
105
378
146
176
727
117
291
145
193
146
113
456
125
302
440
464
355
155
168
480
212
316
248
507
138
119
150
370
186
147
287
162
203
347
256
383
211
160
137
135
175
201
290
293
210
227
282
314
333
314
364
303
429
281
293
225
512
311
322
334
332
233
243
295
116
161
313
180
486
496
477
306
456
231
116
220
385
243
274
296
287
212
277
262
129
184
247
288
248
194
240
238
360
137
152
369
156
252
333
185
196
145
182
210
138
122
330
143
101
188
195
123
225
228
116
145
155
144
441
361
312
110
330
221
119
292
190
328
225
187
169
122
226
173
258
238
176
265
233
134
220
204
101
177
121
257
303
253
163
221
272
195
229
233
336
343
298
180
173
220
114
178
164
144
121
136
190
151
287
218
363
210
208
253
238
195
349
263
282
183
284
228
384
296
308
116
315
315
441
448
150
153
223
137
196
160
227
203
219
218
128
256
234
239
281
133
352
335
158
123
199
323
198
133
214
106
184
201
232
375
273
107
182
202
217
172
173
129
95
236
131
260
210
163
180
153
166
144
209
232
224
107
112
171
136
366
183
93
141
155
148
259
229
219
589
136
109
195
126
142
189
240
129
165
152
224
145
96
144
154
192
168
116
254
140
141
150
123
187
144
210
175
201
105
164
180
372
161
521
342
449
181
264
277
100
336
350
137
403
404
163
422
90
397
316
175
151
269
188
272
214
254
137
874
325
502
180
189
146
138
121
218
229
336
109
392
105
122
161
132
111
771
1062
182
155
153
101
131
192
268
160
165
223
489
216
121
277
525
593
174
165
291
168
178
309
173
407
152
319
394
437
392
101
293
403
134
171
613
442
577
565
165
100
168
367
147
474
463
148
211
400
153
221
244
399
285
184
159
159
196
235
482
119
225
170
413
273
211
155
505
212
336
392
346
400
375
759
779
753
760
745
204
355
200
276
346
156
231
136
152
269
123
202
232
191
348
126
97
509
287
257
296
203
172
198
404
169
435
166
126
200
235
274
129
163
146
138
121
509
514
134
207
313
179
139
138
133
132
349
231
238
313
334
167
144
125
221
219
182
107
583
603
254
211
156
129
630
538
122
134
105
378
146
176
727
117
291
145
193
146
113
456
125
302
440
464
355
155
168
480
212
316
248
507
138
119
150
370
186
147
287
162
203
347
256
383
211
160
137
135
175
201
290
293
210
227
282
314
333
314
364
