129
153
225
92
306
307
305
336
332
340
336
344
344
344
342
357
375
391
389
404
410
401
436
436
461
206
538
192
418
565
234
310
410
287
307
302
338
308
314
229
331
349
703
309
307
318
265
312
161
515
186
771
40
45
207
799
17
424
177
371
204
39
37
180
190
853
865
882
276
251
215
216
523
256
316
166
345
252
482
1048
1055
140
227
286
448
408
422
633
323
1168
331
469
267
430
247
579
344
402
203
61
44
33
427
27
17
298
281
339
283
679
808
138
446
1019
68
192
337
912
36
12
299
843
455
249
115
327
447
795
809
109
107
779
534
994
1080
1912
986
661
206
1149
324
870
589
808
551
953
1058
1301
334
1299
760
417
1046
543
1223
1189
524
719
1406
173
606
776
692
701
906
664
1219
441
549
502
754
624
659
576
977
598
904
771
1044
790
757
1292
1144
733
1007
1020
991
758
911
442
1286
905
1316
1362
830
782
648
400
1441
593
445
405
1333
427
1368
1067
775
593
514
440
774
152
1236
846
978
233
665
1171
811
693
726
1108
1332
1227
688
626
1377
999
996
840
894
1047
906
1025
948
1085
1161
1082
1123
1459
252
265
290
289
288
296
300
305
314
309
302
318
332
340
348
331
365
383
375
388
394
414
418
414
428
433
446
461
467
472
469
483
216
472
222
212
211
206
561
548
228
212
195
268
236
324
307
282
618
333
204
166
294
296
223
279
223
409
191
266
360
166
328
187
319
270
428
427
241
417
430
625
497
224
621
317
223
393
157
496
121
429
293
551
121
259
355
396
420
322
501
471
1039
600
645
713
1070
1095
869
728
919
749
718
500
1280
926
548
472
538
640
410
821
813
544
1016
910
395
994
910
595
1143
419
567
1108
1277
632
926
728
898
737
1273
593
1292
1702
161
812
500
1278
1297
886
418
808
742
368
887
616
488
1656
772
978
758
739
996
800
1039
609
1122
1126
1246
813
758
843
315
833
1350
595
1379
412
557
1374
1264
901
529
460
987
611
1067
457
930
16
16
36
30
600
1191
1179
175
1218
30
949
857
29
1044
46
17
29
931
54
574
12
234
970
31
21
45
19
30
30
31
69
296
712
1180
1340
712
344
196
694
1253
263
254
356
386
360
746
956
895
938
1026
896
1161
1090
902
1003
971
988
1269
1369
1355
1416
291
274
310
305
326
327
339
352
368
376
380
392
421
442
457
454
157
469
470
479
136
189
199
525
518
203
281
561
232
655
233
169
704
694
286
755
246
779
419
816
409
220
337
825
133
841
234
393
424
348
401
360
270
460
316
1012
253
548
303
185
226
220
222
648
312
325
1168
714
1179
1186
495
315
189
326
231
1267
1293
261
281
390
533
332
285
448
286
387
429
242
1090
423
148
222
401
331
235
358
366
1003
267
448
846
277
176
322
189
374
360
141
1251
1399
1050
1075
361
359
393
508
640
1574
253
785
472
438
325
860
813
1308
920
1075
528
712
1317
602
1164
628
1135
636
637
679
687
335
1368
343
754
856
876
575
588
797
556
820
1073
914
613
1047
839
764
833
489
1183
812
1150
952
249
797
803
1300
843
1224
819
440
1446
561
584
1071
1212
426
779
563
952
1660
800
25
1518
26
1695
56
572
47
936
584
555
955
856
74
65
25
39
42
719
989
16
48
64
621
82
37
1411
61
31
50
56
73
149
1045
794
309
311
1417
783
302
313
1946
1377
475
898
1349
968
806
1079
1768
989
1132
1121
1135
1123
1058
1176
1126
1313
1624
282
289
288
352
374
362
378
378
407
402
438
443
425
446
453
179
450
468
185
494
210
522
557
182
546
570
576
604
200
264
219
289
663
686
230
328
209
261
357
301
391
280
365
347
264
828
801
292
287
189
291
226
266
919
267
302
996
567
367
464
358
1059
149
267
250
561
228
1101
364
407
1111
696
362
274
1080
1191
402
90
283
360
169
299
351
187
1305
480
269
174
215
179
140
322
430
430
371
642
204
290
192
316
227
331
1102
313
1078
196
237
721
362
481
632
970
1079
564
440
590
737
1180
438
544
1145
1018
1023
738
403
608
956
1053
632
586
615
865
668
1739
1193
1238
1099
235
736
735
236
375
780
938
1411
916
1632
534
599
636
613
1052
817
846
919
860
909
1183
1071
1038
2137
1367
1159
948
850
1392
893
1200
879
976
808
986
475
1012
1065
611
596
763
1418
470
709
767
729
1542
30
48
726
74
1227
35
17
42
49
32
1907
967
192
606
1161
744
126
121
130
83
37
43
206
19
1205
64
43
705
38
719
757
816
710
1474
414
376
408
890
283
945
1600
921
1588
868
1018
1012
920
934
1157
972
1134
1114
1044
1177
1242
1439
129
153
225
92
306
307
305
336
332
340
336
344
344
344
342
357
375
391
389
404
410
401
436
436
461
206
538
192
418
565
234
310
410
287
307
302
338
308
314
229
331
349
703
309
307
318
265
312
161
515
186
771
40
45
207
799
17
424
177
371
204
39
37
180
190
853
865
882
276
251
215
216
523
256
316
166
345
252
482
1048
1055
140
227
286
448
408
422
633
323
1168
331
469
267
430
247
579
344
402
203
61
44
33
427
27
17
298
281
339
283
679
808
138
446
1019
68
192
337
912
36
12
299
843
455
249
115
327
447
795
809
109
107
779
534
994
1080
1912
986
661
206
1149
324
870
589
808
551
953
1058
1301
334
1299
760
417
1046
543
1223
1189
524
719
1406
173
606
776
692
701
906
664
1219
441
549
502
754
624
659
576
977
598
904
771
1044
790
757
1292
1144
733
1007
1020
991
758
911
442
1286
905
1316
1362
830
782
648
400
1441
593
445
405
1333
427
1368
1067
775
593
514
440
774
152
1236
846
978
233
665
1171
811
693
726
1108
1332
1227
688
626
1377
999
996
840
894
1047
906
1025
948
1085
1161
1082
1123
1459
252
265
290
289
288
296
300
305
314
309
302
318
332
340
348
331
365
383
375
388
394
414
418
414
428
433
446
461
467
472
469
483
216
472
222
212
211
206
561
548
228
212
195
268
236
324
307
282
618
333
204
166
294
296
223
279
223
409
191
266
360
166
328
187
319
270
428
427
241
417
430
625
497
224
621
317
223
393
157
496
121
429
293
551
121
259
355
396
420
322
501
471
1039
600
645
713
1070
1095
869
728
919
749
718
500
1280
926
548
472
538
640
410
821
813
544
1016
910
395
994
910
595
1143
419
567
1108
1277
632
926
728
898
737
1273
593
1292
1702
161
812
500
1278
1297
886
418
808
742
368
887
616
488
1656
772
978
758
739
996
800
1039
609
1122
1126
1246
813
758
843
315
833
1350
595
1379
412
557
1374
1264
901
529
460
987
611
1067
457
930
16
16
36
30
600
1191
1179
175
1218
30
949
857
29
1044
46
17
29
931
54
574
12
234
970
31
21
45
19
30
30
31
69
296
712
1180
1340
712
344
196
694
1253
263
254
356
386
360
746
956
895
938
1026
896
1161
1090
902
1003
971
988
1269
1369
1355
1416
291
274
310
305
326
327
339
352
368
376
380
392
421
442
457
454
157
469
470
479
136
189
199
525
518
203
281
561
232
655
233
169
704
694
286
755
246
779
419
816
409
220
337
825
133
841
234
393
424
348
401
360
270
460
316
1012
253
548
303
185
226
220
222
648
312
325
1168
714
1179
1186
495
315
189
326
231
1267
1293
261
281
390
533
332
285
448
286
387
429
242
1090
423
148
222
401
331
235
358
366
1003
267
448
846
277
176
322
189
374
360
141
1251
1399
1050
1075
361
359
393
508
640
1574
253
785
472
438
325
860
813
1308
920
1075
528
712
1317
602
1164
628
1135
636
637
679
687
335
1368
343
754
856
876
575
588
797
556
820
1073
914
613
1047
839
764
833
489
1183
812
1150
952
249
797
803
1300
843
1224
819
440
1446
561
584
1071
1212
426
779
563
952
1660
800
25
1518
26
1695
56
572
47
936
584
555
955
856
74
65
25
39
42
719
989
16
48
64
621
82
37
1411
61
31
50
56
73
149
1045
794
309
311
1417
783
302
313
1946
1377
475
898
1349
968
806
1079
1768
989
1132
1121
1135
1123
1058
1176
1126
1313
1624
282
289
288
352
374
362
378
378
407
402
438
443
425
446
453
179
450
468
185
494
210
522
557
182
546
570
576
604
200
264
219
289
663
686
230
328
209
261
357
301
391
280
365
347
264
828
801
292
287
189
291
226
266
919
267
302
996
567
367
464
358
1059
149
267
250
561
228
1101
364
407
1111
696
362
274
1080
1191
402
90
283
360
169
299
351
187
1305
480
269
174
215
179
140
322
430
430
371
642
204
290
192
316
227
331
1102
313
1078
196
237
721
362
481
632
970
1079
564
440
590
737
1180
438
544
1145
1018
1023
738
403
608
956
1053
632
586
615
865
668
1739
1193
1238
1099
235
736
735
236
375
780
938
1411
916
1632
534
599
636
613
1052
817
846
919
860
909
1183
1071
1038
2137
1367
1159
948
850
1392
893
1200
879
976
808
986
475
1012
1065
611
596
763
1418
470
709
767
729
1542
30
48
726
74
1227
35
17
42
49
32
1907
967
192
606
1161
744
126
121
130
83
37
43
206
19
1205
64
43
705
38
719
757
816
710
1474
414
376
408
890
283
945
1600
921
1588
868
1018
1012
920
934
1157
972
1134
1114
1044
1177
1242
1439
129
153
225
92
306
307
305
336
332
340
336
344
344
344
342
357
375
391
389
404
410
401
436
436
461
206
538
192
418
565
234
310
410
287
307
302
338
308
314
229
331
349
703
309
307
318
265
312
161
515
186
771
40
45
207
799
17
424
177
371
204
39
37
180
190
853
865
882
276
251
215
216
523
256
316
166
345
252
482
1048
1055
140
227
286
448
408
422
633
323
1168
331
469
267
430
247
579
344
402
203
61
44
33
427
27
17
298
281
339
283
679
808
138
446
1019
68
192
337
912
36
12
299
843
455
249
115
327
447
795
809
109
107
779
534
994
1080
1912
986
661
206
1149
324
870
589
808
551
953
1058
1301
334
1299
760
417
1046
543
1223
1189
524
719
1406
173
606
776
692
701
906
664
1219
441
549
502
754
624
659
576
977
598
904
771
1044
790
757
1292
1144
733
1007
1020
991
758
911
442
1286
905
1316
1362
830
782
648
400
1441
593
445
405
1333
427
1368
1067
775
593
514
440
774
152
1236
846
978
233
665
1171
811
693
726
1108
1332
1227
688
626
1377
999
996
840
894
1047
906
1025
948
1085
1161
1082
1123
1459
252
265
290
289
288
296
300
305
314
309
302
318
332
340
348
331
365
383
375
388
394
414
418
414
428
433
446
461
467
472
469
483
216
472
222
212
211
206
561
548
228
212
195
268
236
324
307
282
618
333
204
166
294
296
223
279
223
409
191
266
360
166
328
187
319
270
428
427
241
417
430
625
497
224
621
317
223
393
157
496
121
429
293
551
121
259
355
396
420
322
501
471
1039
600
645
713
1070
1095
869
728
919
749
718
500
1280
926
548
472
538
640
410
821
813
544
1016
910
395
994
910
595
1143
419
567
1108
1277
632
926
728
898
737
1273
593
1292
1702
161
812
500
1278
1297
886
418
808
742
368
887
616
488
1656
772
978
758
739
996
800
1039
609
1122
1126
1246
813
758
843
315
833
1350
595
1379
412
557
1374
1264
901
529
460
987
611
1067
457
930
16
16
36
30
600
1191
1179
175
1218
30
949
857
29
1044
46
17
29
931
54
574
12
234
970
31
21
45
19
30
30
31
69
296
712
1180
1340
712
344
196
694
1253
263
254
356
386
360
746
956
895
938
1026
896
1161
1090
902
1003
971
988
1269
1369
1355
1416
291
274
310
305
326
327
339
352
368
376
380
392
421
442
457
454
157
469
470
479
136
189
199
525
518
203
281
561
232
655
233
169
704
694
286
755
246
779
419
816
409
220
337
825
133
841
234
393
424
348
401
360
270
460
316
1012
253
548
303
185
226
220
222
648
312
325
1168
714
1179
1186
495
315
189
326
231
1267
1293
261
281
390
533
332
285
448
286
387
429
242
1090
423
148
222
401
331
235
358
366
1003
267
448
846
277
176
322
189
374
360
141
1251
1399
1050
1075
361
359
393
508
640
1574
253
785
472
438
325
860
813
1308
920
1075
528
712
1317
602
1164
628
1135
636
637
679
687
335
1368
343
754
856
876
575
588
797
556
820
1073
914
613
1047
839
764
833
489
1183
812
1150
952
249
797
803
1300
843
1224
819
440
1446
561
584
1071
1212
426
779
563
952
1660
800
25
1518
26
1695
56
572
47
936
584
555
955
856
74
65
25
39
42
719
989
16
48
64
621
82
37
1411
61
31
50
56
73
149
1045
794
309
311
1417
783
302
313
1946
1377
475
898
1349
968
806
1079
1768
989
1132
1121
1135
1123
1058
1176
1126
1313
1624
282
289
288
352
374
362
378
378
407
402
438
443
425
446
453
179
450
468
185
494
210
522
557
182
546
570
576
604
200
264
219
289
663
686
230
328
209
261
357
301
391
280
365
347
264
828
801
292
287
189
291
226
266
919
267
302
996
567
367
464
358
1059
149
267
250
561
228
1101
364
407
1111
696
362
274
1080
1191
402
90
283
360
169
299
351
187
1305
480
269
174
215
179
140
322
430
430
371
642
204
290
192
316
227
331
1102
313
1078
196
237
721
362
481
632
970
1079
564
440
590
737
1180
438
544
1145
1018
1023
738
403
608
956
1053
632
586
615
865
668
1739
1193
1238
1099
235
736
735
236
375
780
938
1411
916
1632
534
599
636
613
1052
817
846
919
860
909
1183
1071
1038
2137
1367
1159
948
850
1392
893
1200
879
976
808
986
475
1012
1065
611
596
763
1418
470
709
767
729
1542
30
48
726
74
1227
35
17
42
49
32
1907
967
192
606
1161
744
126
121
130
83
37
43
206
19
1205
64
43
705
38
719
757
816
710
1474
414
376
408
890
283
945
1600
921
1588
868
1018
1012
920
934
1157
972
1134
1114
1044
1177
1242
1439
