297
322
427
439
125
1605
2128
2211
156
3395
3835
4736
5010
6695
6886
132
92
110
77
72
45
44
73
46
8479
223
209
9538
10229
10131
9973
12820
12968
10331
14747
61
63
92
15130
46
84
67
66
15637
53
59
13693
76
69
70
58
17520
12583
17919
20431
21583
17496
22289
49394
27923
49640
50120
48603
36205
73
32606
50572
92
71
124
63
99
140
75
38147
151
100
93
200
142
51383
51475
51298
51885
37672
172
26766
62089
78405
70049
67867
60604
30526
70903
58946
31588
26737
65811
78329
27137
28398
85508
73590
35648
31403
63717
87534
46249
41916
80185
97088
94472
86478
86747
105350
59086
106542
119325
150954
132115
282
762
1576
2326
208
3513
117
4502
4493
122
5079
5995
133
183
7078
9471
150
70
9777
76
54
82
120
59
88
85
10903
10931
11749
12483
12720
8554
122
13881
14070
14862
16973
17172
17502
96
1188
79
57
50
38
46
91
42
59
87
15038
20827
33454
33977
30330
33982
75
67
100
81
48088
49762
32714
38122
49377
49008
50749
51601
46594
42016
111
114
102
107
165
181
127
52040
81
52148
99
82
105
79
98
38447
52061
67408
64843
67761
41473
75419
23750
24566
28917
63134
56557
58320
58527
29190
68123
66752
68929
45696
45555
46566
79478
47446
91305
102440
62836
81197
115315
104490
83073
67754
88960
122902
143533
142903
729
886
896
890
895
1384
561
73
90
606
2871
2983
805
3650
762
394
4965
757
509
642
6446
12784
13101
13089
13247
13836
10256
14173
14178
14453
14571
15222
822
838
964
1983
756
772
758
757
752
4810
15060
15464
950
508
18999
357
268
21552
16552
2101
13132
37937
681
742
598
582
568
527
606
629
723
1153
844
48452
68342
68676
68664
68685
54494
50318
50583
67275
50717
68090
47695
69261
68322
69271
68352
68514
51481
55074
69816
2474
2390
85398
16116
71429
66622
17957
65089
69774
14555
19041
87720
87959
81993
77169
77601
21669
18368
23145
25250
55138
82893
58933
58930
119290
58934
126257
65519
69421
146716
89993
90951
152824
95486
149292
239
192
497
452
1892
2640
2836
3813
3844
5602
5639
7369
8958
9624
110
10858
10987
115
92
11268
57
11253
74
175
126
251
11562
92
102
12381
12363
12643
15331
167
13231
12170
14156
19131
146
20245
86
20600
143
66
65
135
64
84
67
65
71
1972
41055
41148
41240
32757
101
57
52
56
42157
31725
44404
43909
25550
44401
44964
44995
287
43632
120
62
45759
63
45833
74
99
92
178
36347
28314
169
157
99
85
86
116
30067
60781
61579
61566
56068
21210
55196
21857
40893
51790
42544
55334
31154
60743
76235
59270
32266
40940
88610
74458
50949
48007
49766
64499
66850
67285
70200
104244
106548
90779
131808
138705
111402
297
322
427
439
125
1605
2128
2211
156
3395
3835
4736
5010
6695
6886
132
92
110
77
72
45
44
73
46
8479
223
209
9538
10229
10131
9973
12820
12968
10331
14747
61
63
92
15130
46
84
67
66
15637
53
59
13693
76
69
70
58
17520
12583
17919
20431
21583
17496
22289
49394
27923
49640
50120
48603
36205
73
32606
50572
92
71
124
63
99
140
75
38147
151
100
93
200
142
51383
51475
51298
51885
37672
172
26766
62089
78405
70049
67867
60604
30526
70903
58946
31588
26737
65811
78329
27137
28398
85508
73590
35648
31403
63717
87534
46249
41916
80185
97088
94472
86478
86747
105350
59086
106542
119325
150954
132115
282
762
1576
2326
208
3513
117
4502
4493
122
5079
5995
133
183
7078
9471
150
70
9777
76
54
82
120
59
88
85
10903
10931
11749
12483
12720
8554
122
13881
14070
14862
16973
17172
17502
96
1188
79
57
50
38
46
91
42
59
87
15038
20827
33454
33977
30330
33982
75
67
100
81
48088
49762
32714
38122
49377
49008
50749
51601
46594
42016
111
114
102
107
165
181
127
52040
81
52148
99
82
105
79
98
38447
52061
67408
64843
67761
41473
75419
23750
24566
28917
63134
56557
58320
58527
29190
68123
66752
68929
45696
45555
46566
79478
47446
91305
102440
62836
81197
115315
104490
83073
67754
88960
122902
143533
142903
729
886
896
890
895
1384
561
73
90
606
2871
2983
805
3650
762
394
4965
757
509
642
6446
12784
13101
13089
13247
13836
10256
14173
14178
14453
14571
15222
822
838
964
1983
756
772
758
757
752
4810
15060
15464
950
508
18999
357
268
21552
16552
2101
13132
37937
681
742
598
582
568
527
606
629
723
1153
844
48452
68342
68676
68664
68685
54494
50318
50583
67275
50717
68090
47695
69261
68322
69271
68352
68514
51481
55074
69816
2474
2390
85398
16116
71429
66622
17957
65089
69774
14555
19041
87720
87959
81993
77169
77601
21669
18368
23145
25250
55138
82893
58933
58930
119290
58934
126257
65519
69421
146716
89993
90951
152824
95486
149292
239
192
497
452
1892
2640
2836
3813
3844
5602
5639
7369
8958
9624
110
10858
10987
115
92
11268
57
11253
74
175
126
251
11562
92
102
12381
12363
12643
15331
167
13231
12170
14156
19131
146
20245
86
20600
143
66
65
135
64
84
67
65
71
1972
41055
41148
41240
32757
101
57
52
56
42157
31725
44404
43909
25550
44401
44964
44995
287
43632
120
62
45759
63
45833
74
99
92
178
36347
28314
169
157
99
85
86
116
30067
60781
61579
61566
56068
21210
55196
21857
40893
51790
42544
55334
31154
60743
76235
59270
32266
40940
88610
74458
50949
48007
49766
64499
66850
67285
70200
104244
106548
90779
131808
138705
111402
297
322
427
439
125
1605
2128
2211
156
3395
3835
4736
5010
6695
6886
132
92
110
77
72
45
44
73
46
8479
223
209
9538
10229
10131
9973
12820
12968
10331
14747
61
63
92
15130
46
84
67
66
15637
53
59
13693
76
69
70
58
17520
12583
17919
20431
21583
17496
22289
49394
27923
49640
50120
48603
36205
73
32606
50572
92
71
124
63
99
140
75
38147
151
100
93
200
142
51383
51475
51298
51885
37672
172
26766
62089
78405
70049
67867
60604
30526
70903
58946
31588
26737
65811
78329
27137
28398
85508
73590
35648
31403
63717
87534
46249
41916
80185
97088
94472
86478
86747
105350
59086
106542
119325
150954
132115
282
762
1576
2326
208
3513
117
4502
4493
122
5079
5995
133
183
7078
9471
150
70
9777
76
54
82
120
59
88
85
10903
10931
11749
12483
12720
8554
122
13881
14070
14862
16973
17172
17502
96
1188
79
57
50
38
46
91
42
59
87
15038
20827
33454
33977
30330
33982
75
67
100
81
48088
49762
32714
38122
49377
49008
50749
51601
46594
42016
111
114
102
107
165
181
127
52040
81
52148
99
82
105
79
98
38447
52061
67408
64843
67761
41473
75419
23750
24566
28917
63134
56557
58320
58527
29190
68123
66752
68929
45696
45555
46566
79478
47446
91305
102440
62836
81197
115315
104490
83073
67754
88960
122902
143533
142903
729
886
896
890
895
1384
561
73
90
606
2871
2983
805
3650
762
394
4965
757
509
642
6446
12784
13101
13089
13247
13836
10256
14173
14178
14453
14571
15222
822
838
964
1983
756
772
758
757
752
4810
15060
15464
950
508
18999
357
268
21552
16552
2101
13132
37937
681
742
598
582
568
527
606
629
723
1153
844
48452
68342
68676
68664
68685
54494
50318
50583
67275
50717
68090
47695
69261
68322
69271
68352
68514
51481
55074
69816
2474
2390
85398
16116
71429
66622
17957
65089
69774
14555
19041
87720
87959
81993
77169
77601
21669
18368
23145
25250
55138
82893
58933
58930
119290
58934
126257
65519
69421
146716
89993
90951
152824
95486
149292
239
192
497
452
1892
2640
2836
3813
3844
5602
5639
7369
8958
9624
110
10858
10987
115
92
11268
57
11253
74
175
126
251
11562
92
102
12381
12363
12643
15331
167
13231
12170
14156
19131
146
20245
86
20600
143
66
65
135
64
84
67
65
71
1972
41055
41148
41240
32757
101
57
52
56
42157
31725
44404
43909
25550
44401
44964
44995
287
43632
120
62
45759
63
45833
74
99
92
178
36347
28314
169
157
99
85
86
116
30067
60781
61579
61566
56068
21210
55196
21857
40893
51790
42544
55334
31154
60743
76235
59270
32266
40940
88610
74458
50949
48007
49766
64499
66850
67285
70200
104244
106548
90779
131808
138705
111402
