479
499
525
531
533
537
545
550
579
587
598
606
622
633
650
659
683
724
753
789
802
825
832
871
936
967
426
966
425
430
457
558
620
561
472
1175
548
667
490
475
487
1328
1340
791
1355
1354
571
449
429
604
355
497
387
542
337
479
799
578
485
440
493
612
444
578
608
1973
2014
2043
412
440
443
462
417
484
424
449
484
573
462
2568
458
525
447
475
399
405
457
400
394
2720
2781
2719
503
2712
443
2743
2707
3118
2860
2700
2993
2907
3096
2879
2985
2912
2720
2711
2773
2570
2652
2907
2698
1980
2308
2543
2480
1937
2585
1966
499
520
527
531
526
554
560
569
578
573
595
601
617
614
644
671
664
730
734
746
746
756
770
770
772
341
389
481
531
502
547
525
594
401
684
658
708
621
576
569
1404
424
674
1467
795
911
780
485
512
1553
623
333
1590
364
1598
536
1612
1628
1661
1663
466
1694
618
462
380
358
472
336
384
420
544
454
2053
478
393
460
412
522
390
456
603
417
478
378
386
538
457
410
376
468
534
549
518
613
630
424
483
2648
2625
2637
2771
2648
2672
2826
2805
2877
2721
3256
3295
3242
3245
3156
3246
3231
3224
3658
3013
3109
2983
2954
588
793
787
951
986
1015
1037
1068
1060
1098
1147
1144
1153
1195
1231
1245
1230
1253
1275
1275
1281
1395
1464
1602
1680
1748
1790
1801
1857
1946
1960
2091
2091
2124
2220
1052
1286
1366
1251
1164
1131
1251
1009
1549
915
843
1127
1406
1852
619
953
639
822
1648
595
442
534
797
494
486
560
581
476
541
450
428
575
447
699
3449
2872
517
491
520
3289
3144
547
3111
3018
3108
567
3072
307
1368
1440
822
757
1060
1529
1577
821
393
4053
4078
4078
4626
4739
4668
4620
4873
4886
4839
4857
4783
4627
4733
4440
4591
4428
4469
4376
5294
4630
4529
4536
3833
3837
3861
3854
3614
1333
1366
1514
1575
1586
1612
1651
1665
1675
1679
1701
1714
1724
1754
1754
1764
1764
1807
1823
1909
1929
652
2031
2053
700
454
524
505
659
610
556
559
552
2828
2865
2869
2876
2900
2946
2973
2991
2979
704
3007
2983
3026
3037
1384
899
1296
1332
975
500
384
677
422
429
562
570
505
479
544
297
590
545
546
577
607
2119
396
420
2226
2232
2186
2155
2238
467
481
691
576
676
520
533
612
662
584
472
477
766
2841
465
2749
2941
2503
2930
2782
645
2643
2803
2783
2729
2788
2768
2774
2845
2837
3145
2541
2486
2432
2497
2241
2466
2321
2695
2511
2420
3065
3058
2730
479
499
525
531
533
537
545
550
579
587
598
606
622
633
650
659
683
724
753
789
802
825
832
871
936
967
426
966
425
430
457
558
620
561
472
1175
548
667
490
475
487
1328
1340
791
1355
1354
571
449
429
604
355
497
387
542
337
479
799
578
485
440
493
612
444
578
608
1973
2014
2043
412
440
443
462
417
484
424
449
484
573
462
2568
458
525
447
475
399
405
457
400
394
2720
2781
2719
503
2712
443
2743
2707
3118
2860
2700
2993
2907
3096
2879
2985
2912
2720
2711
2773
2570
2652
2907
2698
1980
2308
2543
2480
1937
2585
1966
499
520
527
531
526
554
560
569
578
573
595
601
617
614
644
671
664
730
734
746
746
756
770
770
772
341
389
481
531
502
547
525
594
401
684
658
708
621
576
569
1404
424
674
1467
795
911
780
485
512
1553
623
333
1590
364
1598
536
1612
1628
1661
1663
466
1694
618
462
380
358
472
336
384
420
544
454
2053
478
393
460
412
522
390
456
603
417
478
378
386
538
457
410
376
468
534
549
518
613
630
424
483
2648
2625
2637
2771
2648
2672
2826
2805
2877
2721
3256
3295
3242
3245
3156
3246
3231
3224
3658
3013
3109
2983
2954
588
793
787
951
986
1015
1037
1068
1060
1098
1147
1144
1153
1195
1231
1245
1230
1253
1275
1275
1281
1395
1464
1602
1680
1748
1790
1801
1857
1946
1960
2091
2091
2124
2220
1052
1286
1366
1251
1164
1131
1251
1009
1549
915
843
1127
1406
1852
619
953
639
822
1648
595
442
534
797
494
486
560
581
476
541
450
428
575
447
699
3449
2872
517
491
520
3289
3144
547
3111
3018
3108
567
3072
307
1368
1440
822
757
1060
1529
1577
821
393
4053
4078
4078
4626
4739
4668
4620
4873
4886
4839
4857
4783
4627
4733
4440
4591
4428
4469
4376
5294
4630
4529
4536
3833
3837
3861
3854
3614
1333
1366
1514
1575
1586
1612
1651
1665
1675
1679
1701
1714
1724
1754
1754
1764
1764
1807
1823
1909
1929
652
2031
2053
700
454
524
505
659
610
556
559
552
2828
2865
2869
2876
2900
2946
2973
2991
2979
704
3007
2983
3026
3037
1384
899
1296
1332
975
500
384
677
422
429
562
570
505
479
544
297
590
545
546
577
607
2119
396
420
2226
2232
2186
2155
2238
467
481
691
576
676
520
533
612
662
584
472
477
766
2841
465
2749
2941
2503
2930
2782
645
2643
2803
2783
2729
2788
2768
2774
2845
2837
3145
2541
2486
2432
2497
2241
2466
2321
2695
2511
2420
3065
3058
2730
479
499
525
531
533
537
545
550
579
587
598
606
622
633
650
659
683
724
753
789
802
825
832
871
936
967
426
966
425
430
457
558
620
561
472
1175
548
667
490
475
487
1328
1340
791
1355
1354
571
449
429
604
355
497
387
542
337
479
799
578
485
440
493
612
444
578
608
1973
2014
2043
412
440
443
462
417
484
424
449
484
573
462
2568
458
525
447
475
399
405
457
400
394
2720
2781
2719
503
2712
443
2743
2707
3118
2860
2700
2993
2907
3096
2879
2985
2912
2720
2711
2773
2570
2652
2907
2698
1980
2308
2543
2480
1937
2585
1966
499
520
527
531
526
554
560
569
578
573
595
601
617
614
644
671
664
730
734
746
746
756
770
770
772
341
389
481
531
502
547
525
594
401
684
658
708
621
576
569
1404
424
674
1467
795
911
780
485
512
1553
623
333
1590
364
1598
536
1612
1628
1661
1663
466
1694
618
462
380
358
472
336
384
420
544
454
2053
478
393
460
412
522
390
456
603
417
478
378
386
538
457
410
376
468
534
549
518
613
630
424
483
2648
2625
2637
2771
2648
2672
2826
2805
2877
2721
3256
3295
3242
3245
3156
3246
3231
3224
3658
3013
3109
2983
2954
588
793
787
951
986
1015
1037
1068
1060
1098
1147
1144
1153
1195
1231
1245
1230
1253
1275
1275
1281
1395
1464
1602
1680
1748
1790
1801
1857
1946
1960
2091
2091
2124
2220
1052
1286
1366
1251
1164
1131
1251
1009
1549
915
843
1127
1406
1852
619
953
639
822
1648
595
442
534
797
494
486
560
581
476
541
450
428
575
447
699
3449
2872
517
491
520
3289
3144
547
3111
3018
3108
567
3072
307
1368
1440
822
757
1060
1529
1577
821
393
4053
4078
4078
4626
4739
4668
4620
4873
4886
4839
4857
4783
4627
4733
4440
4591
4428
4469
4376
5294
4630
4529
4536
3833
3837
3861
3854
3614
1333
1366
1514
1575
1586
1612
1651
1665
1675
1679
1701
1714
1724
1754
1754
1764
1764
1807
1823
1909
1929
652
2031
2053
700
454
524
505
659
610
556
559
552
2828
2865
2869
2876
2900
2946
2973
2991
2979
704
3007
2983
3026
3037
1384
899
1296
1332
975
500
384
677
422
429
562
570
505
479
544
297
590
545
546
577
607
2119
396
420
2226
2232
2186
2155
2238
467
481
691
576
676
520
533
612
662
584
472
477
766
2841
465
2749
2941
2503
2930
2782
645
2643
2803
2783
2729
2788
2768
2774
2845
2837
3145
2541
2486
2432
2497
2241
2466
2321
2695
2511
2420
3065
3058
2730
