160
155
165
144
117
147
148
248
112
154
133
142
136
135
162
160
147
157
150
109
104
107
131
104
147
119
102
124
104
154
137
162
117
146
242
98
227
143
147
113
152
136
142
137
112
703
114
197
276
88
109
140
115
147
356
122
584
118
221
713
138
180
150
178
127
132
81
144
137
153
123
158
201
169
169
178
147
187
189
188
231
192
164
283
257
135
192
163
120
188
116
244
136
119
106
134
145
158
118
118
123
182
144
155
165
193
125
148
108
169
208
114
114
175
117
122
196
160
175
164
133
139
134
151
141
129
123
160
134
165
230
189
114
133
147
151
126
123
103
93
139
139
150
139
145
128
203
122
126
120
128
119
147
166
131
122
124
142
103
143
118
145
118
112
129
105
118
137
145
126
105
143
137
117
133
132
152
136
144
140
156
113
124
150
134
221
133
132
138
142
106
162
147
179
133
109
150
929
209
123
116
129
134
151
161
121
1128
137
1014
131
160
173
191
135
137
136
226
94
127
128
171
112
97
123
178
129
114
150
164
159
116
145
207
928
955
977
1181
1185
1172
1175
125
134
146
133
113
128
109
116
113
152
133
93
147
144
122
159
95
121
115
112
112
134
152
90
208
129
114
132
294
85
153
121
149
121
129
152
92
113
157
107
86
151
158
158
141
163
138
96
141
82
131
142
113
144
136
102
120
95
100
134
116
118
133
116
145
106
98
129
153
119
119
135
108
136
92
134
96
113
113
108
118
144
118
95
129
108
186
110
105
72
911
113
1664
141
107
95
144
122
118
94
150
153
187
132
181
115
135
134
125
154
252
112
143
113
141
150
181
126
723
786
200
203
158
152
145
139
108
161
133
209
125
199
198
174
168
206
128
136
114
126
153
140
182
170
161
110
187
106
104
195
106
199
124
131
143
221
122
184
100
130
157
161
152
162
134
172
113
150
159
146
219
177
250
108
137
174
973
147
129
214
132
132
375
177
111
106
184
161
103
138
220
107
169
113
85
238
179
110
138
174
87
238
120
140
129
200
215
119
200
90
136
178
103
193
124
170
177
205
122
196
138
153
197
258
117
150
167
180
195
210
185
196
256
1913
1838
1105
871
960
965
708
160
155
165
144
117
147
148
248
112
154
133
142
136
135
162
160
147
157
150
109
104
107
131
104
147
119
102
124
104
154
137
162
117
146
242
98
227
143
147
113
152
136
142
137
112
703
114
197
276
88
109
140
115
147
356
122
584
118
221
713
138
180
150
178
127
132
81
144
137
153
123
158
201
169
169
178
147
187
189
188
231
192
164
283
257
135
192
163
120
188
116
244
136
119
106
134
145
158
118
118
123
182
144
155
165
193
125
148
108
169
208
114
114
175
117
122
196
160
175
164
133
139
134
151
141
129
123
160
134
165
230
189
114
133
147
151
126
123
103
93
139
139
150
139
145
128
203
122
126
120
128
119
147
166
131
122
124
142
103
143
118
145
118
112
129
105
118
137
145
126
105
143
137
117
133
132
152
136
144
140
156
113
124
150
134
221
133
132
138
142
106
162
147
179
133
109
150
929
209
123
116
129
134
151
161
121
1128
137
1014
131
160
173
191
135
137
136
226
94
127
128
171
112
97
123
178
129
114
150
164
159
116
145
207
928
955
977
1181
1185
1172
1175
125
134
146
133
113
128
109
116
113
152
133
93
147
144
122
159
95
121
115
112
112
134
152
90
208
129
114
132
294
85
153
121
149
121
129
152
92
113
157
107
86
151
158
158
141
163
138
96
141
82
131
142
113
144
136
102
120
95
100
134
116
118
133
116
145
106
98
129
153
119
119
135
108
136
92
134
96
113
113
108
118
144
118
95
129
108
186
110
105
72
911
113
1664
141
107
95
144
122
118
94
150
153
187
132
181
115
135
134
125
154
252
112
143
113
141
150
181
126
723
786
200
203
158
152
145
139
108
161
133
209
125
199
198
174
168
206
128
136
114
126
153
140
182
170
161
110
187
106
104
195
106
199
124
131
143
221
122
184
100
130
157
161
152
162
134
172
113
150
159
146
219
177
250
108
137
174
973
147
129
214
132
132
375
177
111
106
184
161
103
138
220
107
169
113
85
238
179
110
138
174
87
238
120
140
129
200
215
119
200
90
136
178
103
193
124
170
177
205
122
196
138
153
197
258
117
150
167
180
195
210
185
196
256
1913
1838
1105
871
960
965
708
160
155
165
144
117
147
148
248
112
154
133
142
136
135
162
160
147
157
150
109
104
107
131
104
147
119
102
124
104
154
137
162
117
146
242
98
227
143
147
113
152
136
142
137
112
703
114
197
276
88
109
140
115
147
356
122
584
118
221
713
138
180
150
178
127
132
81
144
137
153
123
158
201
169
169
178
147
187
189
188
231
192
164
283
257
135
192
163
120
188
116
244
136
119
106
134
145
158
118
118
123
182
144
155
165
193
125
148
108
169
208
114
114
175
117
122
196
160
175
164
133
139
134
151
141
129
123
160
134
165
230
189
114
133
147
151
126
123
103
93
139
139
150
139
145
128
203
122
126
120
128
119
147
166
131
122
124
142
103
143
118
145
118
112
129
105
118
137
145
126
105
143
137
117
133
132
152
136
144
140
156
113
124
150
134
221
133
132
138
142
106
162
147
179
133
109
150
929
209
123
116
129
134
151
161
121
1128
137
1014
131
160
173
191
135
137
136
226
94
127
128
171
112
97
123
178
129
114
150
164
159
116
145
207
928
955
977
1181
1185
1172
1175
125
134
146
133
113
128
109
116
113
152
133
93
147
144
122
159
95
121
115
112
112
134
152
90
208
129
114
132
294
85
153
121
149
121
129
152
92
113
157
107
86
151
158
158
141
163
138
96
141
82
131
142
113
144
136
102
120
95
100
134
116
118
133
116
145
106
98
129
153
119
119
135
108
136
92
134
96
113
113
108
118
144
118
95
129
108
186
110
105
72
911
113
1664
141
107
95
144
122
118
94
150
153
187
132
181
115
135
134
125
154
252
112
143
113
141
150
181
126
723
786
200
203
158
152
145
139
108
161
133
209
125
199
198
174
168
206
128
136
114
126
153
140
182
170
161
110
187
106
104
195
106
199
124
131
143
221
122
184
100
130
157
161
152
162
134
172
113
150
159
146
219
177
250
108
137
174
973
147
129
214
132
132
375
177
111
106
184
161
103
138
220
107
169
113
85
238
179
110
138
174
87
238
120
140
129
200
215
119
200
90
136
178
103
193
124
170
177
205
122
196
138
153
197
258
117
150
167
180
195
210
185
196
256
1913
1838
1105
871
960
965
708
