192
231
241
267
270
298
301
311
319
332
333
341
331
346
368
366
364
402
397
400
408
419
421
425
442
454
452
456
454
215
133
484
498
529
227
209
557
567
233
403
212
242
277
329
233
346
303
336
392
309
274
277
299
328
739
181
269
179
348
376
332
156
191
223
246
388
269
215
452
188
380
274
151
286
506
235
353
319
480
600
201
225
235
264
188
307
343
355
767
421
749
1061
314
392
188
168
461
811
763
1126
810
260
1462
192
375
438
210
334
673
473
884
280
1346
633
600
1194
201
567
1074
1095
404
625
389
761
958
993
578
583
1034
671
551
1103
738
631
1107
1377
1252
290
1295
427
1341
450
976
713
949
477
1016
712
461
895
632
979
1127
738
1026
903
808
820
778
855
724
249
702
662
632
1177
1172
364
828
839
860
1056
518
541
587
661
839
949
589
956
1510
1580
740
582
686
88
85
111
88
781
538
29
635
64
39
50
82
1788
613
1043
12
52
45
582
66
942
34
32
76
645
26
909
47
49
315
687
232
1181
277
293
299
2020
1219
1312
275
768
1276
841
705
925
958
1026
1119
963
1120
1115
1014
1085
1234
1919
254
263
254
288
291
302
307
311
320
324
322
334
339
346
348
352
357
359
365
366
362
40
390
34
46
45
190
179
461
190
503
213
508
244
199
544
186
225
200
267
574
197
277
198
359
327
649
295
277
700
330
193
166
25
174
736
342
327
379
426
41
21
12
28
815
284
184
399
404
299
223
168
175
915
191
389
466
493
502
1002
242
319
220
174
165
146
232
495
252
356
13
605
302
16
458
233
23
11
365
481
1212
275
29
1225
285
230
720
618
791
293
287
376
118
240
249
314
871
144
167
462
59
175
466
313
607
453
97
96
328
646
1218
20
1000
535
481
26
654
667
987
898
505
589
1881
875
336
932
982
278
1343
1041
1054
639
899
1095
574
1281
651
592
641
299
475
377
491
1080
745
864
910
520
1843
582
708
847
578
1695
1020
935
904
668
1063
1045
987
1142
1093
1143
789
881
1148
816
417
1312
332
1364
858
886
578
514
689
1117
477
490
728
1578
577
850
955
1103
1065
886
855
577
660
774
857
182
297
281
686
1245
799
317
1568
312
809
1232
311
565
1496
997
921
980
933
776
939
974
735
1118
1183
1124
1224
1393
279
304
296
307
318
325
334
335
355
369
381
374
386
387
411
459
464
441
183
502
521
188
545
253
214
260
258
615
223
617
230
253
655
665
243
258
315
676
157
102
157
734
440
440
388
793
328
328
227
131
853
276
277
868
327
209
206
284
152
184
301
291
215
470
123
296
971
507
1008
521
215
288
209
279
474
344
464
1117
184
283
226
1162
1171
255
205
298
333
262
283
357
402
372
1367
252
234
309
317
416
293
340
299
395
406
404
913
495
276
1028
255
387
304
483
588
303
1027
910
181
595
1118
766
163
668
274
774
400
494
1021
1158
798
184
1082
596
1077
571
316
266
931
639
778
1408
371
1346
851
414
221
235
853
455
436
684
730
727
891
748
1760
1073
971
980
737
552
723
1001
1213
681
1203
1028
783
700
1248
731
772
696
1343
1285
874
884
1332
804
796
446
456
566
472
835
400
403
599
19
38
1130
34
704
55
60
52
69
70
728
75
68
115
88
66
929
22
792
586
37
43
34
40
29
931
161
566
785
823
868
309
1233
1284
824
748
727
916
1427
742
806
627
951
774
942
936
838
916
1080
982
1047
1092
1272
132
155
132
261
118
278
283
303
296
316
339
334
350
378
382
383
388
387
150
424
407
441
400
457
288
301
455
490
220
558
552
297
341
210
268
242
602
644
210
231
674
689
300
295
294
263
379
273
236
501
247
818
835
562
198
203
897
429
316
243
38
228
228
25
515
998
372
591
40
326
23
160
28
436
178
700
116
426
1058
379
176
283
364
317
301
241
736
533
413
118
517
248
186
197
188
251
270
731
92
68
1032
238
231
50
310
54
53
256
291
345
260
276
181
255
1527
409
190
963
248
422
441
957
159
69
17
361
406
1041
1275
340
32
1255
404
91
81
859
614
513
313
796
1129
733
939
1197
232
1088
607
698
476
514
617
319
744
815
842
990
799
1306
929
205
215
1478
711
811
1319
864
457
449
558
894
540
676
677
1114
869
693
949
1119
1006
1187
580
1198
928
1001
675
867
1147
782
891
1272
575
951
938
606
416
1427
1010
415
659
422
544
448
1076
767
801
157
668
1364
918
566
181
1096
572
1189
581
663
228
1260
298
1438
1113
667
760
751
872
1089
724
583
739
1004
930
812
1786
966
1004
1008
998
1119
1201
1222
192
231
241
267
270
298
301
311
319
332
333
341
331
346
368
366
364
402
397
400
408
419
421
425
442
454
452
456
454
215
133
484
498
529
227
209
557
567
233
403
212
242
277
329
233
346
303
336
392
309
274
277
299
328
739
181
269
179
348
376
332
156
191
223
246
388
269
215
452
188
380
274
151
286
506
235
353
319
480
600
201
225
235
264
188
307
343
355
767
421
749
1061
314
392
188
168
461
811
763
1126
810
260
1462
192
375
438
210
334
673
473
884
280
1346
633
600
1194
201
567
1074
1095
404
625
389
761
958
993
578
583
1034
671
551
1103
738
631
1107
1377
1252
290
1295
427
1341
450
976
713
949
477
1016
712
461
895
632
979
1127
738
1026
903
808
820
778
855
724
249
702
662
632
1177
1172
364
828
839
860
1056
518
541
587
661
839
949
589
956
1510
1580
740
582
686
88
85
111
88
781
538
29
635
64
39
50
82
1788
613
1043
12
52
45
582
66
942
34
32
76
645
26
909
47
49
315
687
232
1181
277
293
299
2020
1219
1312
275
768
1276
841
705
925
958
1026
1119
963
1120
1115
1014
1085
1234
1919
254
263
254
288
291
302
307
311
320
324
322
334
339
346
348
352
357
359
365
366
362
40
390
34
46
45
190
179
461
190
503
213
508
244
199
544
186
225
200
267
574
197
277
198
359
327
649
295
277
700
330
193
166
25
174
736
342
327
379
426
41
21
12
28
815
284
184
399
404
299
223
168
175
915
191
389
466
493
502
1002
242
319
220
174
165
146
232
495
252
356
13
605
302
16
458
233
23
11
365
481
1212
275
29
1225
285
230
720
618
791
293
287
376
118
240
249
314
871
144
167
462
59
175
466
313
607
453
97
96
328
646
1218
20
1000
535
481
26
654
667
987
898
505
589
1881
875
336
932
982
278
1343
1041
1054
639
899
1095
574
1281
651
592
641
299
475
377
491
1080
745
864
910
520
1843
582
708
847
578
1695
1020
935
904
668
1063
1045
987
1142
1093
1143
789
881
1148
816
417
1312
332
1364
858
886
578
514
689
1117
477
490
728
1578
577
850
955
1103
1065
886
855
577
660
774
857
182
297
281
686
1245
799
317
1568
312
809
1232
311
565
1496
997
921
980
933
776
939
974
735
1118
1183
1124
1224
1393
279
304
296
307
318
325
334
335
355
369
381
374
386
387
411
459
464
441
183
502
521
188
545
253
214
260
258
615
223
617
230
253
655
665
243
258
315
676
157
102
157
734
440
440
388
793
328
328
227
131
853
276
277
868
327
209
206
284
152
184
301
291
215
470
123
296
971
507
1008
521
215
288
209
279
474
344
464
1117
184
283
226
1162
1171
255
205
298
333
262
283
357
402
372
1367
252
234
309
317
416
293
340
299
395
406
404
913
495
276
1028
255
387
304
483
588
303
1027
910
181
595
1118
766
163
668
274
774
400
494
1021
1158
798
184
1082
596
1077
571
316
266
931
639
778
1408
371
1346
851
414
221
235
853
455
436
684
730
727
891
748
1760
1073
971
980
737
552
723
1001
1213
681
1203
1028
783
700
1248
731
772
696
1343
1285
874
884
1332
804
796
446
456
566
472
835
400
403
599
19
38
1130
34
704
55
60
52
69
70
728
75
68
115
88
66
929
22
792
586
37
43
34
40
29
931
161
566
785
823
868
309
1233
1284
824
748
727
916
1427
742
806
627
951
774
942
936
838
916
1080
982
1047
1092
1272
132
155
132
261
118
278
283
303
296
316
339
334
350
378
382
383
388
387
150
424
407
441
400
457
288
301
455
490
220
558
552
297
341
210
268
242
602
644
210
231
674
689
300
295
294
263
379
273
236
501
247
818
835
562
198
203
897
429
316
243
38
228
228
25
515
998
372
591
40
326
23
160
28
436
178
700
116
426
1058
379
176
283
364
317
301
241
736
533
413
118
517
248
186
197
188
251
270
731
92
68
1032
238
231
50
310
54
53
256
291
345
260
276
181
255
1527
409
190
963
248
422
441
957
159
69
17
361
406
1041
1275
340
32
1255
404
91
81
859
614
513
313
796
1129
733
939
1197
232
1088
607
698
476
514
617
319
744
815
842
990
799
1306
929
205
215
1478
711
811
1319
864
457
449
558
894
540
676
677
1114
869
693
949
1119
1006
1187
580
1198
928
1001
675
867
1147
782
891
1272
575
951
938
606
416
1427
1010
415
659
422
544
448
1076
767
801
157
668
1364
918
566
181
1096
572
1189
581
663
228
1260
298
1438
1113
667
760
751
872
1089
724
583
739
1004
930
812
1786
966
1004
1008
998
1119
1201
1222
192
231
241
267
270
298
301
311
319
332
333
341
331
346
368
366
364
402
397
400
408
419
421
425
442
454
452
456
454
215
133
484
498
529
227
209
557
567
233
403
212
242
277
329
233
346
303
336
392
309
274
277
299
328
739
181
269
179
348
376
332
156
191
223
246
388
269
215
452
188
380
274
151
286
506
235
353
319
480
600
201
225
235
264
188
307
343
355
767
421
749
1061
314
392
188
168
461
811
763
1126
810
260
1462
192
375
438
210
334
673
473
884
280
1346
633
600
1194
201
567
1074
1095
404
625
389
761
958
993
578
583
1034
671
551
1103
738
631
1107
1377
1252
290
1295
427
1341
450
976
713
949
477
1016
712
461
895
632
979
1127
738
1026
903
808
820
778
855
724
249
702
662
632
1177
1172
364
828
839
860
1056
518
541
587
661
839
949
589
956
1510
1580
740
582
686
88
85
111
88
781
538
29
635
64
39
50
82
1788
613
1043
12
52
45
582
66
942
34
32
76
645
26
909
47
49
315
687
232
1181
277
293
299
2020
1219
1312
275
768
1276
841
705
925
958
1026
1119
963
1120
1115
1014
1085
1234
1919
254
263
254
288
291
302
307
311
320
324
322
334
339
346
348
352
357
359
365
366
362
40
390
34
46
45
190
179
461
190
503
213
508
244
199
544
186
225
200
267
574
197
277
198
359
327
649
295
277
700
330
193
166
25
174
736
342
327
379
426
41
21
12
28
815
284
184
399
404
299
223
168
175
915
191
389
466
493
502
1002
242
319
220
174
165
146
232
495
252
356
13
605
302
16
458
233
23
11
365
481
1212
275
29
1225
285
230
720
618
791
293
287
376
118
240
249
314
871
144
167
462
59
175
466
313
607
453
97
96
328
646
1218
20
1000
535
481
26
654
667
987
898
505
589
1881
875
336
932
982
278
1343
1041
1054
639
899
1095
574
1281
651
592
641
299
475
377
491
1080
745
864
910
520
1843
582
708
847
578
1695
1020
935
904
668
1063
1045
987
1142
1093
1143
789
881
1148
816
417
1312
332
1364
858
886
578
514
689
1117
477
490
728
1578
577
850
955
1103
1065
886
855
577
660
774
857
182
297
281
686
1245
799
317
1568
312
809
1232
311
565
1496
997
921
980
933
776
939
974
735
1118
1183
1124
1224
1393
279
304
296
307
318
325
334
335
355
369
381
374
386
387
411
459
464
441
183
502
521
188
545
253
214
260
258
615
223
617
230
253
655
665
243
258
315
676
157
102
157
734
440
440
388
793
328
328
227
131
853
276
277
868
327
209
206
284
152
184
301
291
215
470
123
296
971
507
1008
521
215
288
209
279
474
344
464
1117
184
283
226
1162
1171
255
205
298
333
262
283
357
402
372
1367
252
234
309
317
416
293
340
299
395
406
404
913
495
276
1028
255
387
304
483
588
303
1027
910
181
595
1118
766
163
668
274
774
400
494
1021
1158
798
184
1082
596
1077
571
316
266
931
639
778
1408
371
1346
851
414
221
235
853
455
436
684
730
727
891
748
1760
1073
971
980
737
552
723
1001
1213
681
1203
1028
783
700
1248
731
772
696
1343
1285
874
884
1332
804
796
446
456
566
472
835
400
403
599
19
38
1130
34
704
55
60
52
69
70
728
75
68
115
88
66
929
22
792
586
37
43
34
40
29
931
161
566
785
823
868
309
1233
1284
824
748
727
916
1427
742
806
627
951
774
942
936
838
916
1080
982
1047
1092
1272
132
155
132
261
118
278
283
303
296
316
339
334
350
378
382
383
388
387
150
424
407
441
400
457
288
301
455
490
220
558
552
297
341
210
268
242
602
644
210
231
674
689
300
295
294
263
379
273
236
501
247
818
835
562
198
203
897
429
316
243
38
228
228
25
515
998
372
591
40
326
23
160
28
436
178
700
116
426
1058
379
176
283
364
317
301
241
736
533
413
118
517
248
186
197
188
251
270
731
92
68
1032
238
231
50
310
54
53
256
291
345
260
276
181
255
1527
409
190
963
248
422
441
957
159
69
17
361
406
1041
1275
340
32
1255
404
91
81
859
614
513
313
796
1129
733
939
1197
232
1088
607
698
476
514
617
319
744
815
842
990
799
1306
929
205
215
1478
711
811
1319
864
457
449
558
894
540
676
677
1114
869
693
949
1119
1006
1187
580
1198
928
1001
675
867
1147
782
891
1272
575
951
938
606
416
1427
1010
415
659
422
544
448
1076
767
801
157
668
1364
918
566
181
1096
572
1189
581
663
228
1260
298
1438
1113
667
760
751
872
1089
724
583
739
1004
930
812
1786
966
1004
1008
998
1119
1201
1222
