315
694
707
729
735
132
1699
1889
3685
3719
4773
5118
70
193
5416
50
82
59
134
69
129
7081
7242
7318
6934
8743
9205
9552
81
10090
76
6882
155
96
12282
13061
13359
13863
15136
15983
16976
17260
95
17574
58
147
65
67
51
35
37
76
1013
11604
52153
42594
52803
52816
53044
37096
47
53138
135
96
134
53746
54021
54428
52051
54643
41255
61107
87
75
78
73
76
252
80
92
78
80
98
62
75
70572
59158
62592
64929
75508
93199
38396
91129
42107
95049
43251
42854
78668
83191
85111
84141
78474
111978
58182
59122
104721
104293
102754
115836
65156
68740
113027
124251
75938
77384
76618
77395
118702
123594
108301
297
294
260
265
322
310
310
58
87
79
78
77
62
57
77
1736
1815
2181
165
2853
4273
4847
5221
5859
6664
7178
86
5772
9727
9709
10539
12072
12465
12999
13598
28175
65
56
54
59
45
58
78
81
55
34545
34627
34727
34747
32334
35298
28027
51
28
38
38
56
29089
23299
35951
30878
36260
36739
36704
23802
36879
36928
36870
23608
29700
118
99
80
91
171
171
32
31
66
35
326
54
100
79881
79917
79955
40072
44050
44927
45764
45388
81374
71355
72207
47486
47638
46104
46712
47386
51492
84657
82402
75062
53554
107003
75757
75800
74153
98468
109427
75842
75274
73781
76010
107523
76223
38080
118656
147015
113031
530
536
535
571
457
650
1740
2352
2557
2686
3544
4049
4655
70
49
69
59
112
153
66
60
5743
6857
4584
8108
99
8437
7983
8545
10878
8807
10589
10839
12431
14950
126
15670
15922
122
16136
108
9990
1239
1183
17391
559
61
68
60
17524
55
18040
21241
616
121
58
56
10658
24906
38832
40600
25421
60347
60365
60391
55932
62592
59040
122
112
85
64
69
70
63222
65
63
41
77
58
70
53
23002
61037
63706
46227
285
258
64003
24160
92081
81706
82245
99778
59174
87397
100538
83648
37912
84457
42178
91207
94701
80963
86054
81412
91496
99531
41156
97344
97375
44671
75085
130259
128166
129875
125973
96273
73523
97647
192
218
311
314
329
313
403
1575
1968
2396
3206
3566
59
3908
135
352
5245
70
91
136
5262
103
111
79
66
6917
8108
8345
9743
10017
12040
12081
12278
168
11459
13331
13976
77
57
48
57
9844
93
83
68
112
226
15094
16708
13986
18062
18505
18661
98
72
69
70
20328
20920
20824
7708
33641
52574
32081
49392
40240
51701
51314
48320
53956
53954
56
63
122
120
106
103
102
41
85
93
60
34
73
32236
54660
55188
55988
55720
56343
42801
40354
58469
73865
71025
69098
25759
31654
33741
73738
77616
69649
35005
34069
66771
81811
76203
81860
80514
36623
38590
98278
61608
95203
96525
63628
115893
122355
125036
94027
315
694
707
729
735
132
1699
1889
3685
3719
4773
5118
70
193
5416
50
82
59
134
69
129
7081
7242
7318
6934
8743
9205
9552
81
10090
76
6882
155
96
12282
13061
13359
13863
15136
15983
16976
17260
95
17574
58
147
65
67
51
35
37
76
1013
11604
52153
42594
52803
52816
53044
37096
47
53138
135
96
134
53746
54021
54428
52051
54643
41255
61107
87
75
78
73
76
252
80
92
78
80
98
62
75
70572
59158
62592
64929
75508
93199
38396
91129
42107
95049
43251
42854
78668
83191
85111
84141
78474
111978
58182
59122
104721
104293
102754
115836
65156
68740
113027
124251
75938
77384
76618
77395
118702
123594
108301
297
294
260
265
322
310
310
58
87
79
78
77
62
57
77
1736
1815
2181
165
2853
4273
4847
5221
5859
6664
7178
86
5772
9727
9709
10539
12072
12465
12999
13598
28175
65
56
54
59
45
58
78
81
55
34545
34627
34727
34747
32334
35298
28027
51
28
38
38
56
29089
23299
35951
30878
36260
36739
36704
23802
36879
36928
36870
23608
29700
118
99
80
91
171
171
32
31
66
35
326
54
100
79881
79917
79955
40072
44050
44927
45764
45388
81374
71355
72207
47486
47638
46104
46712
47386
51492
84657
82402
75062
53554
107003
75757
75800
74153
98468
109427
75842
75274
73781
76010
107523
76223
38080
118656
147015
113031
530
536
535
571
457
650
1740
2352
2557
2686
3544
4049
4655
70
49
69
59
112
153
66
60
5743
6857
4584
8108
99
8437
7983
8545
10878
8807
10589
10839
12431
14950
126
15670
15922
122
16136
108
9990
1239
1183
17391
559
61
68
60
17524
55
18040
21241
616
121
58
56
10658
24906
38832
40600
25421
60347
60365
60391
55932
62592
59040
122
112
85
64
69
70
63222
65
63
41
77
58
70
53
23002
61037
63706
46227
285
258
64003
24160
92081
81706
82245
99778
59174
87397
100538
83648
37912
84457
42178
91207
94701
80963
86054
81412
91496
99531
41156
97344
97375
44671
75085
130259
128166
129875
125973
96273
73523
97647
192
218
311
314
329
313
403
1575
1968
2396
3206
3566
59
3908
135
352
5245
70
91
136
5262
103
111
79
66
6917
8108
8345
9743
10017
12040
12081
12278
168
11459
13331
13976
77
57
48
57
9844
93
83
68
112
226
15094
16708
13986
18062
18505
18661
98
72
69
70
20328
20920
20824
7708
33641
52574
32081
49392
40240
51701
51314
48320
53956
53954
56
63
122
120
106
103
102
41
85
93
60
34
73
32236
54660
55188
55988
55720
56343
42801
40354
58469
73865
71025
69098
25759
31654
33741
73738
77616
69649
35005
34069
66771
81811
76203
81860
80514
36623
38590
98278
61608
95203
96525
63628
115893
122355
125036
94027
315
694
707
729
735
132
1699
1889
3685
3719
4773
5118
70
193
5416
50
82
59
134
69
129
7081
7242
7318
6934
8743
9205
9552
81
10090
76
6882
155
96
12282
13061
13359
13863
15136
15983
16976
17260
95
17574
58
147
65
67
51
35
37
76
1013
11604
52153
42594
52803
52816
53044
37096
47
53138
135
96
134
53746
54021
54428
52051
54643
41255
61107
87
75
78
73
76
252
80
92
78
80
98
62
75
70572
59158
62592
64929
75508
93199
38396
91129
42107
95049
43251
42854
78668
83191
85111
84141
78474
111978
58182
59122
104721
104293
102754
115836
65156
68740
113027
124251
75938
77384
76618
77395
118702
123594
108301
297
294
260
265
322
310
310
58
87
79
78
77
62
57
77
1736
1815
2181
165
2853
4273
4847
5221
5859
6664
7178
86
5772
9727
9709
10539
12072
12465
12999
13598
28175
65
56
54
59
45
58
78
81
55
34545
34627
34727
34747
32334
35298
28027
51
28
38
38
56
29089
23299
35951
30878
36260
36739
36704
23802
36879
36928
36870
23608
29700
118
99
80
91
171
171
32
31
66
35
326
54
100
79881
79917
79955
40072
44050
44927
45764
45388
81374
71355
72207
47486
47638
46104
46712
47386
51492
84657
82402
75062
53554
107003
75757
75800
74153
98468
109427
75842
75274
73781
76010
107523
76223
38080
118656
147015
113031
530
536
535
571
457
650
1740
2352
2557
2686
3544
4049
4655
70
49
69
59
112
153
66
60
5743
6857
4584
8108
99
8437
7983
8545
10878
8807
10589
10839
12431
14950
126
15670
15922
122
16136
108
9990
1239
1183
17391
559
61
68
60
17524
55
18040
21241
616
121
58
56
10658
24906
38832
40600
25421
60347
60365
60391
55932
62592
59040
122
112
85
64
69
70
63222
65
63
41
77
58
70
53
23002
61037
63706
46227
285
258
64003
24160
92081
81706
82245
99778
59174
87397
100538
83648
37912
84457
42178
91207
94701
80963
86054
81412
91496
99531
41156
97344
97375
44671
75085
130259
128166
129875
125973
96273
73523
97647
192
218
311
314
329
313
403
1575
1968
2396
3206
3566
59
3908
135
352
5245
70
91
136
5262
103
111
79
66
6917
8108
8345
9743
10017
12040
12081
12278
168
11459
13331
13976
77
57
48
57
9844
93
83
68
112
226
15094
16708
13986
18062
18505
18661
98
72
69
70
20328
20920
20824
7708
33641
52574
32081
49392
40240
51701
51314
48320
53956
53954
56
63
122
120
106
103
102
41
85
93
60
34
73
32236
54660
55188
55988
55720
56343
42801
40354
58469
73865
71025
69098
25759
31654
33741
73738
77616
69649
35005
34069
66771
81811
76203
81860
80514
36623
38590
98278
61608
95203
96525
63628
115893
122355
125036
94027
