524
634
686
730
733
739
733
750
748
759
769
794
800
835
833
854
885
873
892
903
910
881
954
947
1001
1043
1065
571
491
744
625
687
634
725
1545
753
803
825
1606
784
1705
852
941
916
602
894
892
1954
747
702
1993
1994
542
501
630
2086
2089
2116
564
678
597
529
514
420
545
492
618
399
572
395
403
585
536
343
375
555
374
315
426
338
455
460
455
436
453
2476
383
541
417
413
451
565
494
637
504
3123
3079
3171
3140
3127
3118
3093
3013
3180
3103
3180
3322
3143
3190
3100
3671
3450
3640
3495
3596
3506
3510
3554
3316
3342
433
447
508
497
513
527
595
605
576
629
671
659
717
738
745
748
757
781
792
827
852
868
945
511
417
557
349
461
570
516
545
536
378
485
578
297
1990
1372
1298
1368
1353
430
1259
794
1240
729
2425
1203
1488
2449
2515
2529
2521
464
2576
2596
556
2628
2649
512
584
2698
433
400
404
492
573
450
449
427
387
425
588
3130
524
498
388
371
378
2958
467
385
475
435
480
587
480
625
506
4025
622
3574
3596
564
3396
3459
3330
3408
3344
3354
3621
3416
2738
3705
4063
4003
4007
4024
3937
3923
3851
4189
3826
3810
3902
3809
3454
3788
3670
3509
959
965
969
1053
1150
1467
1802
1813
1835
1860
1880
1877
1906
1978
1997
1923
2026
2040
1963
2189
2290
2311
2219
2365
2380
2508
2697
2798
2809
2797
2839
2915
1827
2013
2003
3374
2427
1528
1585
1729
1426
2021
1847
1817
1973
1823
1551
2065
3896
2572
1642
1618
1462
1645
4449
4516
3501
1766
1614
1606
1224
1395
1372
3453
1464
1430
3431
3348
1666
3361
3118
3223
3143
1600
2996
3125
1161
1118
1178
1153
429
793
1403
469
532
632
630
1109
658
3494
3402
3320
878
3284
767
890
792
795
704
956
3542
3810
3788
3853
3836
2195
4899
3934
3893
3702
3841
3870
3869
3860
3785
3853
3802
3601
3634
4214
835
1089
1094
1180
1240
1265
1277
1309
1329
1348
1377
1382
1403
1428
1452
1446
1586
1633
1663
1783
1987
2010
2155
2177
2197
2239
2291
2298
2381
2384
1374
1371
1508
1137
1221
1482
2908
2956
2998
3035
3092
3154
1128
976
1183
2788
1252
1107
1115
2708
1134
2724
2997
659
3144
743
2630
2791
3008
2307
2474
494
555
2300
2232
640
610
3262
3243
3183
3302
574
3274
1596
1659
1647
1588
1325
471
541
504
487
465
572
599
553
825
3921
614
613
613
602
2595
3039
3256
2951
1103
2695
522
617
584
622
3106
2945
3118
3914
3044
3116
3006
3022
2990
2972
2986
2900
2995
2805
2890
2792
2896
2899
524
634
686
730
733
739
733
750
748
759
769
794
800
835
833
854
885
873
892
903
910
881
954
947
1001
1043
1065
571
491
744
625
687
634
725
1545
753
803
825
1606
784
1705
852
941
916
602
894
892
1954
747
702
1993
1994
542
501
630
2086
2089
2116
564
678
597
529
514
420
545
492
618
399
572
395
403
585
536
343
375
555
374
315
426
338
455
460
455
436
453
2476
383
541
417
413
451
565
494
637
504
3123
3079
3171
3140
3127
3118
3093
3013
3180
3103
3180
3322
3143
3190
3100
3671
3450
3640
3495
3596
3506
3510
3554
3316
3342
433
447
508
497
513
527
595
605
576
629
671
659
717
738
745
748
757
781
792
827
852
868
945
511
417
557
349
461
570
516
545
536
378
485
578
297
1990
1372
1298
1368
1353
430
1259
794
1240
729
2425
1203
1488
2449
2515
2529
2521
464
2576
2596
556
2628
2649
512
584
2698
433
400
404
492
573
450
449
427
387
425
588
3130
524
498
388
371
378
2958
467
385
475
435
480
587
480
625
506
4025
622
3574
3596
564
3396
3459
3330
3408
3344
3354
3621
3416
2738
3705
4063
4003
4007
4024
3937
3923
3851
4189
3826
3810
3902
3809
3454
3788
3670
3509
959
965
969
1053
1150
1467
1802
1813
1835
1860
1880
1877
1906
1978
1997
1923
2026
2040
1963
2189
2290
2311
2219
2365
2380
2508
2697
2798
2809
2797
2839
2915
1827
2013
2003
3374
2427
1528
1585
1729
1426
2021
1847
1817
1973
1823
1551
2065
3896
2572
1642
1618
1462
1645
4449
4516
3501
1766
1614
1606
1224
1395
1372
3453
1464
1430
3431
3348
1666
3361
3118
3223
3143
1600
2996
3125
1161
1118
1178
1153
429
793
1403
469
532
632
630
1109
658
3494
3402
3320
878
3284
767
890
792
795
704
956
3542
3810
3788
3853
3836
2195
4899
3934
3893
3702
3841
3870
3869
3860
3785
3853
3802
3601
3634
4214
835
1089
1094
1180
1240
1265
1277
1309
1329
1348
1377
1382
1403
1428
1452
1446
1586
1633
1663
1783
1987
2010
2155
2177
2197
2239
2291
2298
2381
2384
1374
1371
1508
1137
1221
1482
2908
2956
2998
3035
3092
3154
1128
976
1183
2788
1252
1107
1115
2708
1134
2724
2997
659
3144
743
2630
2791
3008
2307
2474
494
555
2300
2232
640
610
3262
3243
3183
3302
574
3274
1596
1659
1647
1588
1325
471
541
504
487
465
572
599
553
825
3921
614
613
613
602
2595
3039
3256
2951
1103
2695
522
617
584
622
3106
2945
3118
3914
3044
3116
3006
3022
2990
2972
2986
2900
2995
2805
2890
2792
2896
2899
524
634
686
730
733
739
733
750
748
759
769
794
800
835
833
854
885
873
892
903
910
881
954
947
1001
1043
1065
571
491
744
625
687
634
725
1545
753
803
825
1606
784
1705
852
941
916
602
894
892
1954
747
702
1993
1994
542
501
630
2086
2089
2116
564
678
597
529
514
420
545
492
618
399
572
395
403
585
536
343
375
555
374
315
426
338
455
460
455
436
453
2476
383
541
417
413
451
565
494
637
504
3123
3079
3171
3140
3127
3118
3093
3013
3180
3103
3180
3322
3143
3190
3100
3671
3450
3640
3495
3596
3506
3510
3554
3316
3342
433
447
508
497
513
527
595
605
576
629
671
659
717
738
745
748
757
781
792
827
852
868
945
511
417
557
349
461
570
516
545
536
378
485
578
297
1990
1372
1298
1368
1353
430
1259
794
1240
729
2425
1203
1488
2449
2515
2529
2521
464
2576
2596
556
2628
2649
512
584
2698
433
400
404
492
573
450
449
427
387
425
588
3130
524
498
388
371
378
2958
467
385
475
435
480
587
480
625
506
4025
622
3574
3596
564
3396
3459
3330
3408
3344
3354
3621
3416
2738
3705
4063
4003
4007
4024
3937
3923
3851
4189
3826
3810
3902
3809
3454
3788
3670
3509
959
965
969
1053
1150
1467
1802
1813
1835
1860
1880
1877
1906
1978
1997
1923
2026
2040
1963
2189
2290
2311
2219
2365
2380
2508
2697
2798
2809
2797
2839
2915
1827
2013
2003
3374
2427
1528
1585
1729
1426
2021
1847
1817
1973
1823
1551
2065
3896
2572
1642
1618
1462
1645
4449
4516
3501
1766
1614
1606
1224
1395
1372
3453
1464
1430
3431
3348
1666
3361
3118
3223
3143
1600
2996
3125
1161
1118
1178
1153
429
793
1403
469
532
632
630
1109
658
3494
3402
3320
878
3284
767
890
792
795
704
956
3542
3810
3788
3853
3836
2195
4899
3934
3893
3702
3841
3870
3869
3860
3785
3853
3802
3601
3634
4214
835
1089
1094
1180
1240
1265
1277
1309
1329
1348
1377
1382
1403
1428
1452
1446
1586
1633
1663
1783
1987
2010
2155
2177
2197
2239
2291
2298
2381
2384
1374
1371
1508
1137
1221
1482
2908
2956
2998
3035
3092
3154
1128
976
1183
2788
1252
1107
1115
2708
1134
2724
2997
659
3144
743
2630
2791
3008
2307
2474
494
555
2300
2232
640
610
3262
3243
3183
3302
574
3274
1596
1659
1647
1588
1325
471
541
504
487
465
572
599
553
825
3921
614
613
613
602
2595
3039
3256
2951
1103
2695
522
617
584
622
3106
2945
3118
3914
3044
3116
3006
3022
2990
2972
2986
2900
2995
2805
2890
2792
2896
2899
