151
144
136
145
131
176
106
148
146
152
187
119
108
130
169
114
226
110
114
142
234
159
163
211
252
111
128
178
156
927
307
215
943
843
818
137
202
96
203
124
295
299
159
291
133
114
122
176
118
298
180
83
127
117
146
113
131
144
159
110
147
120
132
149
113
148
122
160
105
138
125
157
85
122
129
144
124
132
80
103
104
118
115
81
104
1589
96
1636
79
1512
1109
146
1042
937
111
93
88
116
127
119
148
242
799
747
810
623
909
693
1655
1637
1654
1521
1509
1436
1401
1411
1403
1356
1321
1251
156
117
178
102
165
155
189
136
136
94
167
93
114
203
204
428
231
200
311
529
163
126
892
139
151
133
337
327
506
113
146
112
162
178
128
121
156
146
96
137
130
133
115
129
122
154
116
126
162
95
119
123
120
145
137
117
117
110
140
184
119
118
126
114
81
114
137
1388
1278
118
105
1165
108
1123
155
119
1101
115
83
999
116
148
163
1159
527
875
484
460
416
452
134
116
99
141
146
132
152
123
2211
166
197
259
128
239
2154
2124
2093
2031
1986
1960
1711
1880
1671
1537
1505
1362
732
744
782
1349
255
360
392
350
379
383
294
346
331
210
728
132
122
129
161
534
154
385
1181
1097
1104
901
850
774
116
120
838
797
767
130
129
136
137
122
95
142
1363
1264
1270
774
1532
795
1466
1194
129
586
149
1602
580
615
110
123
102
126
134
148
160
119
1218
1141
1115
1017
127
164
680
172
687
100
643
666
274
116
130
144
140
137
112
115
152
1275
126
111
164
1244
118
1253
1202
737
137
2235
2936
1623
2012
1298
1649
463
1318
847
488
327
337
368
1206
1036
962
791
1812
2359
2323
2475
1940
1515
2025
1366
1336
2125
1625
1181
1207
1206
182
121
231
119
170
135
205
170
119
191
184
143
101
124
224
109
111
168
123
154
132
119
139
130
130
110
104
138
166
479
492
167
120
129
246
179
116
174
128
126
202
119
802
170
287
130
108
125
152
134
145
128
187
109
122
112
97
135
139
106
172
178
104
150
121
122
154
135
112
121
112
74
133
171
120
149
147
126
133
155
138
156
146
143
184
119
90
133
104
207
124
113
112
122
209
113
115
126
115
149
140
107
130
166
117
110
152
133
139
109
151
118
116
150
180
148
126
161
228
710
151
144
136
145
131
176
106
148
146
152
187
119
108
130
169
114
226
110
114
142
234
159
163
211
252
111
128
178
156
927
307
215
943
843
818
137
202
96
203
124
295
299
159
291
133
114
122
176
118
298
180
83
127
117
146
113
131
144
159
110
147
120
132
149
113
148
122
160
105
138
125
157
85
122
129
144
124
132
80
103
104
118
115
81
104
1589
96
1636
79
1512
1109
146
1042
937
111
93
88
116
127
119
148
242
799
747
810
623
909
693
1655
1637
1654
1521
1509
1436
1401
1411
1403
1356
1321
1251
156
117
178
102
165
155
189
136
136
94
167
93
114
203
204
428
231
200
311
529
163
126
892
139
151
133
337
327
506
113
146
112
162
178
128
121
156
146
96
137
130
133
115
129
122
154
116
126
162
95
119
123
120
145
137
117
117
110
140
184
119
118
126
114
81
114
137
1388
1278
118
105
1165
108
1123
155
119
1101
115
83
999
116
148
163
1159
527
875
484
460
416
452
134
116
99
141
146
132
152
123
2211
166
197
259
128
239
2154
2124
2093
2031
1986
1960
1711
1880
1671
1537
1505
1362
732
744
782
1349
255
360
392
350
379
383
294
346
331
210
728
132
122
129
161
534
154
385
1181
1097
1104
901
850
774
116
120
838
797
767
130
129
136
137
122
95
142
1363
1264
1270
774
1532
795
1466
1194
129
586
149
1602
580
615
110
123
102
126
134
148
160
119
1218
1141
1115
1017
127
164
680
172
687
100
643
666
274
116
130
144
140
137
112
115
152
1275
126
111
164
1244
118
1253
1202
737
137
2235
2936
1623
2012
1298
1649
463
1318
847
488
327
337
368
1206
1036
962
791
1812
2359
2323
2475
1940
1515
2025
1366
1336
2125
1625
1181
1207
1206
182
121
231
119
170
135
205
170
119
191
184
143
101
124
224
109
111
168
123
154
132
119
139
130
130
110
104
138
166
479
492
167
120
129
246
179
116
174
128
126
202
119
802
170
287
130
108
125
152
134
145
128
187
109
122
112
97
135
139
106
172
178
104
150
121
122
154
135
112
121
112
74
133
171
120
149
147
126
133
155
138
156
146
143
184
119
90
133
104
207
124
113
112
122
209
113
115
126
115
149
140
107
130
166
117
110
152
133
139
109
151
118
116
150
180
148
126
161
228
710
151
144
136
145
131
176
106
148
146
152
187
119
108
130
169
114
226
110
114
142
234
159
163
211
252
111
128
178
156
927
307
215
943
843
818
137
202
96
203
124
295
299
159
291
133
114
122
176
118
298
180
83
127
117
146
113
131
144
159
110
147
120
132
149
113
148
122
160
105
138
125
157
85
122
129
144
124
132
80
103
104
118
115
81
104
1589
96
1636
79
1512
1109
146
1042
937
111
93
88
116
127
119
148
242
799
747
810
623
909
693
1655
1637
1654
1521
1509
1436
1401
1411
1403
1356
1321
1251
156
117
178
102
165
155
189
136
136
94
167
93
114
203
204
428
231
200
311
529
163
126
892
139
151
133
337
327
506
113
146
112
162
178
128
121
156
146
96
137
130
133
115
129
122
154
116
126
162
95
119
123
120
145
137
117
117
110
140
184
119
118
126
114
81
114
137
1388
1278
118
105
1165
108
1123
155
119
1101
115
83
999
116
148
163
1159
527
875
484
460
416
452
134
116
99
141
146
132
152
123
2211
166
197
259
128
239
2154
2124
2093
2031
1986
1960
1711
1880
1671
1537
1505
1362
732
744
782
1349
255
360
392
350
379
383
294
346
331
210
728
132
122
129
161
534
154
385
1181
1097
1104
901
850
774
116
120
838
797
767
130
129
136
137
122
95
142
1363
1264
1270
774
1532
795
1466
1194
129
586
149
1602
580
615
110
123
102
126
134
148
160
119
1218
1141
1115
1017
127
164
680
172
687
100
643
666
274
116
130
144
140
137
112
115
152
1275
126
111
164
1244
118
1253
1202
737
137
2235
2936
1623
2012
1298
1649
463
1318
847
488
327
337
368
1206
1036
962
791
1812
2359
2323
2475
1940
1515
2025
1366
1336
2125
1625
1181
1207
1206
182
121
231
119
170
135
205
170
119
191
184
143
101
124
224
109
111
168
123
154
132
119
139
130
130
110
104
138
166
479
492
167
120
129
246
179
116
174
128
126
202
119
802
170
287
130
108
125
152
134
145
128
187
109
122
112
97
135
139
106
172
178
104
150
121
122
154
135
112
121
112
74
133
171
120
149
147
126
133
155
138
156
146
143
184
119
90
133
104
207
124
113
112
122
209
113
115
126
115
149
140
107
130
166
117
110
152
133
139
109
151
118
116
150
180
148
126
161
228
710
