206
218
258
268
274
278
285
303
307
336
360
360
367
373
382
384
374
383
397
410
450
454
241
446
187
479
504
509
289
527
276
285
557
558
566
183
604
612
630
266
265
239
365
371
391
161
262
332
742
383
273
417
315
268
333
414
221
351
192
484
170
188
381
361
370
244
279
931
549
304
239
247
519
395
362
251
1007
286
752
516
255
562
407
319
257
859
358
306
681
172
586
280
254
377
702
708
455
1001
291
241
191
583
789
800
380
1092
358
586
431
854
359
229
868
828
882
253
303
461
454
444
425
1065
1181
1074
507
1182
1090
561
1209
243
1174
817
1116
1113
1141
1153
617
535
222
279
623
657
467
600
319
841
442
1508
841
429
839
476
623
930
574
610
925
919
648
798
519
1119
813
723
951
1107
1225
1128
859
1039
1299
279
814
460
376
1294
1030
548
1252
855
598
597
666
997
588
13
25
906
12
15
901
928
633
913
62
59
51
15
22
36
24
601
35
16
57
874
12
630
23
705
45
34
43
688
1267
248
1880
253
753
1116
192
1209
289
832
838
1417
766
685
739
696
897
1106
1032
865
980
1106
1162
1200
1231
1416
140
162
165
239
106
278
282
302
310
303
323
335
337
340
367
392
377
405
427
455
463
449
470
487
499
148
515
528
190
288
546
392
558
292
184
296
472
177
336
683
437
183
337
220
244
294
200
812
176
119
504
309
241
135
293
125
281
836
32
358
237
34
892
188
243
71
582
80
72
415
424
686
991
1005
588
552
380
289
501
279
159
1108
172
327
269
248
334
852
290
276
240
238
28
213
25
187
16
166
233
181
44
315
242
65
147
13
531
1365
23
412
24
20
159
385
425
25
276
1077
194
379
845
319
124
400
359
316
401
1255
372
1025
216
185
271
272
909
363
902
452
962
379
257
729
919
1028
727
965
600
900
458
720
907
1047
1242
851
1156
653
633
516
540
594
650
1473
689
278
489
730
391
780
632
616
565
732
887
855
524
638
1012
880
1229
717
916
956
746
898
679
701
703
748
833
1154
1230
896
530
575
764
616
994
745
1482
511
562
993
952
1528
571
596
737
951
560
524
1017
1466
760
599
789
639
1813
908
1033
645
704
365
367
746
1047
1444
564
1398
775
766
797
848
887
1068
927
932
943
1067
1136
954
213
222
219
244
267
271
285
293
293
304
303
300
320
315
340
329
346
350
361
375
371
366
360
394
400
405
409
400
432
241
239
470
133
481
494
261
493
220
224
200
248
213
294
181
339
280
178
265
254
242
346
261
380
202
274
337
194
228
370
244
350
219
131
245
281
208
199
349
825
320
365
141
366
575
431
303
876
200
129
222
232
189
576
988
210
413
104
246
312
290
247
478
568
494
834
663
278
720
374
344
822
404
303
831
767
301
277
532
484
424
1239
338
769
802
719
820
972
972
1194
443
861
849
970
996
625
1194
1073
610
504
569
542
544
503
1156
1222
1175
268
412
861
659
1539
401
745
1113
666
452
871
665
703
714
900
1615
660
1058
869
1072
890
571
764
665
869
738
1113
1077
272
779
905
1362
1317
550
755
369
484
548
840
685
822
576
1635
923
706
1695
1093
877
84
77
815
78
95
801
16
732
735
15
24
1368
1027
635
44
48
47
43
43
969
34
45
77
62
59
826
705
272
133
125
327
1064
308
763
293
265
1043
1324
1268
408
900
420
813
850
875
686
775
1534
999
1098
1096
1048
938
1233
1135
1462
209
187
229
231
251
250
255
245
291
300
289
296
308
307
280
327
333
333
335
318
328
366
378
379
193
430
411
442
220
463
199
486
183
277
223
212
197
263
202
220
260
231
293
599
163
613
164
320
277
163
376
698
175
262
203
332
284
233
180
494
201
281
270
418
274
804
192
435
520
247
169
270
165
457
202
330
538
213
266
261
126
180
327
223
519
219
280
139
189
550
665
283
232
260
115
1216
259
127
1360
682
678
184
299
699
755
717
1205
494
1005
462
387
503
388
1640
895
469
943
636
338
570
940
399
751
515
1285
912
560
570
1022
899
1089
533
1023
1183
1308
606
640
1110
644
802
654
288
1261
728
434
623
393
1484
510
502
523
564
1702
484
625
899
872
897
640
1097
942
925
945
792
1088
258
991
1248
804
901
898
441
1349
799
631
578
869
432
548
699
544
650
909
1557
27
54
27
550
39
872
1501
35
21
1017
18
18
20
698
25
19
1148
180
26
948
30
25
8
20
228
25
24
1710
24
523
725
662
621
1122
574
187
1024
280
1128
825
1101
361
879
731
965
1017
840
993
998
923
962
952
1144
1114
1280
1397
206
218
258
268
274
278
285
303
307
336
360
360
367
373
382
384
374
383
397
410
450
454
241
446
187
479
504
509
289
527
276
285
557
558
566
183
604
612
630
266
265
239
365
371
391
161
262
332
742
383
273
417
315
268
333
414
221
351
192
484
170
188
381
361
370
244
279
931
549
304
239
247
519
395
362
251
1007
286
752
516
255
562
407
319
257
859
358
306
681
172
586
280
254
377
702
708
455
1001
291
241
191
583
789
800
380
1092
358
586
431
854
359
229
868
828
882
253
303
461
454
444
425
1065
1181
1074
507
1182
1090
561
1209
243
1174
817
1116
1113
1141
1153
617
535
222
279
623
657
467
600
319
841
442
1508
841
429
839
476
623
930
574
610
925
919
648
798
519
1119
813
723
951
1107
1225
1128
859
1039
1299
279
814
460
376
1294
1030
548
1252
855
598
597
666
997
588
13
25
906
12
15
901
928
633
913
62
59
51
15
22
36
24
601
35
16
57
874
12
630
23
705
45
34
43
688
1267
248
1880
253
753
1116
192
1209
289
832
838
1417
766
685
739
696
897
1106
1032
865
980
1106
1162
1200
1231
1416
140
162
165
239
106
278
282
302
310
303
323
335
337
340
367
392
377
405
427
455
463
449
470
487
499
148
515
528
190
288
546
392
558
292
184
296
472
177
336
683
437
183
337
220
244
294
200
812
176
119
504
309
241
135
293
125
281
836
32
358
237
34
892
188
243
71
582
80
72
415
424
686
991
1005
588
552
380
289
501
279
159
1108
172
327
269
248
334
852
290
276
240
238
28
213
25
187
16
166
233
181
44
315
242
65
147
13
531
1365
23
412
24
20
159
385
425
25
276
1077
194
379
845
319
124
400
359
316
401
1255
372
1025
216
185
271
272
909
363
902
452
962
379
257
729
919
1028
727
965
600
900
458
720
907
1047
1242
851
1156
653
633
516
540
594
650
1473
689
278
489
730
391
780
632
616
565
732
887
855
524
638
1012
880
1229
717
916
956
746
898
679
701
703
748
833
1154
1230
896
530
575
764
616
994
745
1482
511
562
993
952
1528
571
596
737
951
560
524
1017
1466
760
599
789
639
1813
908
1033
645
704
365
367
746
1047
1444
564
1398
775
766
797
848
887
1068
927
932
943
1067
1136
954
213
222
219
244
267
271
285
293
293
304
303
300
320
315
340
329
346
350
361
375
371
366
360
394
400
405
409
400
432
241
239
470
133
481
494
261
493
220
224
200
248
213
294
181
339
280
178
265
254
242
346
261
380
202
274
337
194
228
370
244
350
219
131
245
281
208
199
349
825
320
365
141
366
575
431
303
876
200
129
222
232
189
576
988
210
413
104
246
312
290
247
478
568
494
834
663
278
720
374
344
822
404
303
831
767
301
277
532
484
424
1239
338
769
802
719
820
972
972
1194
443
861
849
970
996
625
1194
1073
610
504
569
542
544
503
1156
1222
1175
268
412
861
659
1539
401
745
1113
666
452
871
665
703
714
900
1615
660
1058
869
1072
890
571
764
665
869
738
1113
1077
272
779
905
1362
1317
550
755
369
484
548
840
685
822
576
1635
923
706
1695
1093
877
84
77
815
78
95
801
16
732
735
15
24
1368
1027
635
44
48
47
43
43
969
34
45
77
62
59
826
705
272
133
125
327
1064
308
763
293
265
1043
1324
1268
408
900
420
813
850
875
686
775
1534
999
1098
1096
1048
938
1233
1135
1462
209
187
229
231
251
250
255
245
291
300
289
296
308
307
280
327
333
333
335
318
328
366
378
379
193
430
411
442
220
463
199
486
183
277
223
212
197
263
202
220
260
231
293
599
163
613
164
320
277
163
376
698
175
262
203
332
284
233
180
494
201
281
270
418
274
804
192
435
520
247
169
270
165
457
202
330
538
213
266
261
126
180
327
223
519
219
280
139
189
550
665
283
232
260
115
1216
259
127
1360
682
678
184
299
699
755
717
1205
494
1005
462
387
503
388
1640
895
469
943
636
338
570
940
399
751
515
1285
912
560
570
1022
899
1089
533
1023
1183
1308
606
640
1110
644
802
654
288
1261
728
434
623
393
1484
510
502
523
564
1702
484
625
899
872
897
640
1097
942
925
945
792
1088
258
991
1248
804
901
898
441
1349
799
631
578
869
432
548
699
544
650
909
1557
27
54
27
550
39
872
1501
35
21
1017
18
18
20
698
25
19
1148
180
26
948
30
25
8
20
228
25
24
1710
24
523
725
662
621
1122
574
187
1024
280
1128
825
1101
361
879
731
965
1017
840
993
998
923
962
952
1144
1114
1280
1397
206
218
258
268
274
278
285
303
307
336
360
360
367
373
382
384
374
383
397
410
450
454
241
446
187
479
504
509
289
527
276
285
557
558
566
183
604
612
630
266
265
239
365
371
391
161
262
332
742
383
273
417
315
268
333
414
221
351
192
484
170
188
381
361
370
244
279
931
549
304
239
247
519
395
362
251
1007
286
752
516
255
562
407
319
257
859
358
306
681
172
586
280
254
377
702
708
455
1001
291
241
191
583
789
800
380
1092
358
586
431
854
359
229
868
828
882
253
303
461
454
444
425
1065
1181
1074
507
1182
1090
561
1209
243
1174
817
1116
1113
1141
1153
617
535
222
279
623
657
467
600
319
841
442
1508
841
429
839
476
623
930
574
610
925
919
648
798
519
1119
813
723
951
1107
1225
1128
859
1039
1299
279
814
460
376
1294
1030
548
1252
855
598
597
666
997
588
13
25
906
12
15
901
928
633
913
62
59
51
15
22
36
24
601
35
16
57
874
12
630
23
705
45
34
43
688
1267
248
1880
253
753
1116
192
1209
289
832
838
1417
766
685
739
696
897
1106
1032
865
980
1106
1162
1200
1231
1416
140
162
165
239
106
278
282
302
310
303
323
335
337
340
367
392
377
405
427
455
463
449
470
487
499
148
515
528
190
288
546
392
558
292
184
296
472
177
336
683
437
183
337
220
244
294
200
812
176
119
504
309
241
135
293
125
281
836
32
358
237
34
892
188
243
71
582
80
72
415
424
686
991
1005
588
552
380
289
501
279
159
1108
172
327
269
248
334
852
290
276
240
238
28
213
25
187
16
166
233
181
44
315
242
65
147
13
531
1365
23
412
24
20
159
385
425
25
276
1077
194
379
845
319
124
400
359
316
401
1255
372
1025
216
185
271
272
909
363
902
452
962
379
257
729
919
1028
727
965
600
900
458
720
907
1047
1242
851
1156
653
633
516
540
594
650
1473
689
278
489
730
391
780
632
616
565
732
887
855
524
638
1012
880
1229
717
916
956
746
898
679
701
703
748
833
1154
1230
896
530
575
764
616
994
745
1482
511
562
993
952
1528
571
596
737
951
560
524
1017
1466
760
599
789
639
1813
908
1033
645
704
365
367
746
1047
1444
564
1398
775
766
797
848
887
1068
927
932
943
1067
1136
954
213
222
219
244
267
271
285
293
293
304
303
300
320
315
340
329
346
350
361
375
371
366
360
394
400
405
409
400
432
241
239
470
133
481
494
261
493
220
224
200
248
213
294
181
339
280
178
265
254
242
346
261
380
202
274
337
194
228
370
244
350
219
131
245
281
208
199
349
825
320
365
141
366
575
431
303
876
200
129
222
232
189
576
988
210
413
104
246
312
290
247
478
568
494
834
663
278
720
374
344
822
404
303
831
767
301
277
532
484
424
1239
338
769
802
719
820
972
972
1194
443
861
849
970
996
625
1194
1073
610
504
569
542
544
503
1156
1222
1175
268
412
861
659
1539
401
745
1113
666
452
871
665
703
714
900
1615
660
1058
869
1072
890
571
764
665
869
738
1113
1077
272
779
905
1362
1317
550
755
369
484
548
840
685
822
576
1635
923
706
1695
1093
877
84
77
815
78
95
801
16
732
735
15
24
1368
1027
635
44
48
47
43
43
969
34
45
77
62
59
826
705
272
133
125
327
1064
308
763
293
265
1043
1324
1268
408
900
420
813
850
875
686
775
1534
999
1098
1096
1048
938
1233
1135
1462
209
187
229
231
251
250
255
245
291
300
289
296
308
307
280
327
333
333
335
318
328
366
378
379
193
430
411
442
220
463
199
486
183
277
223
212
197
263
202
220
260
231
293
599
163
613
164
320
277
163
376
698
175
262
203
332
284
233
180
494
201
281
270
418
274
804
192
435
520
247
169
270
165
457
202
330
538
213
266
261
126
180
327
223
519
219
280
139
189
550
665
283
232
260
115
1216
259
127
1360
682
678
184
299
699
755
717
1205
494
1005
462
387
503
388
1640
895
469
943
636
338
570
940
399
751
515
1285
912
560
570
1022
899
1089
533
1023
1183
1308
606
640
1110
644
802
654
288
1261
728
434
623
393
1484
510
502
523
564
1702
484
625
899
872
897
640
1097
942
925
945
792
1088
258
991
1248
804
901
898
441
1349
799
631
578
869
432
548
699
544
650
909
1557
27
54
27
550
39
872
1501
35
21
1017
18
18
20
698
25
19
1148
180
26
948
30
25
8
20
228
25
24
1710
24
523
725
662
621
1122
574
187
1024
280
1128
825
1101
361
879
731
965
1017
840
993
998
923
962
952
1144
1114
1280
1397
