218
275
267
293
307
351
140
152
157
85
75
57
74
86
1911
3069
3044
4112
112
264
5161
5606
104
6165
49
6860
47
57
79
53
92
69
54
42
1306
8710
9110
123
11425
11438
11957
56
52
143
73
6622
14089
14897
15605
17724
10182
30437
31146
31371
31516
29619
16905
99
84
58
65
32162
65
91
32285
83
90
54
58
21012
58
65
57
32743
27231
49536
25153
24582
44671
23829
56129
56143
24972
20510
47979
25324
56905
57630
39922
21645
57787
52676
76102
90228
96080
65130
60304
81090
47282
80330
97625
40675
42814
85139
87119
43590
38661
85794
90812
67976
48194
109030
109480
73305
109771
56165
61516
117382
128458
90881
138
266
346
356
362
404
1553
1879
2168
71
111
201
141
110
109
74
56
3513
3595
4328
5461
165
6100
6172
6319
7828
8036
149
9681
10314
12688
14259
13878
13871
14256
87
78
85
120
14625
14627
426
399
273
272
64
104
98
87
44
55
16133
17506
11670
160
19538
16614
23223
31402
26815
44390
44545
29671
83
93
29955
44907
51
88
67
76
49
78
44791
46
76
100
113
113
35539
44136
50308
32524
40905
50607
51762
7497
52126
38040
37476
48472
53853
23820
68784
20708
44464
61934
70012
20773
70611
92925
92726
77699
72438
53316
47544
47685
49654
95043
54209
83012
88857
83835
94129
69162
104692
63568
61619
129826
99332
282
271
74
116
69
98
109
73
73
679
692
692
700
702
706
2131
2423
2823
3748
4221
4333
5066
6089
7361
7696
8566
9451
7245
12850
12996
89
10358
44
50
13318
257
270
76
85
59
75
13404
1546
15059
14826
16137
14832
23972
21565
9050
24154
133
57
58
10553
55
64
26109
43359
45176
29653
29233
46757
22887
55
78
94
73
69
48
104
34629
50
100
56
76
48
36110
59
47812
47093
41759
47962
233
380
47981
59481
83018
70289
71139
85227
61471
61635
88654
44665
41459
82054
59622
116424
119539
95853
120240
73465
105560
96037
112949
69180
120372
132095
85581
85747
126840
135170
139660
92031
113796
139261
92087
94653
109235
271
322
326
345
352
294
126
1696
1937
2521
101
3280
112
53
44
50
82
57
68
175
4368
4365
5434
123
6192
7039
8012
10047
10242
11276
12343
8307
12973
14603
15122
9144
15622
14728
41
17277
1234
17760
66
43
56
49
67
302
351
71
51
5579
26704
35175
45649
31827
56
57
68
58
48551
48628
49087
33895
41314
49470
49161
49432
50112
50246
48854
50596
50249
96
61
55
88
33443
85
50444
74
77
107
58
101
50416
57
75
176
41187
34103
72207
42648
39814
89426
86788
44177
92346
79647
42235
87003
42602
43514
85853
92918
72548
44148
92506
67774
70110
121866
78313
77271
77919
79416
78640
76485
116046
132773
130199
218
275
267
293
307
351
140
152
157
85
75
57
74
86
1911
3069
3044
4112
112
264
5161
5606
104
6165
49
6860
47
57
79
53
92
69
54
42
1306
8710
9110
123
11425
11438
11957
56
52
143
73
6622
14089
14897
15605
17724
10182
30437
31146
31371
31516
29619
16905
99
84
58
65
32162
65
91
32285
83
90
54
58
21012
58
65
57
32743
27231
49536
25153
24582
44671
23829
56129
56143
24972
20510
47979
25324
56905
57630
39922
21645
57787
52676
76102
90228
96080
65130
60304
81090
47282
80330
97625
40675
42814
85139
87119
43590
38661
85794
90812
67976
48194
109030
109480
73305
109771
56165
61516
117382
128458
90881
138
266
346
356
362
404
1553
1879
2168
71
111
201
141
110
109
74
56
3513
3595
4328
5461
165
6100
6172
6319
7828
8036
149
9681
10314
12688
14259
13878
13871
14256
87
78
85
120
14625
14627
426
399
273
272
64
104
98
87
44
55
16133
17506
11670
160
19538
16614
23223
31402
26815
44390
44545
29671
83
93
29955
44907
51
88
67
76
49
78
44791
46
76
100
113
113
35539
44136
50308
32524
40905
50607
51762
7497
52126
38040
37476
48472
53853
23820
68784
20708
44464
61934
70012
20773
70611
92925
92726
77699
72438
53316
47544
47685
49654
95043
54209
83012
88857
83835
94129
69162
104692
63568
61619
129826
99332
282
271
74
116
69
98
109
73
73
679
692
692
700
702
706
2131
2423
2823
3748
4221
4333
5066
6089
7361
7696
8566
9451
7245
12850
12996
89
10358
44
50
13318
257
270
76
85
59
75
13404
1546
15059
14826
16137
14832
23972
21565
9050
24154
133
57
58
10553
55
64
26109
43359
45176
29653
29233
46757
22887
55
78
94
73
69
48
104
34629
50
100
56
76
48
36110
59
47812
47093
41759
47962
233
380
47981
59481
83018
70289
71139
85227
61471
61635
88654
44665
41459
82054
59622
116424
119539
95853
120240
73465
105560
96037
112949
69180
120372
132095
85581
85747
126840
135170
139660
92031
113796
139261
92087
94653
109235
271
322
326
345
352
294
126
1696
1937
2521
101
3280
112
53
44
50
82
57
68
175
4368
4365
5434
123
6192
7039
8012
10047
10242
11276
12343
8307
12973
14603
15122
9144
15622
14728
41
17277
1234
17760
66
43
56
49
67
302
351
71
51
5579
26704
35175
45649
31827
56
57
68
58
48551
48628
49087
33895
41314
49470
49161
49432
50112
50246
48854
50596
50249
96
61
55
88
33443
85
50444
74
77
107
58
101
50416
57
75
176
41187
34103
72207
42648
39814
89426
86788
44177
92346
79647
42235
87003
42602
43514
85853
92918
72548
44148
92506
67774
70110
121866
78313
77271
77919
79416
78640
76485
116046
132773
130199
218
275
267
293
307
351
140
152
157
85
75
57
74
86
1911
3069
3044
4112
112
264
5161
5606
104
6165
49
6860
47
57
79
53
92
69
54
42
1306
8710
9110
123
11425
11438
11957
56
52
143
73
6622
14089
14897
15605
17724
10182
30437
31146
31371
31516
29619
16905
99
84
58
65
32162
65
91
32285
83
90
54
58
21012
58
65
57
32743
27231
49536
25153
24582
44671
23829
56129
56143
24972
20510
47979
25324
56905
57630
39922
21645
57787
52676
76102
90228
96080
65130
60304
81090
47282
80330
97625
40675
42814
85139
87119
43590
38661
85794
90812
67976
48194
109030
109480
73305
109771
56165
61516
117382
128458
90881
138
266
346
356
362
404
1553
1879
2168
71
111
201
141
110
109
74
56
3513
3595
4328
5461
165
6100
6172
6319
7828
8036
149
9681
10314
12688
14259
13878
13871
14256
87
78
85
120
14625
14627
426
399
273
272
64
104
98
87
44
55
16133
17506
11670
160
19538
16614
23223
31402
26815
44390
44545
29671
83
93
29955
44907
51
88
67
76
49
78
44791
46
76
100
113
113
35539
44136
50308
32524
40905
50607
51762
7497
52126
38040
37476
48472
53853
23820
68784
20708
44464
61934
70012
20773
70611
92925
92726
77699
72438
53316
47544
47685
49654
95043
54209
83012
88857
83835
94129
69162
104692
63568
61619
129826
99332
282
271
74
116
69
98
109
73
73
679
692
692
700
702
706
2131
2423
2823
3748
4221
4333
5066
6089
7361
7696
8566
9451
7245
12850
12996
89
10358
44
50
13318
257
270
76
85
59
75
13404
1546
15059
14826
16137
14832
23972
21565
9050
24154
133
57
58
10553
55
64
26109
43359
45176
29653
29233
46757
22887
55
78
94
73
69
48
104
34629
50
100
56
76
48
36110
59
47812
47093
41759
47962
233
380
47981
59481
83018
70289
71139
85227
61471
61635
88654
44665
41459
82054
59622
116424
119539
95853
120240
73465
105560
96037
112949
69180
120372
132095
85581
85747
126840
135170
139660
92031
113796
139261
92087
94653
109235
271
322
326
345
352
294
126
1696
1937
2521
101
3280
112
53
44
50
82
57
68
175
4368
4365
5434
123
6192
7039
8012
10047
10242
11276
12343
8307
12973
14603
15122
9144
15622
14728
41
17277
1234
17760
66
43
56
49
67
302
351
71
51
5579
26704
35175
45649
31827
56
57
68
58
48551
48628
49087
33895
41314
49470
49161
49432
50112
50246
48854
50596
50249
96
61
55
88
33443
85
50444
74
77
107
58
101
50416
57
75
176
41187
34103
72207
42648
39814
89426
86788
44177
92346
79647
42235
87003
42602
43514
85853
92918
72548
44148
92506
67774
70110
121866
78313
77271
77919
79416
78640
76485
116046
132773
130199
