464
478
574
689
751
809
813
807
868
857
441
463
970
1012
1012
274
1028
1098
1144
1176
1183
1202
346
1259
1247
215
1264
504
738
476
1329
1329
627
508
1478
1492
1492
558
1522
1535
55
25
292
647
558
40
705
43
308
597
410
1655
108
448
517
1780
646
631
405
872
676
588
348
324
360
433
1940
382
544
429
751
320
776
396
433
2126
893
2213
2222
1516
1100
345
453
1138
177
465
770
461
399
680
490
764
451
452
872
388
601
22
284
29
458
499
14
530
1089
346
289
27
33
342
328
783
576
360
2799
635
501
549
539
337
471
779
288
359
944
366
605
500
375
983
442
320
496
628
914
854
461
117
355
21
547
1367
390
782
968
16
369
24
1864
1578
369
35
297
62
330
333
353
546
1472
263
620
1898
76
509
585
335
264
750
571
292
623
278
543
353
413
433
597
621
754
258
539
293
1184
979
1395
843
55
504
1115
898
1109
247
1089
389
592
278
316
1038
910
1439
971
1384
385
947
1027
830
734
682
1636
611
730
1095
1092
1023
545
1068
1618
1194
607
236
518
368
1614
1990
823
740
613
564
524
620
760
556
877
798
885
769
1002
905
1101
1175
493
703
749
760
781
742
942
953
991
292
981
983
1088
1110
1118
1154
1157
1188
1217
1221
1280
581
314
1345
503
1408
1467
373
1508
746
679
1582
266
1465
624
698
555
634
1720
391
772
589
616
231
1799
320
917
271
1782
1919
701
593
706
1954
298
1815
294
1871
303
559
394
924
487
282
444
259
844
296
2119
725
283
262
246
564
2337
2235
912
246
770
227
274
323
667
584
797
1156
436
453
521
711
466
330
2044
278
395
265
307
1742
525
865
791
526
436
376
673
1610
593
830
250
461
544
344
373
470
385
393
746
275
318
563
716
350
392
607
392
291
1236
597
385
429
223
373
388
1337
289
727
562
285
719
1596
216
315
78
1614
390
368
352
450
2242
1909
626
336
899
421
592
869
784
461
388
493
901
747
688
704
1232
1098
659
1310
66
1199
891
386
1160
914
1118
1275
298
401
535
1359
476
474
1432
429
775
549
1205
21
505
513
47
16
27
28
15
36
24
36
41
494
34
722
45
36
49
43
45
38
25
36
731
664
1636
525
1122
556
506
987
1272
646
452
479
750
721
666
1160
1181
1037
564
661
766
639
892
1469
891
1122
1128
1749
1147
1152
476
483
481
692
705
242
818
832
864
860
909
845
941
962
483
985
987
493
1005
1010
1054
1068
414
233
1134
1137
400
1224
1217
350
1250
1283
1292
539
1322
1329
1341
520
237
394
464
114
282
300
513
504
544
378
190
1621
217
530
594
276
1645
507
690
30
1731
12
495
17
178
40
494
27
523
254
225
309
624
792
199
602
1144
703
1106
1084
1119
232
133
240
2072
779
2132
625
946
2188
517
48
631
31
134
479
355
16
569
18
1059
41
437
255
286
144
890
876
1487
443
1135
756
375
2556
371
351
859
1026
353
356
752
349
1392
815
682
600
292
315
1245
581
552
415
593
695
930
1644
372
912
273
1028
646
131
70
573
357
278
83
702
1018
69
75
486
1605
1905
611
504
662
194
1228
26
265
1314
341
362
803
519
512
585
982
585
279
928
667
583
858
1033
454
477
383
205
788
1829
30
538
554
788
1073
430
376
475
876
429
559
1171
1317
1395
862
686
820
500
328
2387
284
498
503
520
489
359
658
1110
500
937
1111
1159
1618
291
1749
781
225
913
344
753
610
386
433
497
417
414
804
1310
953
634
1998
902
2100
919
838
1311
1320
1112
1336
1347
435
722
736
708
779
929
857
879
901
915
925
908
915
921
326
952
351
954
1099
180
1013
1032
1191
453
1215
437
1272
1323
285
341
421
308
1460
507
1455
418
360
1492
1482
442
1490
1432
1567
333
1550
650
451
1581
216
472
307
288
307
529
1245
691
648
556
869
397
1857
518
805
199
378
474
987
340
379
179
430
633
354
2009
2073
272
762
291
458
584
133
524
481
2348
895
499
296
708
918
410
227
645
320
551
355
512
762
550
1281
754
1612
286
913
428
1272
394
474
543
533
757
1044
713
745
513
555
1745
443
260
2005
509
713
551
1818
1142
511
37
288
1755
735
1451
331
270
666
1391
500
883
340
459
616
824
346
760
539
448
419
788
465
416
497
840
59
692
467
351
279
2239
1069
559
1204
408
486
427
711
1331
1293
564
641
679
1127
645
1136
468
220
611
467
486
80
22
32
1650
1386
991
585
39
538
22
1133
497
57
511
518
61
33
57
1638
66
53
344
53
84
548
1252
103
426
85
92
598
123
487
146
131
711
560
1265
1436
599
771
1002
955
477
537
1004
2245
834
588
1524
1248
1714
490
984
1136
1086
290
518
1601
1650
280
373
218
236
464
478
574
689
751
809
813
807
868
857
441
463
970
1012
1012
274
1028
1098
1144
1176
1183
1202
346
1259
1247
215
1264
504
738
476
1329
1329
627
508
1478
1492
1492
558
1522
1535
55
25
292
647
558
40
705
43
308
597
410
1655
108
448
517
1780
646
631
405
872
676
588
348
324
360
433
1940
382
544
429
751
320
776
396
433
2126
893
2213
2222
1516
1100
345
453
1138
177
465
770
461
399
680
490
764
451
452
872
388
601
22
284
29
458
499
14
530
1089
346
289
27
33
342
328
783
576
360
2799
635
501
549
539
337
471
779
288
359
944
366
605
500
375
983
442
320
496
628
914
854
461
117
355
21
547
1367
390
782
968
16
369
24
1864
1578
369
35
297
62
330
333
353
546
1472
263
620
1898
76
509
585
335
264
750
571
292
623
278
543
353
413
433
597
621
754
258
539
293
1184
979
1395
843
55
504
1115
898
1109
247
1089
389
592
278
316
1038
910
1439
971
1384
385
947
1027
830
734
682
1636
611
730
1095
1092
1023
545
1068
1618
1194
607
236
518
368
1614
1990
823
740
613
564
524
620
760
556
877
798
885
769
1002
905
1101
1175
493
703
749
760
781
742
942
953
991
292
981
983
1088
1110
1118
1154
1157
1188
1217
1221
1280
581
314
1345
503
1408
1467
373
1508
746
679
1582
266
1465
624
698
555
634
1720
391
772
589
616
231
1799
320
917
271
1782
1919
701
593
706
1954
298
1815
294
1871
303
559
394
924
487
282
444
259
844
296
2119
725
283
262
246
564
2337
2235
912
246
770
227
274
323
667
584
797
1156
436
453
521
711
466
330
2044
278
395
265
307
1742
525
865
791
526
436
376
673
1610
593
830
250
461
544
344
373
470
385
393
746
275
318
563
716
350
392
607
392
291
1236
597
385
429
223
373
388
1337
289
727
562
285
719
1596
216
315
78
1614
390
368
352
450
2242
1909
626
336
899
421
592
869
784
461
388
493
901
747
688
704
1232
1098
659
1310
66
1199
891
386
1160
914
1118
1275
298
401
535
1359
476
474
1432
429
775
549
1205
21
505
513
47
16
27
28
15
36
24
36
41
494
34
722
45
36
49
43
45
38
25
36
731
664
1636
525
1122
556
506
987
1272
646
452
479
750
721
666
1160
1181
1037
564
661
766
639
892
1469
891
1122
1128
1749
1147
1152
476
483
481
692
705
242
818
832
864
860
909
845
941
962
483
985
987
493
1005
1010
1054
1068
414
233
1134
1137
400
1224
1217
350
1250
1283
1292
539
1322
1329
1341
520
237
394
464
114
282
300
513
504
544
378
190
1621
217
530
594
276
1645
507
690
30
1731
12
495
17
178
40
494
27
523
254
225
309
624
792
199
602
1144
703
1106
1084
1119
232
133
240
2072
779
2132
625
946
2188
517
48
631
31
134
479
355
16
569
18
1059
41
437
255
286
144
890
876
1487
443
1135
756
375
2556
371
351
859
1026
353
356
752
349
1392
815
682
600
292
315
1245
581
552
415
593
695
930
1644
372
912
273
1028
646
131
70
573
357
278
83
702
1018
69
75
486
1605
1905
611
504
662
194
1228
26
265
1314
341
362
803
519
512
585
982
585
279
928
667
583
858
1033
454
477
383
205
788
1829
30
538
554
788
1073
430
376
475
876
429
559
1171
1317
1395
862
686
820
500
328
2387
284
498
503
520
489
359
658
1110
500
937
1111
1159
1618
291
1749
781
225
913
344
753
610
386
433
497
417
414
804
1310
953
634
1998
902
2100
919
838
1311
1320
1112
1336
1347
435
722
736
708
779
929
857
879
901
915
925
908
915
921
326
952
351
954
1099
180
1013
1032
1191
453
1215
437
1272
1323
285
341
421
308
1460
507
1455
418
360
1492
1482
442
1490
1432
1567
333
1550
650
451
1581
216
472
307
288
307
529
1245
691
648
556
869
397
1857
518
805
199
378
474
987
340
379
179
430
633
354
2009
2073
272
762
291
458
584
133
524
481
2348
895
499
296
708
918
410
227
645
320
551
355
512
762
550
1281
754
1612
286
913
428
1272
394
474
543
533
757
1044
713
745
513
555
1745
443
260
2005
509
713
551
1818
1142
511
37
288
1755
735
1451
331
270
666
1391
500
883
340
459
616
824
346
760
539
448
419
788
465
416
497
840
59
692
467
351
279
2239
1069
559
1204
408
486
427
711
1331
1293
564
641
679
1127
645
1136
468
220
611
467
486
80
22
32
1650
1386
991
585
39
538
22
1133
497
57
511
518
61
33
57
1638
66
53
344
53
84
548
1252
103
426
85
92
598
123
487
146
131
711
560
1265
1436
599
771
1002
955
477
537
1004
2245
834
588
1524
1248
1714
490
984
1136
1086
290
518
1601
1650
280
373
218
236
464
478
574
689
751
809
813
807
868
857
441
463
970
1012
1012
274
1028
1098
1144
1176
1183
1202
346
1259
1247
215
1264
504
738
476
1329
1329
627
508
1478
1492
1492
558
1522
1535
55
25
292
647
558
40
705
43
308
597
410
1655
108
448
517
1780
646
631
405
872
676
588
348
324
360
433
1940
382
544
429
751
320
776
396
433
2126
893
2213
2222
1516
1100
345
453
1138
177
465
770
461
399
680
490
764
451
452
872
388
601
22
284
29
458
499
14
530
1089
346
289
27
33
342
328
783
576
360
2799
635
501
549
539
337
471
779
288
359
944
366
605
500
375
983
442
320
496
628
914
854
461
117
355
21
547
1367
390
782
968
16
369
24
1864
1578
369
35
297
62
330
333
353
546
1472
263
620
1898
76
509
585
335
264
750
571
292
623
278
543
353
413
433
597
621
754
258
539
293
1184
979
1395
843
55
504
1115
898
1109
247
1089
389
592
278
316
1038
910
1439
971
1384
385
947
1027
830
734
682
1636
611
730
1095
1092
1023
545
1068
1618
1194
607
236
518
368
1614
1990
823
740
613
564
524
620
760
556
877
798
885
769
1002
905
1101
1175
493
703
749
760
781
742
942
953
991
292
981
983
1088
1110
1118
1154
1157
1188
1217
1221
1280
581
314
1345
503
1408
1467
373
1508
746
679
1582
266
1465
624
698
555
634
1720
391
772
589
616
231
1799
320
917
271
1782
1919
701
593
706
1954
298
1815
294
1871
303
559
394
924
487
282
444
259
844
296
2119
725
283
262
246
564
2337
2235
912
246
770
227
274
323
667
584
797
1156
436
453
521
711
466
330
2044
278
395
265
307
1742
525
865
791
526
436
376
673
1610
593
830
250
461
544
344
373
470
385
393
746
275
318
563
716
350
392
607
392
291
1236
597
385
429
223
373
388
1337
289
727
562
285
719
1596
216
315
78
1614
390
368
352
450
2242
1909
626
336
899
421
592
869
784
461
388
493
901
747
688
704
1232
1098
659
1310
66
1199
891
386
1160
914
1118
1275
298
401
535
1359
476
474
1432
429
775
549
1205
21
505
513
47
16
27
28
15
36
24
36
41
494
34
722
45
36
49
43
45
38
25
36
731
664
1636
525
1122
556
506
987
1272
646
452
479
750
721
666
1160
1181
1037
564
661
766
639
892
1469
891
1122
1128
1749
1147
1152
476
483
481
692
705
242
818
832
864
860
909
845
941
962
483
985
987
493
1005
1010
1054
1068
414
233
1134
1137
400
1224
1217
350
1250
1283
1292
539
1322
1329
1341
520
237
394
464
114
282
300
513
504
544
378
190
1621
217
530
594
276
1645
507
690
30
1731
12
495
17
178
40
494
27
523
254
225
309
624
792
199
602
1144
703
1106
1084
1119
232
133
240
2072
779
2132
625
946
2188
517
48
631
31
134
479
355
16
569
18
1059
41
437
255
286
144
890
876
1487
443
1135
756
375
2556
371
351
859
1026
353
356
752
349
1392
815
682
600
292
315
1245
581
552
415
593
695
930
1644
372
912
273
1028
646
131
70
573
357
278
83
702
1018
69
75
486
1605
1905
611
504
662
194
1228
26
265
1314
341
362
803
519
512
585
982
585
279
928
667
583
858
1033
454
477
383
205
788
1829
30
538
554
788
1073
430
376
475
876
429
559
1171
1317
1395
862
686
820
500
328
2387
284
498
503
520
489
359
658
1110
500
937
1111
1159
1618
291
1749
781
225
913
344
753
610
386
433
497
417
414
804
1310
953
634
1998
902
2100
919
838
1311
1320
1112
1336
1347
435
722
736
708
779
929
857
879
901
915
925
908
915
921
326
952
351
954
1099
180
1013
1032
1191
453
1215
437
1272
1323
285
341
421
308
1460
507
1455
418
360
1492
1482
442
1490
1432
1567
333
1550
650
451
1581
216
472
307
288
307
529
1245
691
648
556
869
397
1857
518
805
199
378
474
987
340
379
179
430
633
354
2009
2073
272
762
291
458
584
133
524
481
2348
895
499
296
708
918
410
227
645
320
551
355
512
762
550
1281
754
1612
286
913
428
1272
394
474
543
533
757
1044
713
745
513
555
1745
443
260
2005
509
713
551
1818
1142
511
37
288
1755
735
1451
331
270
666
1391
500
883
340
459
616
824
346
760
539
448
419
788
465
416
497
840
59
692
467
351
279
2239
1069
559
1204
408
486
427
711
1331
1293
564
641
679
1127
645
1136
468
220
611
467
486
80
22
32
1650
1386
991
585
39
538
22
1133
497
57
511
518
61
33
57
1638
66
53
344
53
84
548
1252
103
426
85
92
598
123
487
146
131
711
560
1265
1436
599
771
1002
955
477
537
1004
2245
834
588
1524
1248
1714
490
984
1136
1086
290
518
1601
1650
280
373
218
236
