269
313
327
530
666
707
1069
97
192
153
108
95
113
89
76
2160
82
3031
3110
3671
4123
4494
2954
6407
7078
7190
6907
9323
9357
2236
10695
4973
11162
3308
13099
13336
14051
114
116
14362
84
14459
77
80
14828
14218
177
117
91
114
295
113
90
152
88
12008
160
97
16016
16250
89
94
87
108
82
7468
91
16952
113
96
91
108
12321
97
140
6429
58
18820
18901
19254
5497
19903
20884
4262
8281
22217
33430
32323
46835
22250
39721
31287
44485
22967
47559
47719
48048
31107
33500
37247
44585
38372
40060
33812
24941
47560
30002
49922
42455
34466
43883
55300
34910
39893
55560
43356
40889
47739
44368
54425
1049
1038
1043
1069
1240
1270
1257
2189
3230
4173
4689
3880
5414
4225
1179
84
102
2642
6882
107
66
85
60
138
158
82
7471
3653
8243
9754
9798
8787
9912
10576
9378
11642
11764
3496
72
12839
83
12950
98
118
80
154
11936
103
8485
55
66
118
57
76
82
238
44
164
276
15000
5680
12815
9332
16318
16794
94
70
73
70
75
82
80
85
114
79
64
27461
80
46
19164
35718
24039
35854
19542
35258
36530
24932
36523
36670
36690
23472
26431
27609
37435
22696
37938
26167
38097
24997
38211
34382
23251
26897
3344
34526
27811
28456
18881
12276
34987
33062
42482
50846
44931
44920
71583
58014
73098
50971
59865
507
480
503
769
351
931
2233
2516
2084
3587
3656
4717
4714
4328
3488
6356
6616
8720
9198
9844
10169
133
168
160
158
226
123
7706
119
9276
148
4519
157
12461
20870
19969
21072
16340
21052
16355
9684
16203
13915
21121
21115
15070
21128
21105
21107
21119
17473
21136
21073
21181
154
124
157
141
145
162
175
163
165
308
203
224
220
210
206
209
87
93
122
162
164
253
288
264
424
270
166
221
97
19142
19298
43737
19308
43899
44113
34284
31783
23175
35613
23563
23695
45135
24406
24684
45896
24398
36789
21722
46353
46450
22301
45124
45403
45254
45023
55098
45578
45972
63921
42477
45901
67305
55559
46771
82995
75721
357
488
467
97
127
126
102
81
74
848
86
152
2801
2978
3429
3592
4173
4741
4763
6455
224
8216
8371
8588
5300
9139
9521
7099
111
10287
78
116
74
104
87
103
132
78
11112
154
82
1771
123
94
79
81
163
12530
4467
12791
78
144
109
89
97
80
95
73
62
77
92
669
14645
109
5815
15127
11215
16300
17040
8624
17582
17692
14981
3700
18961
13455
218
19979
42928
20077
28027
20192
27628
28412
43060
32869
38655
40283
35193
31016
21012
44256
26780
44655
28498
22006
25980
45236
45206
36832
32657
33834
44455
45632
45886
46386
40706
3920
27533
1930
52440
41406
10985
12349
54113
65920
28794
48945
37922
45626
269
313
327
530
666
707
1069
97
192
153
108
95
113
89
76
2160
82
3031
3110
3671
4123
4494
2954
6407
7078
7190
6907
9323
9357
2236
10695
4973
11162
3308
13099
13336
14051
114
116
14362
84
14459
77
80
14828
14218
177
117
91
114
295
113
90
152
88
12008
160
97
16016
16250
89
94
87
108
82
7468
91
16952
113
96
91
108
12321
97
140
6429
58
18820
18901
19254
5497
19903
20884
4262
8281
22217
33430
32323
46835
22250
39721
31287
44485
22967
47559
47719
48048
31107
33500
37247
44585
38372
40060
33812
24941
47560
30002
49922
42455
34466
43883
55300
34910
39893
55560
43356
40889
47739
44368
54425
1049
1038
1043
1069
1240
1270
1257
2189
3230
4173
4689
3880
5414
4225
1179
84
102
2642
6882
107
66
85
60
138
158
82
7471
3653
8243
9754
9798
8787
9912
10576
9378
11642
11764
3496
72
12839
83
12950
98
118
80
154
11936
103
8485
55
66
118
57
76
82
238
44
164
276
15000
5680
12815
9332
16318
16794
94
70
73
70
75
82
80
85
114
79
64
27461
80
46
19164
35718
24039
35854
19542
35258
36530
24932
36523
36670
36690
23472
26431
27609
37435
22696
37938
26167
38097
24997
38211
34382
23251
26897
3344
34526
27811
28456
18881
12276
34987
33062
42482
50846
44931
44920
71583
58014
73098
50971
59865
507
480
503
769
351
931
2233
2516
2084
3587
3656
4717
4714
4328
3488
6356
6616
8720
9198
9844
10169
133
168
160
158
226
123
7706
119
9276
148
4519
157
12461
20870
19969
21072
16340
21052
16355
9684
16203
13915
21121
21115
15070
21128
21105
21107
21119
17473
21136
21073
21181
154
124
157
141
145
162
175
163
165
308
203
224
220
210
206
209
87
93
122
162
164
253
288
264
424
270
166
221
97
19142
19298
43737
19308
43899
44113
34284
31783
23175
35613
23563
23695
45135
24406
24684
45896
24398
36789
21722
46353
46450
22301
45124
45403
45254
45023
55098
45578
45972
63921
42477
45901
67305
55559
46771
82995
75721
357
488
467
97
127
126
102
81
74
848
86
152
2801
2978
3429
3592
4173
4741
4763
6455
224
8216
8371
8588
5300
9139
9521
7099
111
10287
78
116
74
104
87
103
132
78
11112
154
82
1771
123
94
79
81
163
12530
4467
12791
78
144
109
89
97
80
95
73
62
77
92
669
14645
109
5815
15127
11215
16300
17040
8624
17582
17692
14981
3700
18961
13455
218
19979
42928
20077
28027
20192
27628
28412
43060
32869
38655
40283
35193
31016
21012
44256
26780
44655
28498
22006
25980
45236
45206
36832
32657
33834
44455
45632
45886
46386
40706
3920
27533
1930
52440
41406
10985
12349
54113
65920
28794
48945
37922
45626
269
313
327
530
666
707
1069
97
192
153
108
95
113
89
76
2160
82
3031
3110
3671
4123
4494
2954
6407
7078
7190
6907
9323
9357
2236
10695
4973
11162
3308
13099
13336
14051
114
116
14362
84
14459
77
80
14828
14218
177
117
91
114
295
113
90
152
88
12008
160
97
16016
16250
89
94
87
108
82
7468
91
16952
113
96
91
108
12321
97
140
6429
58
18820
18901
19254
5497
19903
20884
4262
8281
22217
33430
32323
46835
22250
39721
31287
44485
22967
47559
47719
48048
31107
33500
37247
44585
38372
40060
33812
24941
47560
30002
49922
42455
34466
43883
55300
34910
39893
55560
43356
40889
47739
44368
54425
1049
1038
1043
1069
1240
1270
1257
2189
3230
4173
4689
3880
5414
4225
1179
84
102
2642
6882
107
66
85
60
138
158
82
7471
3653
8243
9754
9798
8787
9912
10576
9378
11642
11764
3496
72
12839
83
12950
98
118
80
154
11936
103
8485
55
66
118
57
76
82
238
44
164
276
15000
5680
12815
9332
16318
16794
94
70
73
70
75
82
80
85
114
79
64
27461
80
46
19164
35718
24039
35854
19542
35258
36530
24932
36523
36670
36690
23472
26431
27609
37435
22696
37938
26167
38097
24997
38211
34382
23251
26897
3344
34526
27811
28456
18881
12276
34987
33062
42482
50846
44931
44920
71583
58014
73098
50971
59865
507
480
503
769
351
931
2233
2516
2084
3587
3656
4717
4714
4328
3488
6356
6616
8720
9198
9844
10169
133
168
160
158
226
123
7706
119
9276
148
4519
157
12461
20870
19969
21072
16340
21052
16355
9684
16203
13915
21121
21115
15070
21128
21105
21107
21119
17473
21136
21073
21181
154
124
157
141
145
162
175
163
165
308
203
224
220
210
206
209
87
93
122
162
164
253
288
264
424
270
166
221
97
19142
19298
43737
19308
43899
44113
34284
31783
23175
35613
23563
23695
45135
24406
24684
45896
24398
36789
21722
46353
46450
22301
45124
45403
45254
45023
55098
45578
45972
63921
42477
45901
67305
55559
46771
82995
75721
357
488
467
97
127
126
102
81
74
848
86
152
2801
2978
3429
3592
4173
4741
4763
6455
224
8216
8371
8588
5300
9139
9521
7099
111
10287
78
116
74
104
87
103
132
78
11112
154
82
1771
123
94
79
81
163
12530
4467
12791
78
144
109
89
97
80
95
73
62
77
92
669
14645
109
5815
15127
11215
16300
17040
8624
17582
17692
14981
3700
18961
13455
218
19979
42928
20077
28027
20192
27628
28412
43060
32869
38655
40283
35193
31016
21012
44256
26780
44655
28498
22006
25980
45236
45206
36832
32657
33834
44455
45632
45886
46386
40706
3920
27533
1930
52440
41406
10985
12349
54113
65920
28794
48945
37922
45626
