259
290
288
319
315
289
335
331
358
384
413
452
257
574
315
301
767
810
830
845
910
908
939
945
980
1008
755
1628
1658
1451
1604
2007
1522
2228
1826
1860
1858
2267
1336
2709
1956
2778
3237
2641
3030
3240
2591
1988
3601
3950
3316
3971
3956
3652
3984
3646
2994
3209
2060
4010
3588
4021
3994
3462
4026
510
637
487
495
504
505
527
532
595
2561
2038
2692
2860
1488
871
767
906
475
656
434
456
385
1331
1055
987
468
1018
481
475
430
414
4709
5564
2852
2458
2824
1668
3450
3470
3763
3477
3497
4344
2277
4314
3154
3190
2653
3209
3194
2848
2970
2983
2864
2878
247
253
289
295
257
299
320
299
320
316
316
358
373
371
369
383
410
396
403
432
446
443
437
452
486
207
507
257
539
229
534
180
255
292
166
228
342
208
235
278
192
183
721
175
216
330
748
161
208
770
225
190
142
148
411
260
262
414
184
273
273
233
219
205
267
293
1116
226
147
197
1175
1213
1212
399
203
115
299
1012
949
922
965
232
284
949
971
922
180
139
929
1009
143
225
941
218
166
225
293
225
316
262
257
304
1683
1342
1280
1348
1201
1256
1220
1545
1686
1682
1686
1721
1702
1703
1506
1487
1481
1555
335
346
364
361
363
388
367
416
433
433
464
491
509
513
540
537
544
548
556
558
574
558
582
592
592
604
286
650
301
314
285
708
715
295
380
729
793
826
289
348
875
882
316
309
921
314
327
370
393
395
313
374
302
423
244
270
336
358
285
217
380
187
276
434
262
224
229
236
255
261
222
267
162
230
305
225
181
203
221
250
204
308
1176
294
1218
351
376
1260
1260
1276
1264
1240
1206
435
471
1245
354
455
314
492
1911
456
328
372
1412
1320
1396
2185
2173
2144
2158
2201
2211
2082
2054
2094
2772
2600
2644
2518
224
234
239
240
327
310
334
339
364
358
185
441
200
559
191
760
291
222
799
864
874
897
911
887
941
184
136
1115
140
1150
1188
1184
1198
244
1088
1092
194
1026
853
230
1373
1386
1335
1659
1256
1208
1035
1039
843
350
2722
2730
2374
2772
2439
2766
2375
2452
2546
2778
2808
446
2812
2823
1476
397
2860
2087
438
2893
426
1976
1984
1667
1977
1622
213
1796
2956
191
1757
736
825
813
554
264
1833
344
226
2130
282
207
211
305
315
346
327
373
237
341
228
224
313
411
257
428
305
410
495
449
307
406
344
359
398
507
579
577
597
616
259
290
288
319
315
289
335
331
358
384
413
452
257
574
315
301
767
810
830
845
910
908
939
945
980
1008
755
1628
1658
1451
1604
2007
1522
2228
1826
1860
1858
2267
1336
2709
1956
2778
3237
2641
3030
3240
2591
1988
3601
3950
3316
3971
3956
3652
3984
3646
2994
3209
2060
4010
3588
4021
3994
3462
4026
510
637
487
495
504
505
527
532
595
2561
2038
2692
2860
1488
871
767
906
475
656
434
456
385
1331
1055
987
468
1018
481
475
430
414
4709
5564
2852
2458
2824
1668
3450
3470
3763
3477
3497
4344
2277
4314
3154
3190
2653
3209
3194
2848
2970
2983
2864
2878
247
253
289
295
257
299
320
299
320
316
316
358
373
371
369
383
410
396
403
432
446
443
437
452
486
207
507
257
539
229
534
180
255
292
166
228
342
208
235
278
192
183
721
175
216
330
748
161
208
770
225
190
142
148
411
260
262
414
184
273
273
233
219
205
267
293
1116
226
147
197
1175
1213
1212
399
203
115
299
1012
949
922
965
232
284
949
971
922
180
139
929
1009
143
225
941
218
166
225
293
225
316
262
257
304
1683
1342
1280
1348
1201
1256
1220
1545
1686
1682
1686
1721
1702
1703
1506
1487
1481
1555
335
346
364
361
363
388
367
416
433
433
464
491
509
513
540
537
544
548
556
558
574
558
582
592
592
604
286
650
301
314
285
708
715
295
380
729
793
826
289
348
875
882
316
309
921
314
327
370
393
395
313
374
302
423
244
270
336
358
285
217
380
187
276
434
262
224
229
236
255
261
222
267
162
230
305
225
181
203
221
250
204
308
1176
294
1218
351
376
1260
1260
1276
1264
1240
1206
435
471
1245
354
455
314
492
1911
456
328
372
1412
1320
1396
2185
2173
2144
2158
2201
2211
2082
2054
2094
2772
2600
2644
2518
224
234
239
240
327
310
334
339
364
358
185
441
200
559
191
760
291
222
799
864
874
897
911
887
941
184
136
1115
140
1150
1188
1184
1198
244
1088
1092
194
1026
853
230
1373
1386
1335
1659
1256
1208
1035
1039
843
350
2722
2730
2374
2772
2439
2766
2375
2452
2546
2778
2808
446
2812
2823
1476
397
2860
2087
438
2893
426
1976
1984
1667
1977
1622
213
1796
2956
191
1757
736
825
813
554
264
1833
344
226
2130
282
207
211
305
315
346
327
373
237
341
228
224
313
411
257
428
305
410
495
449
307
406
344
359
398
507
579
577
597
616
259
290
288
319
315
289
335
331
358
384
413
452
257
574
315
301
767
810
830
845
910
908
939
945
980
1008
755
1628
1658
1451
1604
2007
1522
2228
1826
1860
1858
2267
1336
2709
1956
2778
3237
2641
3030
3240
2591
1988
3601
3950
3316
3971
3956
3652
3984
3646
2994
3209
2060
4010
3588
4021
3994
3462
4026
510
637
487
495
504
505
527
532
595
2561
2038
2692
2860
1488
871
767
906
475
656
434
456
385
1331
1055
987
468
1018
481
475
430
414
4709
5564
2852
2458
2824
1668
3450
3470
3763
3477
3497
4344
2277
4314
3154
3190
2653
3209
3194
2848
2970
2983
2864
2878
247
253
289
295
257
299
320
299
320
316
316
358
373
371
369
383
410
396
403
432
446
443
437
452
486
207
507
257
539
229
534
180
255
292
166
228
342
208
235
278
192
183
721
175
216
330
748
161
208
770
225
190
142
148
411
260
262
414
184
273
273
233
219
205
267
293
1116
226
147
197
1175
1213
1212
399
203
115
299
1012
949
922
965
232
284
949
971
922
180
139
929
1009
143
225
941
218
166
225
293
225
316
262
257
304
1683
1342
1280
1348
1201
1256
1220
1545
1686
1682
1686
1721
1702
1703
1506
1487
1481
1555
335
346
364
361
363
388
367
416
433
433
464
491
509
513
540
537
544
548
556
558
574
558
582
592
592
604
286
650
301
314
285
708
715
295
380
729
793
826
289
348
875
882
316
309
921
314
327
370
393
395
313
374
302
423
244
270
336
358
285
217
380
187
276
434
262
224
229
236
255
261
222
267
162
230
305
225
181
203
221
250
204
308
1176
294
1218
351
376
1260
1260
1276
1264
1240
1206
435
471
1245
354
455
314
492
1911
456
328
372
1412
1320
1396
2185
2173
2144
2158
2201
2211
2082
2054
2094
2772
2600
2644
2518
224
234
239
240
327
310
334
339
364
358
185
441
200
559
191
760
291
222
799
864
874
897
911
887
941
184
136
1115
140
1150
1188
1184
1198
244
1088
1092
194
1026
853
230
1373
1386
1335
1659
1256
1208
1035
1039
843
350
2722
2730
2374
2772
2439
2766
2375
2452
2546
2778
2808
446
2812
2823
1476
397
2860
2087
438
2893
426
1976
1984
1667
1977
1622
213
1796
2956
191
1757
736
825
813
554
264
1833
344
226
2130
282
207
211
305
315
346
327
373
237
341
228
224
313
411
257
428
305
410
495
449
307
406
344
359
398
507
579
577
597
616
