173
145
173
177
176
158
125
145
137
148
139
146
426
124
128
178
153
149
238
165
218
205
198
145
139
147
157
151
189
125
146
113
167
125
206
205
89
141
151
155
125
156
194
107
96
220
170
139
153
129
123
135
93
121
153
235
137
193
114
167
115
154
146
138
173
126
210
152
103
152
203
206
163
162
169
164
231
157
129
113
117
128
111
121
172
105
155
171
136
196
150
210
171
124
100
182
134
139
187
153
175
153
123
96
223
156
196
133
149
136
101
186
167
151
147
205
153
1633
2841
2885
156
194
180
146
140
190
109
108
198
170
286
148
150
80
174
100
198
260
130
158
133
93
130
225
182
164
95
153
123
195
94
149
184
191
257
92
165
206
621
96
116
682
124
155
87
135
131
488
524
172
460
79
129
169
133
288
133
125
118
147
131
110
127
184
167
192
154
120
1398
1396
1374
129
125
1347
156
1234
129
164
1249
146
1165
1111
149
136
111
196
138
1072
105
1053
122
198
147
144
125
1012
795
118
195
134
253
128
186
133
136
168
162
218
870
315
348
828
588
927
935
1507
1391
1387
1385
1375
191
328
316
241
128
208
350
205
137
162
152
170
231
109
285
127
230
119
161
119
149
118
125
158
119
110
124
178
173
110
142
114
127
137
251
229
155
100
214
112
104
900
132
779
781
805
149
699
108
680
134
129
569
117
176
110
580
91
218
290
87
143
152
213
1442
147
1539
1449
181
1333
120
157
1317
1229
165
1228
104
145
114
1196
136
1092
181
256
170
243
134
1060
123
108
118
920
840
170
742
163
143
168
182
838
810
1043
967
971
997
811
810
828
785
789
1730
1687
1590
1584
1385
1376
1341
1340
1352
1352
169
195
252
224
239
276
111
179
255
85
244
173
198
139
152
181
193
228
241
142
204
87
232
206
146
235
198
268
153
166
118
183
200
224
128
315
331
236
177
217
199
257
175
224
148
193
243
209
134
212
149
168
143
128
122
242
163
157
128
177
282
113
174
177
208
139
182
319
203
212
234
90
358
204
131
204
149
167
183
316
230
137
88
232
215
211
145
138
192
152
192
167
319
232
240
153
148
134
101
161
155
179
84
147
123
136
169
144
194
173
179
142
142
172
174
168
234
228
211
215
173
145
173
177
176
158
125
145
137
148
139
146
426
124
128
178
153
149
238
165
218
205
198
145
139
147
157
151
189
125
146
113
167
125
206
205
89
141
151
155
125
156
194
107
96
220
170
139
153
129
123
135
93
121
153
235
137
193
114
167
115
154
146
138
173
126
210
152
103
152
203
206
163
162
169
164
231
157
129
113
117
128
111
121
172
105
155
171
136
196
150
210
171
124
100
182
134
139
187
153
175
153
123
96
223
156
196
133
149
136
101
186
167
151
147
205
153
1633
2841
2885
156
194
180
146
140
190
109
108
198
170
286
148
150
80
174
100
198
260
130
158
133
93
130
225
182
164
95
153
123
195
94
149
184
191
257
92
165
206
621
96
116
682
124
155
87
135
131
488
524
172
460
79
129
169
133
288
133
125
118
147
131
110
127
184
167
192
154
120
1398
1396
1374
129
125
1347
156
1234
129
164
1249
146
1165
1111
149
136
111
196
138
1072
105
1053
122
198
147
144
125
1012
795
118
195
134
253
128
186
133
136
168
162
218
870
315
348
828
588
927
935
1507
1391
1387
1385
1375
191
328
316
241
128
208
350
205
137
162
152
170
231
109
285
127
230
119
161
119
149
118
125
158
119
110
124
178
173
110
142
114
127
137
251
229
155
100
214
112
104
900
132
779
781
805
149
699
108
680
134
129
569
117
176
110
580
91
218
290
87
143
152
213
1442
147
1539
1449
181
1333
120
157
1317
1229
165
1228
104
145
114
1196
136
1092
181
256
170
243
134
1060
123
108
118
920
840
170
742
163
143
168
182
838
810
1043
967
971
997
811
810
828
785
789
1730
1687
1590
1584
1385
1376
1341
1340
1352
1352
169
195
252
224
239
276
111
179
255
85
244
173
198
139
152
181
193
228
241
142
204
87
232
206
146
235
198
268
153
166
118
183
200
224
128
315
331
236
177
217
199
257
175
224
148
193
243
209
134
212
149
168
143
128
122
242
163
157
128
177
282
113
174
177
208
139
182
319
203
212
234
90
358
204
131
204
149
167
183
316
230
137
88
232
215
211
145
138
192
152
192
167
319
232
240
153
148
134
101
161
155
179
84
147
123
136
169
144
194
173
179
142
142
172
174
168
234
228
211
215
173
145
173
177
176
158
125
145
137
148
139
146
426
124
128
178
153
149
238
165
218
205
198
145
139
147
157
151
189
125
146
113
167
125
206
205
89
141
151
155
125
156
194
107
96
220
170
139
153
129
123
135
93
121
153
235
137
193
114
167
115
154
146
138
173
126
210
152
103
152
203
206
163
162
169
164
231
157
129
113
117
128
111
121
172
105
155
171
136
196
150
210
171
124
100
182
134
139
187
153
175
153
123
96
223
156
196
133
149
136
101
186
167
151
147
205
153
1633
2841
2885
156
194
180
146
140
190
109
108
198
170
286
148
150
80
174
100
198
260
130
158
133
93
130
225
182
164
95
153
123
195
94
149
184
191
257
92
165
206
621
96
116
682
124
155
87
135
131
488
524
172
460
79
129
169
133
288
133
125
118
147
131
110
127
184
167
192
154
120
1398
1396
1374
129
125
1347
156
1234
129
164
1249
146
1165
1111
149
136
111
196
138
1072
105
1053
122
198
147
144
125
1012
795
118
195
134
253
128
186
133
136
168
162
218
870
315
348
828
588
927
935
1507
1391
1387
1385
1375
191
328
316
241
128
208
350
205
137
162
152
170
231
109
285
127
230
119
161
119
149
118
125
158
119
110
124
178
173
110
142
114
127
137
251
229
155
100
214
112
104
900
132
779
781
805
149
699
108
680
134
129
569
117
176
110
580
91
218
290
87
143
152
213
1442
147
1539
1449
181
1333
120
157
1317
1229
165
1228
104
145
114
1196
136
1092
181
256
170
243
134
1060
123
108
118
920
840
170
742
163
143
168
182
838
810
1043
967
971
997
811
810
828
785
789
1730
1687
1590
1584
1385
1376
1341
1340
1352
1352
169
195
252
224
239
276
111
179
255
85
244
173
198
139
152
181
193
228
241
142
204
87
232
206
146
235
198
268
153
166
118
183
200
224
128
315
331
236
177
217
199
257
175
224
148
193
243
209
134
212
149
168
143
128
122
242
163
157
128
177
282
113
174
177
208
139
182
319
203
212
234
90
358
204
131
204
149
167
183
316
230
137
88
232
215
211
145
138
192
152
192
167
319
232
240
153
148
134
101
161
155
179
84
147
123
136
169
144
194
173
179
142
142
172
174
168
234
228
211
215
