150
234
261
29
294
317
328
336
342
342
349
87
91
33
395
381
39
431
459
438
462
198
490
509
510
522
531
544
223
480
545
548
553
212
203
604
222
616
584
64
239
175
673
699
77
58
50
387
166
323
386
351
339
641
12
139
272
840
35
41
154
33
878
393
342
356
487
40
345
383
418
422
145
442
1013
1011
301
295
77
486
404
307
1051
540
33
29
62
425
629
342
42
748
51
85
354
524
540
247
18
171
314
21
606
225
373
282
30
356
28
467
385
33
567
388
426
221
488
329
317
276
456
163
167
232
641
378
239
290
340
363
498
303
354
557
426
456
275
204
389
275
532
688
166
177
47
279
277
310
447
262
474
323
367
581
368
233
257
423
441
348
240
306
506
339
523
306
397
191
271
504
215
762
351
440
265
316
441
641
478
464
305
308
280
488
398
172
428
294
229
635
271
335
237
419
236
215
432
268
270
305
521
389
220
397
31
484
238
352
279
33
21
14
497
634
16
303
269
520
655
272
212
203
285
181
328
425
696
609
108
295
627
209
208
174
233
345
176
171
309
262
275
275
305
309
314
334
350
347
368
360
364
371
385
394
398
397
388
415
426
438
460
468
455
490
496
504
500
233
513
532
214
172
508
548
245
232
596
597
603
296
659
652
306
319
299
312
280
254
281
458
208
236
386
294
264
354
327
433
368
467
202
545
318
518
196
325
515
254
334
49
449
258
198
262
269
436
647
524
366
534
484
435
174
184
272
301
484
165
489
259
27
396
261
732
69
48
41
310
254
813
375
282
478
242
371
385
465
242
449
839
837
300
361
261
210
318
595
274
318
727
434
85
61
64
64
75
523
214
298
66
88
315
193
354
226
510
384
374
588
394
545
811
568
330
204
211
336
427
466
409
202
284
465
608
381
290
385
384
237
378
100
293
283
644
327
664
443
290
423
497
422
261
483
267
240
201
306
587
495
520
452
40
411
287
487
45
51
59
290
370
1534
169
199
145
336
906
408
63
42
56
53
88
53
56
73
44
625
41
50
60
488
330
37
98
256
278
61
480
471
405
328
432
424
434
431
364
475
203
450
544
958
319
234
609
396
621
427
314
461
415
103
256
315
362
362
374
354
366
385
408
411
408
420
416
439
323
430
445
456
470
455
494
503
492
502
514
504
565
241
589
222
612
200
216
638
252
618
646
226
684
691
344
718
464
302
343
283
344
247
315
433
402
413
301
314
249
369
353
229
46
250
855
466
302
318
368
326
504
668
266
397
419
216
412
307
270
353
690
368
267
67
25
69
72
476
536
273
393
502
181
480
161
252
328
348
726
359
389
537
231
608
295
516
525
399
529
239
40
539
598
295
25
179
787
299
261
31
304
319
59
328
54
44
272
48
277
633
263
411
335
286
875
619
376
330
315
411
228
427
364
247
422
283
365
574
430
337
315
313
423
294
575
326
608
24
274
330
228
729
646
416
299
500
312
203
517
416
575
261
435
511
347
240
352
574
371
382
468
264
293
270
503
471
291
50
23
38
172
27
610
66
35
47
42
413
473
666
207
39
260
55
24
41
280
45
38
551
40
46
578
234
62
29
526
271
373
97
444
378
282
303
292
526
475
295
505
498
412
327
271
656
429
285
251
224
631
559
602
365
358
210
279
303
302
316
330
341
341
326
367
372
369
380
382
378
373
388
370
391
68
446
458
459
466
475
252
203
496
498
498
492
520
223
544
239
548
559
198
602
237
281
645
279
307
333
356
139
320
701
233
344
323
246
778
305
333
486
442
410
340
260
325
421
342
203
323
515
199
468
384
553
405
217
484
370
499
547
37
364
337
499
304
357
338
596
33
439
36
249
207
51
456
52
469
542
290
443
430
206
363
435
127
351
500
277
292
495
48
418
557
561
456
407
39
52
488
38
71
70
453
817
459
276
349
231
86
373
267
539
604
309
384
731
554
757
478
666
152
764
328
436
432
428
350
253
281
174
593
511
176
62
196
340
310
633
679
373
402
312
456
187
250
357
256
151
280
490
244
454
217
405
334
460
476
353
336
384
292
23
50
546
457
669
479
42
48
31
327
213
34
50
53
406
186
58
1036
757
447
229
638
30
257
14
29
39
45
43
27
357
40
355
84
332
502
311
374
324
117
449
522
288
218
580
515
453
487
648
291
298
339
322
285
324
408
555
606
454
292
734
681
150
234
261
29
294
317
328
336
342
342
349
87
91
33
395
381
39
431
459
438
462
198
490
509
510
522
531
544
223
480
545
548
553
212
203
604
222
616
584
64
239
175
673
699
77
58
50
387
166
323
386
351
339
641
12
139
272
840
35
41
154
33
878
393
342
356
487
40
345
383
418
422
145
442
1013
1011
301
295
77
486
404
307
1051
540
33
29
62
425
629
342
42
748
51
85
354
524
540
247
18
171
314
21
606
225
373
282
30
356
28
467
385
33
567
388
426
221
488
329
317
276
456
163
167
232
641
378
239
290
340
363
498
303
354
557
426
456
275
204
389
275
532
688
166
177
47
279
277
310
447
262
474
323
367
581
368
233
257
423
441
348
240
306
506
339
523
306
397
191
271
504
215
762
351
440
265
316
441
641
478
464
305
308
280
488
398
172
428
294
229
635
271
335
237
419
236
215
432
268
270
305
521
389
220
397
31
484
238
352
279
33
21
14
497
634
16
303
269
520
655
272
212
203
285
181
328
425
696
609
108
295
627
209
208
174
233
345
176
171
309
262
275
275
305
309
314
334
350
347
368
360
364
371
385
394
398
397
388
415
426
438
460
468
455
490
496
504
500
233
513
532
214
172
508
548
245
232
596
597
603
296
659
652
306
319
299
312
280
254
281
458
208
236
386
294
264
354
327
433
368
467
202
545
318
518
196
325
515
254
334
49
449
258
198
262
269
436
647
524
366
534
484
435
174
184
272
301
484
165
489
259
27
396
261
732
69
48
41
310
254
813
375
282
478
242
371
385
465
242
449
839
837
300
361
261
210
318
595
274
318
727
434
85
61
64
64
75
523
214
298
66
88
315
193
354
226
510
384
374
588
394
545
811
568
330
204
211
336
427
466
409
202
284
465
608
381
290
385
384
237
378
100
293
283
644
327
664
443
290
423
497
422
261
483
267
240
201
306
587
495
520
452
40
411
287
487
45
51
59
290
370
1534
169
199
145
336
906
408
63
42
56
53
88
53
56
73
44
625
41
50
60
488
330
37
98
256
278
61
480
471
405
328
432
424
434
431
364
475
203
450
544
958
319
234
609
396
621
427
314
461
415
103
256
315
362
362
374
354
366
385
408
411
408
420
416
439
323
430
445
456
470
455
494
503
492
502
514
504
565
241
589
222
612
200
216
638
252
618
646
226
684
691
344
718
464
302
343
283
344
247
315
433
402
413
301
314
249
369
353
229
46
250
855
466
302
318
368
326
504
668
266
397
419
216
412
307
270
353
690
368
267
67
25
69
72
476
536
273
393
502
181
480
161
252
328
348
726
359
389
537
231
608
295
516
525
399
529
239
40
539
598
295
25
179
787
299
261
31
304
319
59
328
54
44
272
48
277
633
263
411
335
286
875
619
376
330
315
411
228
427
364
247
422
283
365
574
430
337
315
313
423
294
575
326
608
24
274
330
228
729
646
416
299
500
312
203
517
416
575
261
435
511
347
240
352
574
371
382
468
264
293
270
503
471
291
50
23
38
172
27
610
66
35
47
42
413
473
666
207
39
260
55
24
41
280
45
38
551
40
46
578
234
62
29
526
271
373
97
444
378
282
303
292
526
475
295
505
498
412
327
271
656
429
285
251
224
631
559
602
365
358
210
279
303
302
316
330
341
341
326
367
372
369
380
382
378
373
388
370
391
68
446
458
459
466
475
252
203
496
498
498
492
520
223
544
239
548
559
198
602
237
281
645
279
307
333
356
139
320
701
233
344
323
246
778
305
333
486
442
410
340
260
325
421
342
203
323
515
199
468
384
553
405
217
484
370
499
547
37
364
337
499
304
357
338
596
33
439
36
249
207
51
456
52
469
542
290
443
430
206
363
435
127
351
500
277
292
495
48
418
557
561
456
407
39
52
488
38
71
70
453
817
459
276
349
231
86
373
267
539
604
309
384
731
554
757
478
666
152
764
328
436
432
428
350
253
281
174
593
511
176
62
196
340
310
633
679
373
402
312
456
187
250
357
256
151
280
490
244
454
217
405
334
460
476
353
336
384
292
23
50
546
457
669
479
42
48
31
327
213
34
50
53
406
186
58
1036
757
447
229
638
30
257
14
29
39
45
43
27
357
40
355
84
332
502
311
374
324
117
449
522
288
218
580
515
453
487
648
291
298
339
322
285
324
408
555
606
454
292
734
681
150
234
261
29
294
317
328
336
342
342
349
87
91
33
395
381
39
431
459
438
462
198
490
509
510
522
531
544
223
480
545
548
553
212
203
604
222
616
584
64
239
175
673
699
77
58
50
387
166
323
386
351
339
641
12
139
272
840
35
41
154
33
878
393
342
356
487
40
345
383
418
422
145
442
1013
1011
301
295
77
486
404
307
1051
540
33
29
62
425
629
342
42
748
51
85
354
524
540
247
18
171
314
21
606
225
373
282
30
356
28
467
385
33
567
388
426
221
488
329
317
276
456
163
167
232
641
378
239
290
340
363
498
303
354
557
426
456
275
204
389
275
532
688
166
177
47
279
277
310
447
262
474
323
367
581
368
233
257
423
441
348
240
306
506
339
523
306
397
191
271
504
215
762
351
440
265
316
441
641
478
464
305
308
280
488
398
172
428
294
229
635
271
335
237
419
236
215
432
268
270
305
521
389
220
397
31
484
238
352
279
33
21
14
497
634
16
303
269
520
655
272
212
203
285
181
328
425
696
609
108
295
627
209
208
174
233
345
176
171
309
262
275
275
305
309
314
334
350
347
368
360
364
371
385
394
398
397
388
415
426
438
460
468
455
490
496
504
500
233
513
532
214
172
508
548
245
232
596
597
603
296
659
652
306
319
299
312
280
254
281
458
208
236
386
294
264
354
327
433
368
467
202
545
318
518
196
325
515
254
334
49
449
258
198
262
269
436
647
524
366
534
484
435
174
184
272
301
484
165
489
259
27
396
261
732
69
48
41
310
254
813
375
282
478
242
371
385
465
242
449
839
837
300
361
261
210
318
595
274
318
727
434
85
61
64
64
75
523
214
298
66
88
315
193
354
226
510
384
374
588
394
545
811
568
330
204
211
336
427
466
409
202
284
465
608
381
290
385
384
237
378
100
293
283
644
327
664
443
290
423
497
422
261
483
267
240
201
306
587
495
520
452
40
411
287
487
45
51
59
290
370
1534
169
199
145
336
906
408
63
42
56
53
88
53
56
73
44
625
41
50
60
488
330
37
98
256
278
61
480
471
405
328
432
424
434
431
364
475
203
450
544
958
319
234
609
396
621
427
314
461
415
103
256
315
362
362
374
354
366
385
408
411
408
420
416
439
323
430
445
456
470
455
494
503
492
502
514
504
565
241
589
222
612
200
216
638
252
618
646
226
684
691
344
718
464
302
343
283
344
247
315
433
402
413
301
314
249
369
353
229
46
250
855
466
302
318
368
326
504
668
266
397
419
216
412
307
270
353
690
368
267
67
25
69
72
476
536
273
393
502
181
480
161
252
328
348
726
359
389
537
231
608
295
516
525
399
529
239
40
539
598
295
25
179
787
299
261
31
304
319
59
328
54
44
272
48
277
633
263
411
335
286
875
619
376
330
315
411
228
427
364
247
422
283
365
574
430
337
315
313
423
294
575
326
608
24
274
330
228
729
646
416
299
500
312
203
517
416
575
261
435
511
347
240
352
574
371
382
468
264
293
270
503
471
291
50
23
38
172
27
610
66
35
47
42
413
473
666
207
39
260
55
24
41
280
45
38
551
40
46
578
234
62
29
526
271
373
97
444
378
282
303
292
526
475
295
505
498
412
327
271
656
429
285
251
224
631
559
602
365
358
210
279
303
302
316
330
341
341
326
367
372
369
380
382
378
373
388
370
391
68
446
458
459
466
475
252
203
496
498
498
492
520
223
544
239
548
559
198
602
237
281
645
279
307
333
356
139
320
701
233
344
323
246
778
305
333
486
442
410
340
260
325
421
342
203
323
515
199
468
384
553
405
217
484
370
499
547
37
364
337
499
304
357
338
596
33
439
36
249
207
51
456
52
469
542
290
443
430
206
363
435
127
351
500
277
292
495
48
418
557
561
456
407
39
52
488
38
71
70
453
817
459
276
349
231
86
373
267
539
604
309
384
731
554
757
478
666
152
764
328
436
432
428
350
253
281
174
593
511
176
62
196
340
310
633
679
373
402
312
456
187
250
357
256
151
280
490
244
454
217
405
334
460
476
353
336
384
292
23
50
546
457
669
479
42
48
31
327
213
34
50
53
406
186
58
1036
757
447
229
638
30
257
14
29
39
45
43
27
357
40
355
84
332
502
311
374
324
117
449
522
288
218
580
515
453
487
648
291
298
339
322
285
324
408
555
606
454
292
734
681
