241
257
260
198
239
255
258
305
285
317
335
72
86
330
122
334
103
98
84
74
92
138
194
142
99
145
188
184
182
160
208
115
176
131
128
87
94
113
156
140
148
63
82
97
78
102
108
91
172
99
99
156
92
85
54
72
139
94
71
93
78
85
1600
1671
1724
2608
3445
4127
4674
4927
5157
5696
6303
1526
7725
7791
7802
8903
4396
9190
9695
325
5814
9668
10155
3928
11243
10923
193
3614
1919
2723
3420
10765
14397
5206
10674
13323
2716
133
5375
18088
6865
6125
18404
7716
19358
1385
19211
20176
2712
122
22907
15359
2854
24860
46048
27989
44664
54236
193
227
199
234
218
253
250
326
292
360
359
311
314
363
351
204
167
121
253
121
126
541
202
79
78
73
79
97
148
108
122
562
2145
1795
2239
91
84
357
95
2654
115
140
90
95
2957
119
101
106
61
114
81
94
101
74
90
4088
98
4479
4301
336
46
2695
2387
4545
141
5022
128
65
97
71
71
5431
102
5572
68
79
61
76
77
71
75
68
6100
6446
4670
8871
9852
9387
5093
10102
10117
5240
9705
10186
4841
10096
10579
10947
11002
1448
7863
11714
11245
2598
13232
8399
6268
15581
15295
16294
12404
19856
17660
18570
22310
24181
23894
32342
32368
48037
323
322
314
323
316
323
332
326
283
337
346
343
350
393
456
471
457
142
135
170
200
196
79
107
83
669
333
109
98
124
181
199
180
98
132
140
185
223
154
140
136
227
119
88
102
59
96
100
102
99
89
111
138
136
134
139
138
161
110
165
122
159
157
2007
1448
1471
211
3404
4177
4083
139
4687
5052
165
5634
992
85
5851
6334
5855
6894
144
2179
8265
4131
7972
8032
3339
8688
9403
9412
3371
5872
10818
11057
1851
10798
12141
2573
5547
3548
14242
8880
3498
5850
16200
8329
16629
18535
21634
8249
21830
12522
23711
43473
58550
60314
60319
58039
55549
161
198
245
236
260
298
294
314
315
334
333
326
341
358
349
389
387
398
102
438
142
123
140
160
160
78
110
239
83
176
149
223
102
87
143
79
85
81
74
92
86
86
191
81
1937
1710
93
2021
70
2236
116
72
110
3268
3511
98
109
3831
3553
4493
89
4603
4879
70
89
5048
76
96
3073
84
86
101
116
5304
78
97
5135
82
67
83
68
1394
5008
6205
6251
7021
2926
7560
8696
8711
149
8755
356
7835
9366
7940
5836
10988
11450
11367
11756
3166
8364
3665
3823
11034
14682
16394
16942
8727
14176
19831
23548
16649
26915
23426
27593
35716
39172
54612
241
257
260
198
239
255
258
305
285
317
335
72
86
330
122
334
103
98
84
74
92
138
194
142
99
145
188
184
182
160
208
115
176
131
128
87
94
113
156
140
148
63
82
97
78
102
108
91
172
99
99
156
92
85
54
72
139
94
71
93
78
85
1600
1671
1724
2608
3445
4127
4674
4927
5157
5696
6303
1526
7725
7791
7802
8903
4396
9190
9695
325
5814
9668
10155
3928
11243
10923
193
3614
1919
2723
3420
10765
14397
5206
10674
13323
2716
133
5375
18088
6865
6125
18404
7716
19358
1385
19211
20176
2712
122
22907
15359
2854
24860
46048
27989
44664
54236
193
227
199
234
218
253
250
326
292
360
359
311
314
363
351
204
167
121
253
121
126
541
202
79
78
73
79
97
148
108
122
562
2145
1795
2239
91
84
357
95
2654
115
140
90
95
2957
119
101
106
61
114
81
94
101
74
90
4088
98
4479
4301
336
46
2695
2387
4545
141
5022
128
65
97
71
71
5431
102
5572
68
79
61
76
77
71
75
68
6100
6446
4670
8871
9852
9387
5093
10102
10117
5240
9705
10186
4841
10096
10579
10947
11002
1448
7863
11714
11245
2598
13232
8399
6268
15581
15295
16294
12404
19856
17660
18570
22310
24181
23894
32342
32368
48037
323
322
314
323
316
323
332
326
283
337
346
343
350
393
456
471
457
142
135
170
200
196
79
107
83
669
333
109
98
124
181
199
180
98
132
140
185
223
154
140
136
227
119
88
102
59
96
100
102
99
89
111
138
136
134
139
138
161
110
165
122
159
157
2007
1448
1471
211
3404
4177
4083
139
4687
5052
165
5634
992
85
5851
6334
5855
6894
144
2179
8265
4131
7972
8032
3339
8688
9403
9412
3371
5872
10818
11057
1851
10798
12141
2573
5547
3548
14242
8880
3498
5850
16200
8329
16629
18535
21634
8249
21830
12522
23711
43473
58550
60314
60319
58039
55549
161
198
245
236
260
298
294
314
315
334
333
326
341
358
349
389
387
398
102
438
142
123
140
160
160
78
110
239
83
176
149
223
102
87
143
79
85
81
74
92
86
86
191
81
1937
1710
93
2021
70
2236
116
72
110
3268
3511
98
109
3831
3553
4493
89
4603
4879
70
89
5048
76
96
3073
84
86
101
116
5304
78
97
5135
82
67
83
68
1394
5008
6205
6251
7021
2926
7560
8696
8711
149
8755
356
7835
9366
7940
5836
10988
11450
11367
11756
3166
8364
3665
3823
11034
14682
16394
16942
8727
14176
19831
23548
16649
26915
23426
27593
35716
39172
54612
241
257
260
198
239
255
258
305
285
317
335
72
86
330
122
334
103
98
84
74
92
138
194
142
99
145
188
184
182
160
208
115
176
131
128
87
94
113
156
140
148
63
82
97
78
102
108
91
172
99
99
156
92
85
54
72
139
94
71
93
78
85
1600
1671
1724
2608
3445
4127
4674
4927
5157
5696
6303
1526
7725
7791
7802
8903
4396
9190
9695
325
5814
9668
10155
3928
11243
10923
193
3614
1919
2723
3420
10765
14397
5206
10674
13323
2716
133
5375
18088
6865
6125
18404
7716
19358
1385
19211
20176
2712
122
22907
15359
2854
24860
46048
27989
44664
54236
193
227
199
234
218
253
250
326
292
360
359
311
314
363
351
204
167
121
253
121
126
541
202
79
78
73
79
97
148
108
122
562
2145
1795
2239
91
84
357
95
2654
115
140
90
95
2957
119
101
106
61
114
81
94
101
74
90
4088
98
4479
4301
336
46
2695
2387
4545
141
5022
128
65
97
71
71
5431
102
5572
68
79
61
76
77
71
75
68
6100
6446
4670
8871
9852
9387
5093
10102
10117
5240
9705
10186
4841
10096
10579
10947
11002
1448
7863
11714
11245
2598
13232
8399
6268
15581
15295
16294
12404
19856
17660
18570
22310
24181
23894
32342
32368
48037
323
322
314
323
316
323
332
326
283
337
346
343
350
393
456
471
457
142
135
170
200
196
79
107
83
669
333
109
98
124
181
199
180
98
132
140
185
223
154
140
136
227
119
88
102
59
96
100
102
99
89
111
138
136
134
139
138
161
110
165
122
159
157
2007
1448
1471
211
3404
4177
4083
139
4687
5052
165
5634
992
85
5851
6334
5855
6894
144
2179
8265
4131
7972
8032
3339
8688
9403
9412
3371
5872
10818
11057
1851
10798
12141
2573
5547
3548
14242
8880
3498
5850
16200
8329
16629
18535
21634
8249
21830
12522
23711
43473
58550
60314
60319
58039
55549
161
198
245
236
260
298
294
314
315
334
333
326
341
358
349
389
387
398
102
438
142
123
140
160
160
78
110
239
83
176
149
223
102
87
143
79
85
81
74
92
86
86
191
81
1937
1710
93
2021
70
2236
116
72
110
3268
3511
98
109
3831
3553
4493
89
4603
4879
70
89
5048
76
96
3073
84
86
101
116
5304
78
97
5135
82
67
83
68
1394
5008
6205
6251
7021
2926
7560
8696
8711
149
8755
356
7835
9366
7940
5836
10988
11450
11367
11756
3166
8364
3665
3823
11034
14682
16394
16942
8727
14176
19831
23548
16649
26915
23426
27593
35716
39172
54612
