574
579
579
577
611
614
602
632
643
659
650
639
670
759
726
772
753
778
797
864
891
855
897
903
869
962
423
459
311
498
531
505
473
1158
1212
478
525
527
555
299
503
793
430
597
716
708
1538
391
1506
1562
1581
504
501
663
424
537
401
356
596
1878
323
549
1906
417
583
509
488
498
448
485
565
606
445
486
2389
485
533
534
425
403
509
507
535
477
461
526
460
395
490
377
609
530
473
2459
2468
3643
3120
3150
3097
3013
3856
3922
3705
3844
4554
4445
4126
4228
4009
4027
3532
4968
4897
4887
4651
4488
4100
3994
4363
4251
508
488
546
557
566
619
649
647
657
661
684
705
711
715
734
723
740
756
807
785
837
859
884
881
900
906
911
923
930
437
981
462
1028
551
367
1148
603
423
499
484
1204
491
470
576
606
469
495
743
517
1442
484
527
1433
540
565
1484
562
439
750
489
663
617
590
438
431
464
522
542
562
534
491
465
656
389
458
601
2157
1517
2026
2196
2041
2215
2269
2119
1493
1501
1890
1873
1896
1795
1668
1610
1818
1835
1730
1675
865
1720
1752
1600
1543
475
1560
1901
1262
535
1654
1754
570
475
1558
426
933
522
1434
1797
485
1707
644
658
606
706
771
801
818
843
900
905
932
933
954
984
1015
1004
1059
1102
1165
648
505
929
730
753
528
603
677
776
631
688
779
748
788
721
707
840
740
684
743
484
487
627
366
738
460
4004
4029
4036
341
678
4091
4184
1940
499
4598
439
4629
4730
4783
780
840
1976
858
936
5142
569
577
487
5276
5255
5272
5290
5328
5340
701
5411
519
4545
5611
4806
4668
4332
1071
917
637
662
593
1006
796
938
618
684
712
938
740
974
634
728
5262
6794
5337
5369
5440
5898
5052
7707
6370
6678
5531
5147
4738
4327
4381
4166
4196
4034
4056
4079
4172
5485
4857
4862
524
541
544
561
569
575
635
641
647
678
702
759
804
836
344
937
589
1223
1290
463
1336
1361
1390
1503
1544
1534
1521
1523
971
681
1108
1103
922
486
892
1146
588
572
582
637
2108
478
637
2204
2250
2239
2285
905
917
457
410
522
1076
2763
1266
2858
565
947
1007
1205
473
2935
1242
499
511
508
424
454
472
443
486
521
3568
3582
3583
302
3100
489
483
530
488
434
577
587
452
450
455
500
545
4216
4157
4149
4075
4570
4278
4108
3982
3950
4010
4380
4533
4125
4152
4823
4662
4547
4293
4072
4185
4079
4077
3643
4547
4386
4305
4086
3720
3576
3536
3421
574
579
579
577
611
614
602
632
643
659
650
639
670
759
726
772
753
778
797
864
891
855
897
903
869
962
423
459
311
498
531
505
473
1158
1212
478
525
527
555
299
503
793
430
597
716
708
1538
391
1506
1562
1581
504
501
663
424
537
401
356
596
1878
323
549
1906
417
583
509
488
498
448
485
565
606
445
486
2389
485
533
534
425
403
509
507
535
477
461
526
460
395
490
377
609
530
473
2459
2468
3643
3120
3150
3097
3013
3856
3922
3705
3844
4554
4445
4126
4228
4009
4027
3532
4968
4897
4887
4651
4488
4100
3994
4363
4251
508
488
546
557
566
619
649
647
657
661
684
705
711
715
734
723
740
756
807
785
837
859
884
881
900
906
911
923
930
437
981
462
1028
551
367
1148
603
423
499
484
1204
491
470
576
606
469
495
743
517
1442
484
527
1433
540
565
1484
562
439
750
489
663
617
590
438
431
464
522
542
562
534
491
465
656
389
458
601
2157
1517
2026
2196
2041
2215
2269
2119
1493
1501
1890
1873
1896
1795
1668
1610
1818
1835
1730
1675
865
1720
1752
1600
1543
475
1560
1901
1262
535
1654
1754
570
475
1558
426
933
522
1434
1797
485
1707
644
658
606
706
771
801
818
843
900
905
932
933
954
984
1015
1004
1059
1102
1165
648
505
929
730
753
528
603
677
776
631
688
779
748
788
721
707
840
740
684
743
484
487
627
366
738
460
4004
4029
4036
341
678
4091
4184
1940
499
4598
439
4629
4730
4783
780
840
1976
858
936
5142
569
577
487
5276
5255
5272
5290
5328
5340
701
5411
519
4545
5611
4806
4668
4332
1071
917
637
662
593
1006
796
938
618
684
712
938
740
974
634
728
5262
6794
5337
5369
5440
5898
5052
7707
6370
6678
5531
5147
4738
4327
4381
4166
4196
4034
4056
4079
4172
5485
4857
4862
524
541
544
561
569
575
635
641
647
678
702
759
804
836
344
937
589
1223
1290
463
1336
1361
1390
1503
1544
1534
1521
1523
971
681
1108
1103
922
486
892
1146
588
572
582
637
2108
478
637
2204
2250
2239
2285
905
917
457
410
522
1076
2763
1266
2858
565
947
1007
1205
473
2935
1242
499
511
508
424
454
472
443
486
521
3568
3582
3583
302
3100
489
483
530
488
434
577
587
452
450
455
500
545
4216
4157
4149
4075
4570
4278
4108
3982
3950
4010
4380
4533
4125
4152
4823
4662
4547
4293
4072
4185
4079
4077
3643
4547
4386
4305
4086
3720
3576
3536
3421
574
579
579
577
611
614
602
632
643
659
650
639
670
759
726
772
753
778
797
864
891
855
897
903
869
962
423
459
311
498
531
505
473
1158
1212
478
525
527
555
299
503
793
430
597
716
708
1538
391
1506
1562
1581
504
501
663
424
537
401
356
596
1878
323
549
1906
417
583
509
488
498
448
485
565
606
445
486
2389
485
533
534
425
403
509
507
535
477
461
526
460
395
490
377
609
530
473
2459
2468
3643
3120
3150
3097
3013
3856
3922
3705
3844
4554
4445
4126
4228
4009
4027
3532
4968
4897
4887
4651
4488
4100
3994
4363
4251
508
488
546
557
566
619
649
647
657
661
684
705
711
715
734
723
740
756
807
785
837
859
884
881
900
906
911
923
930
437
981
462
1028
551
367
1148
603
423
499
484
1204
491
470
576
606
469
495
743
517
1442
484
527
1433
540
565
1484
562
439
750
489
663
617
590
438
431
464
522
542
562
534
491
465
656
389
458
601
2157
1517
2026
2196
2041
2215
2269
2119
1493
1501
1890
1873
1896
1795
1668
1610
1818
1835
1730
1675
865
1720
1752
1600
1543
475
1560
1901
1262
535
1654
1754
570
475
1558
426
933
522
1434
1797
485
1707
644
658
606
706
771
801
818
843
900
905
932
933
954
984
1015
1004
1059
1102
1165
648
505
929
730
753
528
603
677
776
631
688
779
748
788
721
707
840
740
684
743
484
487
627
366
738
460
4004
4029
4036
341
678
4091
4184
1940
499
4598
439
4629
4730
4783
780
840
1976
858
936
5142
569
577
487
5276
5255
5272
5290
5328
5340
701
5411
519
4545
5611
4806
4668
4332
1071
917
637
662
593
1006
796
938
618
684
712
938
740
974
634
728
5262
6794
5337
5369
5440
5898
5052
7707
6370
6678
5531
5147
4738
4327
4381
4166
4196
4034
4056
4079
4172
5485
4857
4862
524
541
544
561
569
575
635
641
647
678
702
759
804
836
344
937
589
1223
1290
463
1336
1361
1390
1503
1544
1534
1521
1523
971
681
1108
1103
922
486
892
1146
588
572
582
637
2108
478
637
2204
2250
2239
2285
905
917
457
410
522
1076
2763
1266
2858
565
947
1007
1205
473
2935
1242
499
511
508
424
454
472
443
486
521
3568
3582
3583
302
3100
489
483
530
488
434
577
587
452
450
455
500
545
4216
4157
4149
4075
4570
4278
4108
3982
3950
4010
4380
4533
4125
4152
4823
4662
4547
4293
4072
4185
4079
4077
3643
4547
4386
4305
4086
3720
3576
3536
3421
