142
185
116
125
144
170
144
120
181
101
137
121
105
110
921
648
655
701
103
122
119
127
101
106
150
134
117
129
113
127
99
179
146
76
127
141
1506
1424
1281
1198
1107
133
155
169
140
157
789
122
513
595
638
239
116
252
121
118
132
136
130
123
127
110
153
132
174
152
174
108
120
105
93
164
1627
1690
1540
132
1497
1478
1322
880
1016
113
118
156
110
162
185
127
107
141
108
157
134
122
158
137
108
1003
1058
131
1002
678
127
666
930
201
708
544
1453
1529
1720
1268
1374
1102
1028
1002
1111
1050
824
803
198
171
174
180
229
123
311
197
125
204
142
123
125
164
187
157
187
197
172
179
225
164
136
125
195
210
197
227
186
204
178
232
263
215
249
221
200
194
223
205
140
226
212
225
186
113
303
147
137
286
188
289
272
270
185
173
169
313
173
158
359
467
503
485
425
391
465
467
220
433
258
440
281
214
334
354
364
277
221
167
246
450
304
211
227
179
220
262
329
237
339
139
133
134
182
235
395
296
164
236
124
185
204
260
237
210
206
256
240
219
223
319
258
216
246
246
241
295
304
274
164
139
165
155
170
112
131
142
150
149
125
163
131
131
139
107
118
217
150
133
129
108
106
176
138
115
168
144
120
110
132
138
136
139
146
117
239
153
219
110
110
125
141
102
167
203
135
231
155
221
110
115
199
134
176
150
119
144
123
144
225
126
222
159
118
137
253
140
188
152
118
367
656
998
441
225
200
133
118
145
151
210
105
135
172
148
182
175
117
213
163
201
119
105
113
215
145
151
185
120
193
232
171
158
151
151
162
152
2530
1741
979
932
1178
1359
1207
1334
1892
1867
3080
3207
158
144
170
120
120
165
118
142
149
110
125
115
141
92
164
105
157
138
89
135
100
217
152
116
128
114
99
143
132
123
150
138
155
87
120
120
117
118
141
133
98
109
161
108
143
119
86
107
103
122
157
153
131
95
127
79
106
146
173
135
94
107
141
108
154
104
196
113
120
217
94
122
229
97
139
139
185
127
158
129
162
106
137
163
142
108
97
173
170
159
138
126
93
124
132
111
141
189
137
127
147
137
124
107
100
160
137
106
135
212
137
100
142
110
186
155
205
213
199
224
142
185
116
125
144
170
144
120
181
101
137
121
105
110
921
648
655
701
103
122
119
127
101
106
150
134
117
129
113
127
99
179
146
76
127
141
1506
1424
1281
1198
1107
133
155
169
140
157
789
122
513
595
638
239
116
252
121
118
132
136
130
123
127
110
153
132
174
152
174
108
120
105
93
164
1627
1690
1540
132
1497
1478
1322
880
1016
113
118
156
110
162
185
127
107
141
108
157
134
122
158
137
108
1003
1058
131
1002
678
127
666
930
201
708
544
1453
1529
1720
1268
1374
1102
1028
1002
1111
1050
824
803
198
171
174
180
229
123
311
197
125
204
142
123
125
164
187
157
187
197
172
179
225
164
136
125
195
210
197
227
186
204
178
232
263
215
249
221
200
194
223
205
140
226
212
225
186
113
303
147
137
286
188
289
272
270
185
173
169
313
173
158
359
467
503
485
425
391
465
467
220
433
258
440
281
214
334
354
364
277
221
167
246
450
304
211
227
179
220
262
329
237
339
139
133
134
182
235
395
296
164
236
124
185
204
260
237
210
206
256
240
219
223
319
258
216
246
246
241
295
304
274
164
139
165
155
170
112
131
142
150
149
125
163
131
131
139
107
118
217
150
133
129
108
106
176
138
115
168
144
120
110
132
138
136
139
146
117
239
153
219
110
110
125
141
102
167
203
135
231
155
221
110
115
199
134
176
150
119
144
123
144
225
126
222
159
118
137
253
140
188
152
118
367
656
998
441
225
200
133
118
145
151
210
105
135
172
148
182
175
117
213
163
201
119
105
113
215
145
151
185
120
193
232
171
158
151
151
162
152
2530
1741
979
932
1178
1359
1207
1334
1892
1867
3080
3207
158
144
170
120
120
165
118
142
149
110
125
115
141
92
164
105
157
138
89
135
100
217
152
116
128
114
99
143
132
123
150
138
155
87
120
120
117
118
141
133
98
109
161
108
143
119
86
107
103
122
157
153
131
95
127
79
106
146
173
135
94
107
141
108
154
104
196
113
120
217
94
122
229
97
139
139
185
127
158
129
162
106
137
163
142
108
97
173
170
159
138
126
93
124
132
111
141
189
137
127
147
137
124
107
100
160
137
106
135
212
137
100
142
110
186
155
205
213
199
224
142
185
116
125
144
170
144
120
181
101
137
121
105
110
921
648
655
701
103
122
119
127
101
106
150
134
117
129
113
127
99
179
146
76
127
141
1506
1424
1281
1198
1107
133
155
169
140
157
789
122
513
595
638
239
116
252
121
118
132
136
130
123
127
110
153
132
174
152
174
108
120
105
93
164
1627
1690
1540
132
1497
1478
1322
880
1016
113
118
156
110
162
185
127
107
141
108
157
134
122
158
137
108
1003
1058
131
1002
678
127
666
930
201
708
544
1453
1529
1720
1268
1374
1102
1028
1002
1111
1050
824
803
198
171
174
180
229
123
311
197
125
204
142
123
125
164
187
157
187
197
172
179
225
164
136
125
195
210
197
227
186
204
178
232
263
215
249
221
200
194
223
205
140
226
212
225
186
113
303
147
137
286
188
289
272
270
185
173
169
313
173
158
359
467
503
485
425
391
465
467
220
433
258
440
281
214
334
354
364
277
221
167
246
450
304
211
227
179
220
262
329
237
339
139
133
134
182
235
395
296
164
236
124
185
204
260
237
210
206
256
240
219
223
319
258
216
246
246
241
295
304
274
164
139
165
155
170
112
131
142
150
149
125
163
131
131
139
107
118
217
150
133
129
108
106
176
138
115
168
144
120
110
132
138
136
139
146
117
239
153
219
110
110
125
141
102
167
203
135
231
155
221
110
115
199
134
176
150
119
144
123
144
225
126
222
159
118
137
253
140
188
152
118
367
656
998
441
225
200
133
118
145
151
210
105
135
172
148
182
175
117
213
163
201
119
105
113
215
145
151
185
120
193
232
171
158
151
151
162
152
2530
1741
979
932
1178
1359
1207
1334
1892
1867
3080
3207
158
144
170
120
120
165
118
142
149
110
125
115
141
92
164
105
157
138
89
135
100
217
152
116
128
114
99
143
132
123
150
138
155
87
120
120
117
118
141
133
98
109
161
108
143
119
86
107
103
122
157
153
131
95
127
79
106
146
173
135
94
107
141
108
154
104
196
113
120
217
94
122
229
97
139
139
185
127
158
129
162
106
137
163
142
108
97
173
170
159
138
126
93
124
132
111
141
189
137
127
147
137
124
107
100
160
137
106
135
212
137
100
142
110
186
155
205
213
199
224
