2915
3274
924
696
2599
2118
2135
2796
464
658
375
455
445
687
443
369
386
1643
1685
261
278
453
427
401
568
360
460
316
408
590
384
255
360
385
518
454
438
396
323
384
424
353
298
379
289
449
361
366
262
366
590
258
290
265
462
374
241
329
211
208
268
717
286
230
717
268
280
374
323
221
248
232
295
232
239
184
295
443
370
2432
232
256
235
2552
186
222
256
334
262
280
186
288
202
383
292
264
179
212
186
245
222
233
1873
637
249
238
189
1976
283
195
203
240
215
265
1868
1942
310
421
1859
2011
2261
2472
556
640
552
633
412
444
427
372
396
2456
456
424
2766
223
456
679
378
548
366
274
394
220
2313
2315
295
355
315
205
439
4271
4273
282
176
510
364
210
207
731
445
463
315
195
210
565
457
208
354
214
251
351
458
346
190
203
427
324
201
213
193
340
312
532
179
202
301
229
264
417
176
239
417
242
204
276
179
331
182
265
187
444
382
327
314
160
231
337
1785
179
193
329
1883
306
349
192
169
400
270
222
220
227
297
192
216
210
229
247
356
290
612
2029
2145
2147
325
430
2309
823
2279
2389
2327
2405
879
918
1825
1827
356
428
323
362
516
511
2070
327
251
2276
233
369
454
273
561
411
301
328
238
364
1887
377
327
540
300
289
2259
405
218
265
357
352
369
260
373
438
276
899
441
375
562
231
730
252
264
441
226
365
255
236
440
275
355
347
493
226
276
251
255
242
248
224
556
246
218
373
228
212
269
226
217
310
209
207
266
261
215
213
256
220
270
231
176
253
207
384
243
233
227
192
273
230
211
230
186
225
324
249
204
359
197
217
218
231
242
2298
425
2584
1905
1967
1833
1874
2208
2291
