105
113
121
62
140
51
167
172
180
83
166
193
92
79
79
115
64
71
87
95
113
104
98
79
70
99
54
89
196
207
62
97
38
71
94
67
106
73
72
85
60
80
67
78
73
79
89
109
100
74
65
75
117
92
90
67
49
73
88
70
99
70
46
88
47
87
66
104
118
77
79
73
66
62
95
77
47
44
63
56
132
64
109
81
67
112
108
67
57
62
119
49
49
51
104
78
63
80
68
85
64
58
63
62
128
123
65
95
51
68
61
56
131
59
44
56
176
56
140
109
86
124
99
136
53
88
76
47
94
120
65
88
42
80
66
92
71
161
68
49
243
127
55
183
78
73
60
117
104
65
109
99
274
51
310
76
60
123
134
114
51
91
57
92
80
55
68
99
69
212
72
109
104
51
66
83
84
92
153
61
113
154
62
107
104
110
106
98
99
101
51
66
121
123
71
132
108
86
145
80
74
79
65
105
74
117
79
142
96
82
55
80
63
76
78
110
90
55
140
48
87
106
113
86
86
83
104
141
71
93
92
64
72
51
78
90
120
61
88
90
134
162
102
79
74
70
57
146
83
67
66
49
68
91
75
82
56
85
55
50
89
52
48
71
65
56
44
68
81
49
67
56
73
68
49
58
92
62
68
43
252
51
42
55
55
47
68
42
70
61
84
46
107
44
80
73
71
133
59
71
43
51
79
73
70
53
39
82
81
78
68
72
62
68
61
49
51
98
109
85
53
83
94
69
109
54
56
83
74
36
79
44
71
99
89
98
44
58
59
96
82
59
63
83
66
65
94
72
97
55
229
73
238
78
53
66
51
74
137
131
