99
115
120
130
135
160
54
181
175
58
189
78
57
237
103
72
258
228
261
94
92
141
102
311
66
61
74
116
98
63
86
72
139
436
134
251
476
145
265
152
263
193
177
202
198
56
154
114
157
204
498
232
75
417
234
50
350
93
61
97
246
233
35
192
89
119
96
30
25
357
181
69
113
51
190
239
187
488
206
115
120
100
144
63
120
211
63
64
180
61
48
267
157
71
147
370
132
294
83
205
105
119
58
295
206
393
305
429
387
514
545
551
526
643
497
627
481
570
712
13
515
740
53
770
121
92
96
230
167
550
260
887
728
467
265
240
182
519
636
830
371
310
291
364
424
893
159
458
471
466
242
341
89
377
478
278
333
292
652
208
491
767
417
718
255
274
319
181
552
428
290
414
360
272
233
239
103
171
226
239
156
310
357
128
651
565
540
884
396
209
127
488
250
235
613
252
697
259
360
278
384
364
435
400
329
348
434
447
824
715
508
641
469
400
423
119
235
460
212
26
25
39
15
49
50
62
22
23
62
16
17
1450
411
497
666
656
784
561
1105
852
116
128
130
133
146
152
153
175
197
76
109
230
253
260
124
294
291
176
81
117
324
88
101
233
91
161
70
294
282
140
168
76
233
96
255
149
93
176
596
389
221
145
391
312
223
572
147
102
440
280
194
343
253
278
310
281
92
78
331
123
171
126
138
125
220
141
228
76
306
139
158
175
74
146
177
520
317
140
62
132
263
211
87
116
172
338
280
17
40
55
80
109
132
113
145
70
302
115
340
197
362
158
274
170
255
245
286
345
315
410
494
522
479
317
621
635
689
505
591
6
92
84
67
800
589
804
208
399
790
466
288
954
129
137
173
746
136
166
737
710
224
320
414
313
153
403
737
380
278
470
417
977
164
351
533
424
257
129
117
317
421
612
220
145
256
679
275
211
200
548
253
520
278
291
242
566
650
334
66
478
186
358
158
128
290
563
457
335
297
156
235
180
415
638
635
234
627
226
208
519
351
283
736
412
373
426
17
8
12
13
9
12
395
12
14
7
7
16
17
9
399
16
9
9
23
374
359
469
39
36
248
547
179
542
293
380
379
656
574
625
113
132
142
148
169
54
217
219
221
213
261
281
168
298
322
103
182
340
170
358
410
254
152
132
174
291
226
341
219
272
77
397
219
250
384
176
171
400
101
514
164
120
190
361
501
216
332
235
215
430
323
165
140
163
229
727
127
171
86
618
65
325
120
204
78
159
129
184
111
301
181
129
159
269
15
112
224
280
80
58
133
110
42
142
300
163
87
172
122
147
114
71
68
116
59
180
46
289
361
227
172
297
112
193
180
220
345
305
310
444
412
578
546
428
556
485
653
545
752
800
24
748
821
64
817
151
117
495
705
221
96
252
158
151
104
683
469
431
546
157
1120
307
334
303
269
406
310
358
399
258
160
564
382
610
264
577
136
132
463
202
158
1232
358
743
266
374
215
382
269
776
197
477
533
326
595
342
296
248
75
209
171
375
187
187
137
490
135
594
141
642
170
230
154
777
496
720
661
629
618
311
412
237
339
300
314
10
521
19
21
14
11
8
11
7
20
342
34
15
11
437
9
11
13
15
12
16
26
241
530
540
521
324
534
380
261
533
573
699
519
635
