105
161
183
2028
4712
4864
5354
5491
6545
65
66
145
313
55
66
58
8804
9070
9535
4726
9927
62
61
10347
10496
10917
2616
1196
6660
1903
2843
1048
14597
16473
8171
52
12071
80
10438
10449
141
101
4049
9375
974
2566
2447
58
8680
2990
1747
10853
12941
2852
5050
8953
4917
48
48
50
37
51
39
33
39
44
27270
23677
8056
56
39
46
37
40
42
8716
37
35
31
29
43
46
44
43
6486
41
53
43
39
33785
10644
10822
437
45
56
40
78
59
50
45
49
66
15901
7373
25823
5133
4557
6460
15374
35987
7450
41263
13007
16791
8820
27986
34882
40807
46574
73140
229
272
120
2219
3091
4153
2312
71
4978
5107
5226
5476
146
163
87
6990
8425
8798
44
9828
10163
10387
6100
5910
10932
281
67
12665
2562
1014
62
758
9824
6448
54
61
13042
10583
10863
154
74
8592
11056
4362
6348
8704
2960
16888
15661
9064
1708
64
42
55
43
38
52
33
48
44
14661
23215
7477
25910
3156
93
10705
125
1126
62
49
41
53
54
68
44
42
38
29
43
33
39
42
40
32356
89
47
38
36
41
33
50
46
6458
40
67
57
33
44
2495
7189
2847
15992
13533
11343
20525
5036
5211
9427
6525
7926
45950
16180
23270
46876
32854
34512
37452
34631
68523
68
174
2111
2462
5136
67
108
72
5511
66
5808
144
7439
7961
2465
366
8371
54
8454
9929
10238
2669
85
10480
67
10681
2261
4978
9487
12081
1873
5271
5366
453
8667
80
4036
2788
7043
55
66
41
53
59
46
42
48
52
2938
9257
955
8201
11804
14915
39
15974
138
1285
61
51
53
56
48
49
44
37
49
38
51
43
54
42
41
55
45
51
57
37
54
39
37
42
8055
46
42
26217
11897
3514
56
18055
16884
30
32
35563
10551
25053
13788
9410
27985
6665
30248
8116
40850
6745
10292
2960
6067
9000
2872
46
11622
2087
11680
35352
22534
11302
48841
20435
44604
80383
