247
254
260
277
295
294
296
293
307
318
330
331
345
343
360
423
227
226
261
250
233
226
314
248
307
308
274
337
342
387
256
272
276
277
271
261
278
555
544
267
334
326
343
264
326
189
220
156
182
232
138
242
243
170
186
285
234
237
301
196
360
362
198
238
233
159
221
219
233
249
168
285
236
273
248
315
200
264
220
220
206
215
213
343
223
199
121
290
173
316
136
211
209
205
119
299
213
209
189
151
240
243
227
245
224
203
122
187
191
296
184
138
184
211
198
184
272
215
224
225
262
274
300
293
312
320
359
359
332
362
353
395
380
450
447
498
246
239
269
232
293
257
277
335
275
293
317
433
217
225
367
313
232
281
332
223
233
249
242
180
228
148
177
252
174
134
141
205
223
228
143
239
185
212
253
321
171
183
208
215
235
246
220
218
223
170
370
163
146
204
173
174
216
202
268
240
197
165
267
208
214
203
179
175
226
152
207
150
211
219
147
133
211
202
132
220
143
144
233
211
181
190
126
194
158
169
130
189
215
196
156
165
146
140
193
215
177
269
200
237
272
256
309
325
323
351
355
350
355
371
410
401
481
230
257
555
302
266
236
249
269
326
352
346
319
230
193
197
243
407
246
281
364
241
287
277
195
218
270
211
208
291
299
240
220
261
216
290
190
208
326
189
212
237
1308
361
304
229
177
250
322
280
1352
172
263
212
241
258
194
305
195
198
212
215
283
206
189
297
215
280
203
203
305
345
189
285
218
306
182
207
242
253
234
269
209
214
248
297
225
194
215
193
218
213
199
195
270
214
185
205
199
163
202
298
196
259
299
229
209
245
