78
92
72
97
62
44
75
32
83
61
66
64
32
58
54
35
52
45
33
55
62
52
32
47
85
100
63
53
78
35
31
78
74
76
95
54
57
56
41
58
74
41
64
66
67
35
67
47
50
81
39
64
52
70
58
52
53
61
42
33
72
67
49
59
34
72
61
53
31
96
47
67
68
104
58
33
79
60
50
34
66
81
54
33
60
48
47
75
65
35
66
47
58
61
39
32
67
41
65
35
56
48
54
50
45
66
38
59
51
32
87
40
50
78
40
71
63
51
62
95
51
59
77
47
88
43
60
73
45
71
56
87
32
78
62
64
73
52
42
53
55
42
54
44
53
42
58
47
86
61
56
38
87
51
46
58
37
62
58
59
40
37
68
54
41
43
53
41
59
33
59
69
87
54
53
40
58
73
38
54
66
74
41
54
87
41
73
75
45
86
59
52
38
78
58
48
43
53
40
65
45
54
58
53
38
67
56
47
63
72
53
61
76
40
54
43
54
62
62
47
60
58
37
37
55
38
62
73
98
50
55
70
58
34
58
68
39
91
46
69
63
50
75
94
50
55
54
89
79
49
64
64
73
75
58
72
55
49
56
55
120
43
83
102
57
102
51
49
112
50
80
90
61
89
95
68
64
98
46
65
69
95
58
50
73
51
52
48
70
63
46
59
58
65
75
51
59
51
50
55
56
78
69
55
52
95
62
80
47
49
52
70
47
51
60
65
95
50
51
66
114
62
85
54
118
53
76
70
47
58
58
91
72
52
76
57
63
56
52
71
63
60
77
80
89
91
49
58
66
70
54
50
59
60
90
57
49
58
73
84
