101
104
111
13
17
136
16
148
15
151
177
168
184
189
191
222
104
232
237
82
287
78
106
151
199
204
200
79
150
161
248
69
286
137
368
551
148
326
12
170
179
12
125
108
70
322
51
233
31
331
143
19
276
390
487
257
69
74
94
71
455
60
107
40
152
73
231
144
117
146
53
15
60
172
18
247
13
13
89
286
16
74
243
374
196
78
421
327
78
84
466
19
109
105
84
134
192
232
147
7
175
164
225
18
59
111
63
122
110
40
98
191
165
55
13
89
145
71
28
164
193
173
155
238
133
106
217
185
308
130
372
427
434
551
210
471
398
392
527
14
547
33
458
53
440
119
131
84
650
111
427
116
138
690
731
183
364
319
463
367
584
239
282
354
225
155
637
130
196
349
346
296
228
347
486
142
201
400
179
80
151
540
479
126
492
203
96
200
285
397
190
303
249
432
220
433
475
373
122
382
251
464
286
214
241
210
183
213
258
377
530
459
226
230
235
252
486
294
429
393
340
251
330
245
376
293
427
282
245
106
380
311
604
356
209
180
222
245
599
399
95
98
103
118
119
120
122
133
145
166
86
66
192
78
216
95
236
263
74
138
79
306
97
58
206
122
150
236
36
37
284
225
240
43
98
127
137
206
83
521
222
82
203
120
321
78
127
237
157
111
65
334
143
69
123
556
138
85
242
82
63
27
192
93
259
316
111
193
524
146
93
448
276
164
144
53
95
41
220
28
42
249
34
214
41
122
72
245
51
193
218
172
61
321
140
236
357
50
88
299
102
306
118
85
293
116
179
192
281
125
356
385
349
438
286
395
361
513
569
522
535
33
45
124
56
516
617
52
162
58
107
461
240
709
718
145
134
387
160
427
584
510
648
273
342
303
347
374
401
204
166
128
230
266
332
542
408
291
458
195
83
90
162
315
84
206
147
256
222
617
182
388
347
212
354
472
320
194
78
279
181
262
284
396
135
174
622
481
275
281
139
387
439
438
211
291
179
280
253
360
349
320
330
263
392
397
245
101
68
43
44
16
14
17
16
298
11
9
16
27
12
232
515
12
11
13
17
221
353
491
20
26
39
262
304
200
337
163
371
472
84
104
109
137
128
130
170
64
180
187
190
213
147
306
103
75
153
312
248
380
183
397
258
98
285
126
282
489
164
322
181
74
84
348
168
91
60
198
62
189
66
98
398
83
306
47
179
69
364
154
46
106
109
93
365
276
171
348
74
97
25
140
262
373
83
126
115
113
92
302
106
344
152
74
143
221
134
72
130
348
223
76
162
265
71
289
107
216
193
221
54
115
130
34
158
335
299
104
37
111
94
30
39
254
168
31
416
119
77
75
163
207
103
489
431
538
262
590
384
464
597
13
114
153
607
598
387
90
446
59
82
109
264
110
458
362
755
159
688
870
413
161
223
684
194
248
388
186
324
347
210
135
396
386
228
410
131
473
371
68
198
276
203
476
111
353
515
87
304
273
400
188
195
267
291
493
326
506
370
273
389
298
187
103
135
134
165
207
288
175
163
489
463
248
466
258
179
295
307
311
431
381
417
606
228
422
503
14
17
16
20
13
23
12
402
16
13
19
376
297
116
287
252
39
31
30
67
48
43
37
30
25
255
184
173
264
388
142
258
403
