131
155
1849
2414
36
2637
3673
4009
4905
88
2651
8211
42
8857
93
51
9124
9924
10214
55
68
229
2412
9622
7634
41
11798
11814
209
4989
1042
1577
2646
65
14583
61
5674
82
4919
44
3577
2805
1183
18430
60
70
6229
1010
5795
21805
6438
9123
7667
2956
5198
21385
12959
81
55
41
45
39
40
45
41
41
72
11290
23658
10782
2513
54
5454
55
34
29
42
38
49
42
35
37
33
7868
42
58
45
53
31
41
61
9508
48
36
53
59
36
57
44
32
32
34
29
29
30
10793
23653
26594
10679
7865
6603
12810
36847
25088
17290
18082
36067
31443
35025
63160
100
40
1920
1958
36
65
3631
32
4015
4171
4366
7612
7965
59
8582
7656
2422
6254
71
10377
42
10553
6927
194
56
2485
12963
2591
13235
6649
17512
54
4648
7704
17738
217
15864
42
119
7408
2804
3026
54
8485
1852
11985
1149
45
2642
70
10645
48
40
38
42
41
52
23048
42
81
43
49
85
14825
9038
6377
1135
2264
21481
15274
56
78
8175
28
814
45
75
34
33
33
47
40
51
27
6941
4546
44
69
104
42
47
39
38
35
43
43
47
44
42
41
46
62
4715
40
42
46
7684
7795
12054
10629
11757
26179
38272
9317
15144
21027
34203
37653
36361
52311
165
161
74
2038
98
2340
123
2633
3524
4388
4937
9251
9455
9556
57
10340
74
7732
1775
50
899
12282
12336
8340
456
2558
65
13282
1389
52
59
65
2549
13043
2617
5970
18471
102
7985
7925
18568
6391
6403
91
2791
69
9615
8754
20192
232
3018
66
10012
16225
38
33
31
52
37
73
42
38
37
42
23215
78
5263
1196
2762
57
7218
13754
52
47
41
43
48
35
2630
34
42
39
38
46
61
42
44
40
58
50
46
43
40
44
9125
59
51
37
53
38
33
51
57
5705
12080
32867
5271
8497
24106
38063
11630
7571
13330
17627
23343
10174
16686
37633
34940
51158
