253
261
279
294
276
295
330
367
388
387
388
398
410
456
252
503
265
236
535
242
231
296
273
285
271
293
276
314
289
250
219
226
221
235
242
256
321
210
270
258
239
234
243
344
227
265
225
299
238
280
241
270
213
255
267
196
222
271
235
210
227
304
242
218
295
273
230
239
207
281
225
190
206
256
212
296
217
193
302
238
246
355
275
262
348
206
252
230
238
289
190
203
199
268
212
229
178
275
249
251
257
250
197
203
199
186
186
287
219
296
208
217
201
236
188
195
244
265
319
343
254
255
261
287
273
290
292
304
305
308
342
358
373
386
471
474
223
221
228
262
253
273
230
272
269
284
288
312
315
228
216
241
237
247
229
238
317
236
450
246
274
308
256
276
244
184
255
217
238
238
207
143
271
240
117
247
275
304
249
235
280
258
214
219
366
248
236
191
289
216
252
297
120
111
248
276
195
193
238
230
237
287
158
325
226
151
246
350
231
219
179
206
225
364
256
150
143
260
263
224
202
211
205
199
159
236
192
145
187
189
172
188
161
141
207
219
230
219
245
234
238
258
245
268
294
298
318
328
345
357
379
383
396
416
462
245
231
485
243
270
221
278
309
271
262
337
289
223
365
245
230
227
264
304
406
246
252
387
212
213
265
218
209
202
234
220
305
332
309
286
218
292
229
349
224
214
249
227
220
196
365
224
234
269
243
200
213
314
275
207
301
238
193
204
204
224
317
247
263
220
221
251
222
217
244
210
253
217
192
248
285
227
210
197
244
191
228
183
274
185
191
265
263
242
275
194
253
207
211
340
198
211
191
199
259
277
202
200
267
306
