61
69
79
47
52
74
73
52
49
48
73
84
76
64
53
45
64
62
62
65
63
56
44
70
52
57
60
113
51
88
59
50
55
108
43
91
77
58
54
49
60
80
66
72
51
47
67
61
52
77
85
59
64
60
55
63
53
66
65
60
62
58
73
48
57
66
55
77
61
60
46
87
59
64
58
67
48
53
71
62
46
60
55
65
66
55
71
55
81
57
79
113
75
53
101
58
122
67
47
69
70
55
117
73
52
76
70
47
48
84
57
74
95
89
100
54
51
66
67
79
55
76
70
64
64
45
56
39
58
112
70
53
46
72
59
55
50
54
52
41
45
66
43
41
61
48
65
52
142
147
50
45
41
54
49
48
64
41
67
65
70
72
87
72
84
52
66
54
62
44
125
43
110
44
52
99
51
48
61
70
65
64
79
40
66
83
50
71
52
79
44
41
48
38
52
63
48
56
58
92
48
80
63
68
61
136
56
45
59
65
41
64
52
59
62
50
45
44
52
39
45
45
55
52
49
57
89
53
75
58
46
44
77
48
59
51
47
59
78
51
67
105
54
58
73
120
116
60
96
54
97
71
116
72
82
104
59
67
56
95
75
53
50
105
108
52
94
59
73
66
62
78
63
70
55
58
53
57
52
99
49
65
51
56
64
46
58
80
73
52
50
49
58
51
48
50
50
94
65
79
66
96
83
54
50
64
48
50
71
71
68
53
103
84
81
56
50
62
53
50
47
75
57
50
82
72
82
59
50
69
67
52
80
57
53
69
66
70
68
102
70
81
58
68
78
92
78
49
52
71
55
46
57
72
79
59
67
58
52
52
