150
161
162
171
189
182
181
190
195
214
210
91
91
274
127
103
81
306
305
310
158
178
93
200
188
190
417
68
65
177
78
169
335
119
285
169
257
138
173
56
180
341
136
198
343
212
172
108
190
410
125
109
38
73
238
494
39
65
206
265
145
108
195
194
177
228
253
86
38
131
187
564
144
90
195
149
180
187
47
461
246
128
172
181
131
30
49
66
340
84
293
73
185
46
130
36
98
141
173
111
235
212
110
120
116
151
330
155
154
60
228
311
378
460
363
419
292
239
422
461
635
614
11
656
275
8
86
256
607
395
133
74
120
64
753
311
543
128
389
739
175
158
874
551
254
238
181
160
336
380
392
208
235
163
402
411
394
418
254
69
580
585
358
253
429
242
278
249
197
195
124
311
279
176
529
152
247
401
316
317
265
187
180
143
118
672
379
486
354
137
183
237
155
389
452
221
318
287
175
298
292
278
388
271
325
20
142
334
11
10
11
13
12
12
99
667
7
28
7
9
321
12
28
27
279
434
12
36
20
15
16
199
404
213
468
272
350
453
489
474
67
76
83
98
86
98
93
32
50
63
32
140
154
150
56
65
204
195
102
123
115
216
247
93
127
305
78
144
63
348
218
137
225
150
94
227
199
120
124
71
181
79
101
153
280
92
305
333
156
55
395
102
85
56
475
187
172
102
144
165
180
81
49
148
335
37
121
73
112
124
138
242
241
12
170
125
277
162
318
87
122
139
121
77
236
91
55
97
186
175
216
50
175
134
88
165
232
302
92
101
132
116
261
241
222
166
283
386
417
223
290
137
297
374
279
523
478
352
343
380
576
561
38
84
42
602
118
221
112
326
89
112
224
162
299
141
162
494
645
794
250
890
254
190
138
263
373
191
335
166
1021
756
377
417
326
395
237
172
289
67
450
156
230
415
187
286
267
356
117
224
199
295
214
345
242
135
266
502
513
199
376
111
409
164
326
303
198
467
395
246
428
268
215
238
474
227
239
275
375
287
553
321
203
279
131
405
370
481
7
31
86
12
10
336
9
323
22
28
19
25
13
50
47
31
246
28
28
39
30
18
28
456
348
288
424
268
464
411
539
520
107
103
121
131
172
44
165
198
192
65
44
204
119
65
262
257
174
81
87
284
318
105
337
93
181
202
425
267
166
488
186
162
238
73
284
163
183
138
78
138
105
65
496
148
537
219
269
271
233
210
125
71
36
140
70
164
187
529
621
337
656
91
304
230
111
256
583
91
154
58
273
160
163
62
30
66
188
181
180
348
71
116
30
57
22
335
41
228
144
46
84
223
175
28
86
165
117
169
115
99
250
187
179
136
36
140
202
223
302
407
186
355
288
300
484
338
499
456
624
464
29
203
261
9
80
81
147
53
616
92
80
656
702
648
124
443
598
180
164
433
167
574
442
257
210
297
336
161
335
217
364
186
411
202
155
378
237
329
233
422
98
151
215
145
179
271
265
318
573
304
419
122
379
143
582
257
349
399
296
121
273
586
197
453
116
187
373
147
388
393
144
395
299
183
283
208
488
290
336
296
179
381
349
307
290
354
75
139
335
9
20
20
28
14
17
21
58
54
370
51
41
16
13
15
26
19
331
22
22
21
285
428
442
301
477
339
617
297
412
510
