235
225
41
1794
2841
42
4194
6916
3891
68
8275
8727
9221
9379
9651
69
75
1621
9923
2286
11286
78
2595
2475
12341
2451
68
379
3419
75
78
13791
95
53
2851
9194
40
262
49
76
6095
1264
19793
1610
48
18353
12030
10263
14052
12943
4440
10526
33
48
16694
1212
26421
73
7045
4546
10727
3312
28868
11527
8365
32
27
37
72
36
28
27
38
42
937
32
28
52
59
28
25
33
30
8031
26
43
45
45
56
46
27
36
253
44
46
29
40
58
34
43
28
36
49
23
25592
6282
32875
6133
6456
7383
22271
4920
8707
8826
11000
17958
16879
30707
38781
70508
128
166
70
106
1743
2144
31
2164
81
2552
3408
1308
1673
31
7236
8424
8556
36
9037
9196
80
9421
9848
10003
2278
12369
58
2850
2580
29
57
51
8577
1284
14880
7900
7574
265
318
14182
316
56
6142
19171
7395
13941
53
12940
9013
59
8276
78
4881
2645
2646
7389
24832
43
37
68
46
43
50
60
34
22666
42
43
132
16003
2312
33
42
70
38
36
38
39
33
54
29
41
123
40
44
41
4565
45
30
38
47
58
45
17626
61
53
53
54
30
50
34
3091
2904
9470
7751
12672
8892
6729
4958
8343
33663
5809
10885
15030
19133
24329
26552
35856
37947
59531
171
2071
2202
2510
3512
50
33
2099
75
65
7728
8010
8385
8449
453
204
9157
61
76
9304
1764
74
9633
80
1832
32
11885
12152
7369
5949
794
51
8085
15804
8831
6875
2521
55
74
19685
8068
16603
2287
1390
108
3540
2239
84
13528
20982
62
3671
49
23918
1221
24935
355
107
16830
55
6579
4419
7193
12800
6754
319
34
8615
10980
47
50
56
51
45
47
44
50
52
37
47
39
61
45
43
55
52
36
55
40
52
30
39
45
37
40
52
43
59
45
52
38
41
50
46
9302
11872
23425
9407
7891
18160
5048
10917
10406
5104
30352
16415
38750
34078
28993
63559
