362
447
61
495
498
60
531
587
79
666
162
183
84
102
768
76
73
174
58
162
69
55
149
51
284
45
42
539
1023
1041
41
38
38
47
27
286
228
616
1221
302
266
423
177
1375
70
82
240
113
114
125
535
1523
137
141
102
408
613
1711
751
274
649
471
227
296
30
136
247
111
86
150
69
407
757
271
181
399
156
133
251
185
117
2340
212
239
166
129
178
490
2499
198
100
107
99
189
91
163
293
264
107
234
989
218
126
635
836
1399
1552
380
494
213
310
1377
1159
835
730
664
379
1708
838
416
175
177
21
784
127
770
28
95
235
18
220
469
287
330
145
363
439
292
270
348
896
520
704
830
704
569
768
1196
504
532
176
334
994
528
204
17
510
70
649
272
121
198
305
744
35
433
253
480
428
541
461
229
489
868
699
390
321
861
488
320
313
713
187
270
21
138
152
317
97
729
1264
123
307
184
311
311
459
476
531
216
616
537
550
545
583
921
661
814
75
475
169
185
995
758
86
710
265
152
103
74
139
146
781
318
145
382
121
85
121
244
75
77
91
50
53
135
54
223
40
84
659
693
843
832
862
842
956
1025
335
1043
229
271
1201
94
1251
388
442
239
134
345
251
197
285
431
211
158
208
127
219
919
136
232
260
254
396
133
386
295
1881
119
180
319
641
114
141
254
376
476
119
354
87
226
347
283
126
2301
2308
335
112
126
969
311
428
81
240
54
394
578
277
120
295
103
324
87
818
18
428
234
205
141
275
155
59
340
831
252
130
269
809
175
365
200
1016
1516
514
506
241
643
432
1095
392
955
713
798
742
655
175
324
138
493
29
144
43
168
590
22
198
303
1068
335
377
285
581
275
337
309
562
653
823
1126
666
482
415
354
994
659
227
322
328
535
419
330
24
65
247
220
194
119
227
242
20
492
341
421
385
644
662
187
788
433
304
394
1038
861
426
603
818
206
225
179
27
486
775
280
244
344
596
167
599
529
443
571
899
933
804
409
987
557
848
691
789
595
507
829
145
558
493
115
115
159
39
24
17
14
117
23
21
50
172
19
23
15
193
780
31
22
22
136
53
9
481
45
377
106
55
42
22
346
21
18
351
28
16
78
428
83
290
300
183
178
830
1018
1042
1066
1116
1139
1187
166
1260
486
222
185
143
109
1613
138
655
1723
195
699
244
665
745
258
35
2104
341
207
318
504
155
90
217
209
115
395
89
559
180
351
2697
203
772
191
136
75
281
106
1160
100
308
146
543
203
191
617
108
557
312
265
213
221
2057
812
416
580
196
847
355
149
191
1595
555
93
72
646
62
87
57
59
198
63
94
1180
350
94
150
837
191
36
178
199
29
131
226
631
21
95
1000
512
212
174
137
283
391
398
408
590
465
683
786
655
805
859
435
170
430
684
1141
787
252
147
16
444
126
298
426
227
221
175
302
19
833
291
839
351
483
388
349
212
564
416
821
373
770
302
694
373
283
338
210
634
37
140
278
243
100
386
238
837
507
397
524
502
683
534
560
282
535
560
880
627
496
957
338
85
52
12
64
24
20
573
764
568
122
1213
88
54
184
85
10
752
18
212
16
76
13
74
17
208
88
74
165
155
166
152
205
246
19
58
25
64
176
46
13
67
109
18
68
15
327
17
86
12
16
100
98
25
118
92
410
73
184
182
144
264
157
130
110
66
