190
238
251
103
2176
3416
118
83
72
265
60
85
83
89
83
10289
3074
10934
5228
6218
15879
9631
11422
12299
17555
20482
14850
19798
3489
8404
8565
124
124
211
94
85
93
49
46
46
77
2421
23706
398
9216
1572
14055
6789
5842
2492
13983
2338
26051
25666
34475
6246
15552
34357
12980
26764
2326
1997
35811
39926
10291
6680
44499
10844
2121
60
68
68
54
89
43
61
64
55
42
54
17577
5824
3292
11699
12305
4394
13143
5997
6482
6569
51628
80
57
51
55
54
46
47
51
57
52
51
801
84
73
2797
10145
3178
12867
16108
15867
17601
17969
25151
28205
35179
35833
27162
42141
40542
190
194
253
94
1333
2114
2812
71
53
89
250
68
41
99
55
86
4907
11255
5132
12210
7499
12748
17230
13267
13743
16442
19760
17364
17809
8454
8469
145
193
5449
96
109
168
121
25494
62
81
73
114
325
2159
9374
2115
11678
11342
7702
33542
8291
24265
3705
29441
16300
6134
33241
25916
30811
103
13721
127
98
80
84
80
86
71
81
79
143
26888
5292
2325
2616
12428
6292
3247
49102
10144
10388
3724
10760
11457
18625
12885
52243
5319
5450
109
772
64
52
74
70
65
77
72
59
58
51
8038
48
58
3669
3549
10306
11337
14168
15231
29045
20754
18538
34335
33917
39913
30756
28855
44847
297
306
360
351
1517
2235
3224
168
94
97
89
125
554
57
57
140
2757
10530
5143
12498
7068
13794
11705
16761
13611
20177
14038
14491
19225
6652
4457
115
48
62
56
72
57
9510
75
83
91
24312
157
336
6364
2096
6547
23254
10337
2648
2683
13254
14000
14032
5269
36291
30342
1786
5356
5873
14655
99
61
45
40
31279
50
74
58
49
41
46
41
29113
11134
1359
33931
41154
9538
10425
8132
47000
3089
11427
11308
6404
50633
5937
1204
52
39
44
46
36
51
37
60
48
38
54
20318
3587
6096
10016
55
57
10704
3320
3662
14000
15676
29797
31626
22113
19501
25825
39311
26393
32721
49661
