280
286
352
363
453
467
453
475
494
494
507
557
289
534
628
409
733
339
426
450
289
364
378
297
401
865
378
333
378
149
156
330
489
202
207
274
330
377
247
224
311
284
268
226
329
292
268
288
202
271
159
173
232
262
220
374
249
337
252
213
275
157
287
472
219
449
196
210
259
187
281
319
139
217
504
302
278
260
345
471
276
258
227
224
282
305
219
267
305
213
196
285
147
143
315
229
166
250
233
298
311
132
389
204
429
372
232
246
209
185
199
203
242
170
154
232
266
239
294
330
278
313
312
381
433
459
480
485
242
576
277
675
386
695
314
712
749
752
202
297
775
241
278
379
804
130
166
300
196
433
225
163
314
149
281
326
250
233
265
300
152
342
186
345
299
321
241
375
438
192
134
422
264
153
152
246
140
392
241
201
148
324
360
150
138
221
179
150
183
277
271
136
175
378
340
146
157
239
131
157
270
138
150
255
180
207
233
139
162
209
146
365
172
123
255
140
236
177
250
313
158
197
147
222
154
164
196
286
222
189
160
179
337
236
207
320
297
289
321
608
308
322
357
371
389
475
489
491
507
292
309
256
681
721
788
412
419
246
353
865
368
225
924
425
904
292
291
480
1003
311
303
341
253
330
205
279
226
215
311
357
359
330
138
172
367
128
380
297
221
228
198
183
140
274
497
175
157
145
212
156
289
136
165
321
156
237
385
137
207
160
305
294
272
167
157
151
203
195
140
313
171
206
210
184
346
143
166
139
152
324
152
198
175
264
297
386
142
152
188
155
155
133
251
332
328
169
211
135
141
240
204
360
198
151
175
330
311
334
238
275
