75
47
64
116
55
93
52
86
59
51
84
60
41
127
68
39
70
86
116
61
89
43
124
87
71
76
72
45
61
66
59
49
63
52
58
62
72
48
94
55
62
42
75
69
45
34
53
75
61
71
76
52
62
137
74
41
72
73
52
96
50
62
42
116
74
73
67
100
46
89
75
51
82
76
88
94
59
68
77
82
47
56
51
93
45
79
93
76
61
57
49
57
69
118
42
44
86
105
50
58
108
77
51
50
47
72
38
87
62
96
67
58
51
44
48
50
67
58
95
98
66
107
107
103
68
50
38
82
89
33
42
80
76
49
60
64
78
67
87
54
100
64
54
69
68
72
61
44
47
81
47
54
80
48
78
43
37
82
34
108
97
43
66
60
86
69
67
58
50
63
49
73
58
88
63
50
38
37
67
79
63
70
37
73
117
35
72
74
81
92
130
54
63
74
38
62
37
68
41
67
49
38
52
72
72
37
77
87
67
72
31
100
112
63
46
75
45
63
41
58
58
32
67
49
39
57
34
63
53
76
106
76
106
98
44
84
72
85
88
70
51
54
69
67
135
63
52
48
37
70
43
55
53
54
58
40
48
104
111
53
77
43
47
57
45
38
50
48
74
46
73
90
61
51
51
43
79
87
80
54
88
46
65
46
67
66
55
44
55
76
46
74
50
45
35
69
75
52
110
51
50
45
71
68
106
79
50
70
67
78
90
67
75
101
59
74
151
58
62
46
41
40
48
72
75
77
63
135
94
79
40
56
78
62
38
60
47
88
36
56
69
74
39
72
73
64
58
59
58
60
41
33
79
153
93
119
59
60
73
76
