96
126
152
146
178
175
175
181
191
189
205
211
95
102
70
292
156
340
169
163
180
272
239
441
122
176
118
321
512
271
429
166
258
94
336
124
403
193
200
156
374
136
425
273
363
409
126
375
220
658
98
436
162
160
315
170
97
55
100
70
53
216
76
183
167
263
248
85
122
85
212
170
77
474
152
306
460
53
112
126
287
267
200
105
354
191
70
193
217
212
318
213
144
325
181
75
76
119
265
294
142
42
65
176
385
88
319
284
437
414
281
461
554
390
730
358
602
771
830
69
24
700
808
41
858
723
274
94
59
641
420
943
783
237
138
714
595
191
614
617
473
359
369
290
275
304
499
212
419
374
441
543
403
101
345
145
161
726
295
1249
144
271
910
756
736
209
216
651
133
350
302
476
231
566
360
251
421
305
247
344
153
149
199
303
514
324
279
238
921
238
537
388
357
274
298
611
263
651
604
181
343
392
298
294
435
343
14
6
7
7
8
8
11
8
430
6
9
7
11
14
10
12
12
17
7
13
251
266
435
332
524
382
549
430
585
663
610
682
597
624
99
149
180
183
188
173
213
248
258
267
115
293
110
307
147
321
261
174
400
136
76
83
211
141
229
505
192
209
199
135
378
166
156
97
104
171
649
277
473
139
242
197
276
78
170
146
127
169
510
291
473
255
136
79
89
164
163
255
220
190
217
90
93
192
417
187
60
292
234
74
231
61
100
352
168
191
258
67
56
80
219
302
212
26
241
84
259
60
117
290
243
224
199
161
92
309
275
193
231
130
174
127
379
248
208
288
301
610
13
10
321
17
11
332
442
261
146
12
12
10
14
10
336
189
646
442
557
133
51
402
9
6
10
7
6
508
10
210
7
27
23
9
813
815
27
788
126
94
139
206
831
418
671
173
526
500
214
985
1108
1099
184
329
617
431
248
347
375
541
480
518
254
390
170
481
589
513
1045
87
167
174
281
190
601
238
208
404
372
539
759
334
213
226
358
335
384
263
154
376
162
214
276
542
608
485
264
481
431
294
249
212
250
475
487
243
144
176
275
384
227
283
289
390
509
426
917
409
244
352
252
475
366
548
203
428
380
248
549
260
531
610
102
164
157
173
203
184
219
256
233
263
285
90
119
287
272
262
149
352
163
74
70
304
462
197
87
136
307
325
86
335
318
320
201
107
37
64
379
139
188
317
470
386
124
440
174
192
185
260
180
155
447
91
100
131
371
269
77
55
96
349
386
310
172
709
153
141
69
123
191
148
439
141
248
123
112
46
200
42
186
193
273
115
30
69
103
53
206
37
181
104
302
151
116
96
65
305
53
117
83
142
204
143
179
118
83
266
511
216
140
170
222
252
288
557
402
391
281
386
263
330
552
586
569
11
567
276
78
259
168
101
382
170
239
85
653
619
624
224
832
152
1029
921
254
699
816
386
357
1132
449
417
522
270
193
421
522
685
90
479
406
411
472
535
177
110
393
216
403
341
262
446
262
286
420
228
199
688
331
467
144
177
361
255
409
260
413
223
132
443
288
245
421
291
470
694
249
255
623
334
294
363
921
417
317
258
468
313
13
21
388
6
10
371
36
15
13
10
13
7
9
14
444
39
7
10
18
11
26
11
240
533
363
321
403
503
392
650
518
650
596
653
