268
2036
41
2330
4232
4316
4670
3522
56
8727
9428
9520
10377
57
10932
165
11171
7085
1153
11633
12058
84
3688
1524
68
1474
13738
139
2996
2678
2980
15246
71
6312
83
2572
10330
7714
8328
9787
15893
7181
310
39
8570
75
26822
77
3096
3520
8193
44
40
37
18498
54
37
40
42
36
42
20758
6484
6534
403
170
71
2093
29759
64
855
12295
25939
205
50
46
38
43
54
91
47
9956
60
30
43
53
35
7805
38
50
47
65
56
76
64
40
56
45
50
63
41
51
45
47
37
10407
33871
3943
39521
7969
8392
9485
27617
13023
15755
26569
32007
32788
37512
53011
275
656
197
2764
2799
4680
4839
7367
8010
79
4104
35
9612
9928
10025
11095
88
167
295
2991
2175
12544
8006
12055
497
195
73
13481
3227
79
14984
3073
1886
3672
112
61
5868
20263
8340
7030
13852
4449
6476
113
17724
24798
4129
63
7537
10880
1647
2984
18474
16560
22986
98
90
66
96
80
60
10318
56
81
76
31461
89
64
69
59
46
82
12640
1330
43
50
88
61
40
8259
59
40
87
73
47
47
62
67
60
52
51
42
52
3008
49
43
36
65
55
59
45
54
7143
2379
38860
863
13569
11797
4337
8952
34119
15197
7893
35177
8455
20855
31202
35404
57444
35906
146
2335
3608
4419
100
4793
5630
2371
141
7904
52
46
8395
9080
81
9567
9540
10464
6608
12273
3098
12820
2941
2572
98
58
63
47
48
70
75
70
51
70
1174
48
43
72
49
47
46
71
47
7638
11437
87
11268
106
85
2128
66
9392
391
64
43
36
40
42
38
37
38
32
63
17638
52
12698
55
18261
110
74
40
53
45
3261
46
40
60
16448
62
94
17747
254
34
46
75
21753
76
2907
26972
10337
1152
5498
4271
55
2382
31537
1238
8285
11460
32536
9252
8089
7845
8034
32581
6804
2479
6890
6485
3467
32238
10922
7618
9509
15011
20925
32271
37502
35818
56055
