304
315
323
335
339
368
368
378
411
423
421
436
444
465
487
517
274
263
295
299
305
293
296
332
286
323
255
349
257
340
318
197
183
429
192
277
273
176
177
272
193
187
217
227
291
215
179
279
165
200
171
328
265
273
300
305
236
164
302
160
244
232
201
266
182
183
184
307
185
232
229
230
183
165
257
179
199
161
190
169
273
204
293
219
180
169
170
229
341
154
262
254
228
201
227
146
182
274
166
203
192
184
254
363
171
238
308
165
211
248
180
205
167
314
155
150
166
255
206
340
301
322
336
376
398
423
436
448
471
523
286
597
592
596
282
608
280
631
289
684
316
353
365
435
353
324
262
263
257
274
284
269
268
325
321
184
351
292
239
233
181
191
246
298
263
266
274
280
276
281
210
197
179
180
270
191
266
277
253
251
257
184
250
183
171
189
233
277
245
242
346
190
384
260
233
262
228
270
187
329
217
288
294
237
242
199
256
266
175
269
259
199
258
231
277
236
209
215
254
194
253
276
295
251
284
230
239
197
231
170
214
252
248
256
210
194
245
234
292
424
363
383
388
392
394
414
459
519
534
470
557
574
616
565
283
308
690
257
317
312
326
729
367
274
262
344
313
235
367
190
285
275
237
280
254
276
265
279
230
201
174
184
233
391
286
250
256
257
279
192
373
207
263
270
287
287
190
188
291
217
260
290
267
221
327
244
263
249
279
268
192
221
285
326
197
197
246
248
180
244
238
160
168
205
209
228
248
176
273
188
252
157
250
180
216
202
183
191
183
220
247
153
142
190
283
240
270
161
161
259
172
170
202
190
182
261
167
207
195
236
