51
70
49
44
65
74
61
52
35
43
58
46
36
45
48
34
54
38
57
56
51
41
72
54
39
39
46
108
110
132
55
38
70
55
41
44
41
48
50
58
46
35
37
72
45
64
52
68
47
70
51
53
48
88
34
59
59
99
44
85
41
43
42
55
60
66
64
41
38
64
38
43
43
79
42
40
55
56
49
49
53
56
48
49
43
44
47
81
98
89
58
108
88
42
70
63
71
41
42
40
78
55
35
55
43
53
69
45
51
63
70
60
76
64
59
39
37
34
48
55
74
88
82
76
77
102
55
50
86
88
46
89
75
60
63
63
49
73
66
65
90
72
44
57
95
64
52
74
54
100
63
66
56
60
70
64
68
61
66
48
92
75
104
81
53
57
57
57
50
56
88
68
90
75
51
71
92
58
62
56
67
50
84
84
53
67
71
48
54
54
80
60
49
41
67
70
50
49
39
54
61
45
44
69
55
61
83
52
58
50
49
47
49
59
51
64
48
49
64
50
66
59
56
59
46
58
69
66
50
51
54
37
57
59
37
57
86
50
50
58
63
66
37
46
51
49
76
79
38
37
63
64
54
106
58
88
82
119
36
52
103
46
71
63
43
57
54
54
56
38
69
55
57
56
100
50
57
60
88
59
56
32
67
34
44
69
79
63
35
60
54
54
35
66
41
69
70
89
46
114
64
120
36
43
53
47
81
51
65
59
86
37
54
72
63
53
52
78
70
39
62
48
59
34
62
55
38
57
46
63
119
37
42
64
131
51
57
70
87
38
63
63
33
74
51
59
52
68
55
42
42
49
35
77
58
34
52
74
57
64
