2264
2248
2267
2257
2260
545
630
760
506
480
562
2288
2304
2133
2330
373
440
711
635
710
605
343
576
403
864
288
507
647
797
520
357
585
721
343
430
268
512
629
582
311
370
309
360
251
879
640
741
549
394
303
406
2083
492
410
312
363
2429
482
285
676
688
823
428
836
1883
791
2006
482
656
313
336
1856
792
2241
600
2284
2347
853
647
478
1040
2543
610
634
791
451
711
1096
637
478
516
2391
2388
2394
298
439
2456
474
1098
1015
573
464
264
577
436
1123
1179
1107
1148
1032
490
682
796
872
1255
881
992
966
2500
2753
2366
2459
1756
2012
2234
486
2337
2581
2385
765
853
420
774
811
2353
2383
524
337
787
472
900
948
787
298
608
506
587
677
300
302
403
755
267
386
784
793
306
635
634
716
308
673
523
246
355
398
457
555
519
659
264
1800
355
350
881
940
482
898
955
935
1035
291
1120
1015
1060
2430
2442
466
2517
2576
574
666
531
651
999
2391
272
1044
470
953
950
288
825
817
2414
2444
326
1059
1109
1031
1152
305
1087
421
431
330
1091
315
330
420
475
456
467
1017
259
603
1038
552
1048
1052
1056
617
1060
1020
2067
2152
2952
3063
2506
2579
2206
2319
1784
2065
2235
633
789
606
1793
2072
550
987
654
456
991
552
495
458
519
2109
2160
431
556
423
446
654
386
2893
2961
2963
351
2983
363
221
476
577
576
287
425
767
395
337
382
980
428
669
663
727
804
286
597
537
325
619
682
451
750
753
325
513
734
648
405
2031
344
478
879
321
930
2412
381
483
1977
928
940
1762
2069
317
276
597
2265
814
931
829
350
410
285
319
223
489
457
895
449
292
2682
642
803
293
435
850
558
431
401
399
263
998
545
1029
911
1039
610
849
840
2316
1038
1046
2458
2495
2498
737
1961
1967
1659
511
531
2251
2292
683
2426
2499
405
507
1862
585
708
590
2746
393
502
2952
470
634
612
330
2485
2488
2493
2487
731
679
264
352
662
829
2097
2229
620
643
549
331
1059
877
380
716
735
499
770
360
719
346
615
438
698
387
456
298
480
443
723
751
285
833
593
644
443
318
498
795
420
309
423
419
616
412
1901
442
368
249
390
637
647
547
440
613
655
402
414
437
247
871
666
382
364
302
377
784
804
808
420
352
282
518
368
635
295
383
416
432
700
847
419
255
659
2429
1919
2560
2600
2507
2150
2155
2264
2248
2267
2257
2260
545
630
760
506
480
562
2288
2304
2133
2330
373
440
711
635
710
605
343
576
403
864
288
507
647
797
520
357
585
721
343
430
268
512
629
582
311
370
309
360
251
879
640
741
549
394
303
406
2083
492
410
312
363
2429
482
285
676
688
823
428
836
1883
791
2006
482
656
313
336
1856
792
2241
600
2284
2347
853
647
478
1040
2543
610
634
791
451
711
1096
637
478
516
2391
2388
2394
298
439
2456
474
1098
1015
573
464
264
577
436
1123
1179
1107
1148
1032
490
682
796
872
1255
881
992
966
2500
2753
2366
2459
1756
2012
2234
486
2337
2581
2385
765
853
420
774
811
2353
2383
524
337
787
472
900
948
787
298
608
506
587
677
300
302
403
755
267
386
784
793
306
635
634
716
308
673
523
246
355
398
457
555
519
659
264
1800
355
350
881
940
482
898
955
935
1035
291
1120
1015
1060
2430
2442
466
2517
2576
574
666
531
651
999
2391
272
1044
470
953
950
288
825
817
2414
2444
326
1059
1109
1031
1152
305
1087
421
431
330
1091
315
330
420
475
456
467
1017
259
603
1038
552
1048
1052
1056
617
1060
1020
2067
2152
2952
3063
2506
2579
2206
2319
1784
2065
2235
633
789
606
1793
2072
550
987
654
456
991
552
495
458
519
2109
2160
431
556
423
446
654
386
2893
2961
2963
351
2983
363
221
476
577
576
287
425
767
395
337
382
980
428
669
663
727
804
286
597
537
325
619
682
451
750
753
325
513
734
648
405
2031
344
478
879
321
930
2412
381
483
1977
928
940
1762
2069
317
276
597
2265
814
931
829
350
410
285
319
223
489
457
895
449
292
2682
642
803
293
435
850
558
431
401
399
263
998
545
1029
911
1039
610
849
840
2316
1038
1046
2458
2495
2498
737
1961
1967
1659
511
531
2251
2292
683
2426
2499
405
507
1862
585
708
590
2746
393
502
2952
470
634
612
330
2485
2488
2493
2487
731
679
264
352
662
829
2097
2229
620
643
549
331
1059
877
380
716
735
499
770
360
719
346
615
438
698
387
456
298
480
443
723
751
285
833
593
644
443
318
498
795
420
309
423
419
616
412
1901
442
368
249
390
637
647
547
440
613
655
402
414
437
247
871
666
382
364
302
377
784
804
808
420
352
282
518
368
635
295
383
416
432
700
847
419
255
659
2429
1919
2560
2600
2507
2150
2155
2264
2248
2267
2257
2260
545
630
760
506
480
562
2288
2304
2133
2330
373
440
711
635
710
605
343
576
403
864
288
507
647
797
520
357
585
721
343
430
268
512
629
582
311
370
309
360
251
879
640
741
549
394
303
406
2083
492
410
312
363
2429
482
285
676
688
823
428
836
1883
791
2006
482
656
313
336
1856
792
2241
600
2284
2347
853
647
478
1040
2543
610
634
791
451
711
1096
637
478
516
2391
2388
2394
298
439
2456
474
1098
1015
573
464
264
577
436
1123
1179
1107
1148
1032
490
682
796
872
1255
881
992
966
2500
2753
2366
2459
1756
2012
2234
486
2337
2581
2385
765
853
420
774
811
2353
2383
524
337
787
472
900
948
787
298
608
506
587
677
300
302
403
755
267
386
784
793
306
635
634
716
308
673
523
246
355
398
457
555
519
659
264
1800
355
350
881
940
482
898
955
935
1035
291
1120
1015
1060
2430
2442
466
2517
2576
574
666
531
651
999
2391
272
1044
470
953
950
288
825
817
2414
2444
326
1059
1109
1031
1152
305
1087
421
431
330
1091
315
330
420
475
456
467
1017
259
603
1038
552
1048
1052
1056
617
1060
1020
2067
2152
2952
3063
2506
2579
2206
2319
1784
2065
2235
633
789
606
1793
2072
550
987
654
456
991
552
495
458
519
2109
2160
431
556
423
446
654
386
2893
2961
2963
351
2983
363
221
476
577
576
287
425
767
395
337
382
980
428
669
663
727
804
286
597
537
325
619
682
451
750
753
325
513
734
648
405
2031
344
478
879
321
930
2412
381
483
1977
928
940
1762
2069
317
276
597
2265
814
931
829
350
410
285
319
223
489
457
895
449
292
2682
642
803
293
435
850
558
431
401
399
263
998
545
1029
911
1039
610
849
840
2316
1038
1046
2458
2495
2498
737
1961
1967
1659
511
531
2251
2292
683
2426
2499
405
507
1862
585
708
590
2746
393
502
2952
470
634
612
330
2485
2488
2493
2487
731
679
264
352
662
829
2097
2229
620
643
549
331
1059
877
380
716
735
499
770
360
719
346
615
438
698
387
456
298
480
443
723
751
285
833
593
644
443
318
498
795
420
309
423
419
616
412
1901
442
368
249
390
637
647
547
440
613
655
402
414
437
247
871
666
382
364
302
377
784
804
808
420
352
282
518
368
635
295
383
416
432
700
847
419
255
659
2429
1919
2560
2600
2507
2150
2155
