188
224
257
254
287
304
267
253
205
256
123
292
187
253
510
290
202
128
193
231
253
547
188
298
181
225
171
284
372
189
308
329
187
227
152
160
152
183
147
144
102
329
533
283
239
326
399
129
212
215
185
346
166
174
144
186
166
458
237
493
151
419
139
141
297
96
222
147
117
122
178
225
439
363
166
192
180
147
247
153
209
152
199
120
149
182
132
183
149
99
395
189
144
178
165
150
127
187
182
302
182
180
185
274
211
155
149
95
174
207
425
415
114
156
161
446
146
155
157
243
195
153
269
400
173
138
355
189
126
200
255
324
428
438
120
370
169
174
155
130
152
392
181
416
119
165
144
205
165
128
261
231
527
247
166
147
297
555
94
228
167
234
221
150
169
225
262
140
163
181
109
239
202
149
242
113
268
168
477
126
215
252
109
128
199
212
223
151
116
133
189
365
179
204
181
477
265
196
120
193
115
120
479
127
165
171
129
185
205
274
159
209
106
152
168
180
205
90
428
144
126
353
106
113
137
215
247
259
243
207
461
240
376
124
137
192
363
211
335
472
230
201
255
274
281
286
326
281
237
158
140
178
158
512
186
228
146
263
252
355
237
133
189
291
162
177
401
218
203
359
334
218
219
155
199
228
208
234
173
226
290
164
253
211
256
197
339
225
131
250
150
351
143
354
353
259
121
148
231
111
228
130
196
205
188
121
615
185
119
183
242
222
126
141
117
103
132
129
224
184
141
213
91
364
302
187
146
283
240
110
140
194
247
159
439
128
103
361
321
171
110
246
103
134
169
179
298
154
127
131
182
345
163
153
169
166
164
274
178
220
226
245
412
229
237
283
277
283
323
386
390
361
122
359
163
386
151
432
449
477
177
225
252
146
136
209
197
237
184
262
239
250
195
114
260
241
260
235
210
174
201
234
107
200
213
237
179
163
213
209
242
154
151
98
200
236
138
199
236
227
99
101
177
139
162
120
171
222
218
143
165
110
275
264
162
197
136
311
185
205
277
137
168
192
217
167
217
113
219
146
185
139
341
112
179
149
154
143
213
174
202
245
148
178
257
162
148
222
294
214
213
145
150
464
154
504
543
566
292
491
188
224
257
254
287
304
267
253
205
256
123
292
187
253
510
290
202
128
193
231
253
547
188
298
181
225
171
284
372
189
308
329
187
227
152
160
152
183
147
144
102
329
533
283
239
326
399
129
212
215
185
346
166
174
144
186
166
458
237
493
151
419
139
141
297
96
222
147
117
122
178
225
439
363
166
192
180
147
247
153
209
152
199
120
149
182
132
183
149
99
395
189
144
178
165
150
127
187
182
302
182
180
185
274
211
155
149
95
174
207
425
415
114
156
161
446
146
155
157
243
195
153
269
400
173
138
355
189
126
200
255
324
428
438
120
370
169
174
155
130
152
392
181
416
119
165
144
205
165
128
261
231
527
247
166
147
297
555
94
228
167
234
221
150
169
225
262
140
163
181
109
239
202
149
242
113
268
168
477
126
215
252
109
128
199
212
223
151
116
133
189
365
179
204
181
477
265
196
120
193
115
120
479
127
165
171
129
185
205
274
159
209
106
152
168
180
205
90
428
144
126
353
106
113
137
215
247
259
243
207
461
240
376
124
137
192
363
211
335
472
230
201
255
274
281
286
326
281
237
158
140
178
158
512
186
228
146
263
252
355
237
133
189
291
162
177
401
218
203
359
334
218
219
155
199
228
208
234
173
226
290
164
253
211
256
197
339
225
131
250
150
351
143
354
353
259
121
148
231
111
228
130
196
205
188
121
615
185
119
183
242
222
126
141
117
103
132
129
224
184
141
213
91
364
302
187
146
283
240
110
140
194
247
159
439
128
103
361
321
171
110
246
103
134
169
179
298
154
127
131
182
345
163
153
169
166
164
274
178
220
226
245
412
229
237
283
277
283
323
386
390
361
122
359
163
386
151
432
449
477
177
225
252
146
136
209
197
237
184
262
239
250
195
114
260
241
260
235
210
174
201
234
107
200
213
237
179
163
213
209
242
154
151
98
200
236
138
199
236
227
99
101
177
139
162
120
171
222
218
143
165
110
275
264
162
197
136
311
185
205
277
137
168
192
217
167
217
113
219
146
185
139
341
112
179
149
154
143
213
174
202
245
148
178
257
162
148
222
294
214
213
145
150
464
154
504
543
566
292
491
188
224
257
254
287
304
267
253
205
256
123
292
187
253
510
290
202
128
193
231
253
547
188
298
181
225
171
284
372
189
308
329
187
227
152
160
152
183
147
144
102
329
533
283
239
326
399
129
212
215
185
346
166
174
144
186
166
458
237
493
151
419
139
141
297
96
222
147
117
122
178
225
439
363
166
192
180
147
247
153
209
152
199
120
149
182
132
183
149
99
395
189
144
178
165
150
127
187
182
302
182
180
185
274
211
155
149
95
174
207
425
415
114
156
161
446
146
155
157
243
195
153
269
400
173
138
355
189
126
200
255
324
428
438
120
370
169
174
155
130
152
392
181
416
119
165
144
205
165
128
261
231
527
247
166
147
297
555
94
228
167
234
221
150
169
225
262
140
163
181
109
239
202
149
242
113
268
168
477
126
215
252
109
128
199
212
223
151
116
133
189
365
179
204
181
477
265
196
120
193
115
120
479
127
165
171
129
185
205
274
159
209
106
152
168
180
205
90
428
144
126
353
106
113
137
215
247
259
243
207
461
240
376
124
137
192
363
211
335
472
230
201
255
274
281
286
326
281
237
158
140
178
158
512
186
228
146
263
252
355
237
133
189
291
162
177
401
218
203
359
334
218
219
155
199
228
208
234
173
226
290
164
253
211
256
197
339
225
131
250
150
351
143
354
353
259
121
148
231
111
228
130
196
205
188
121
615
185
119
183
242
222
126
141
117
103
132
129
224
184
141
213
91
364
302
187
146
283
240
110
140
194
247
159
439
128
103
361
321
171
110
246
103
134
169
179
298
154
127
131
182
345
163
153
169
166
164
274
178
220
226
245
412
229
237
283
277
283
323
386
390
361
122
359
163
386
151
432
449
477
177
225
252
146
136
209
197
237
184
262
239
250
195
114
260
241
260
235
210
174
201
234
107
200
213
237
179
163
213
209
242
154
151
98
200
236
138
199
236
227
99
101
177
139
162
120
171
222
218
143
165
110
275
264
162
197
136
311
185
205
277
137
168
192
217
167
217
113
219
146
185
139
341
112
179
149
154
143
213
174
202
245
148
178
257
162
148
222
294
214
213
145
150
464
154
504
543
566
292
491
