154
69
21
276
14
295
306
305
318
336
346
345
355
357
360
370
124
407
426
438
470
474
472
222
504
142
250
245
286
334
277
292
323
237
331
419
308
380
421
317
738
229
308
341
12
283
211
17
21
886
232
260
228
47
350
185
20
180
244
524
252
153
370
331
566
247
223
632
187
202
156
264
223
235
245
1270
451
252
313
600
288
133
168
204
80
25
202
478
22
35
525
20
268
335
393
472
347
741
292
97
74
17
211
21
321
17
307
344
304
279
431
301
162
388
652
369
268
245
1847
402
445
324
284
1233
271
287
427
844
808
883
1637
982
740
988
1248
994
873
835
446
393
402
671
922
405
1273
479
1284
423
486
1140
1046
1313
988
562
1387
526
596
1319
1392
1501
467
587
693
803
1528
1376
770
570
584
393
922
407
500
559
886
679
835
963
1003
795
1358
427
886
1288
981
1267
1245
1323
798
1392
1535
726
675
627
847
468
987
1533
897
862
674
720
1088
617
609
508
585
679
408
705
603
1110
564
566
1217
509
1207
1301
689
752
573
1521
1475
1727
933
837
817
846
785
604
1065
1011
911
1069
1033
931
1120
1202
1175
1148
83
109
141
125
197
217
256
260
163
288
293
301
103
319
336
186
345
363
366
366
371
328
372
221
420
409
449
246
476
182
211
223
197
371
309
262
298
316
232
287
260
202
181
309
155
323
166
264
372
22
391
401
22
146
187
385
544
27
172
24
30
418
280
296
278
225
610
345
410
492
463
321
262
332
267
225
249
263
367
208
334
188
39
701
392
189
382
23
28
354
29
444
315
311
47
350
209
12
378
364
31
229
23
409
27
232
17
303
290
302
961
333
474
191
421
91
455
996
843
687
1197
1109
1132
695
1207
1108
1227
757
785
1126
822
920
469
1053
518
383
398
443
784
378
1395
878
1206
362
541
472
570
1131
553
1686
1626
1658
601
538
758
606
747
782
755
1508
732
1833
1881
199
321
1936
814
641
546
609
1068
1158
1105
708
1043
1375
438
1001
1397
586
631
1067
1277
1032
1093
1102
1292
804
611
1607
914
985
349
504
419
518
919
550
1029
711
1109
1165
697
817
395
965
1047
975
567
694
1105
1174
1363
1196
703
1518
901
689
836
188
834
712
1613
300
332
1046
464
413
856
952
905
1032
954
1162
1038
1174
1360
1011
1219
1333
207
199
217
235
235
213
258
271
278
321
326
323
344
346
393
420
204
235
481
208
495
278
339
228
333
143
222
606
343
303
205
283
370
426
242
743
436
309
208
390
168
258
325
297
873
305
294
928
222
414
130
465
274
214
400
180
299
190
305
222
298
175
1153
359
252
230
205
252
319
227
374
1077
248
306
286
281
175
686
332
201
347
495
215
923
320
115
239
204
368
253
331
1666
286
208
569
879
868
165
196
970
411
652
330
783
227
477
536
409
942
414
855
540
890
704
474
589
1094
826
501
691
784
622
283
450
754
1270
369
536
898
512
479
1487
747
533
797
535
970
1092
1103
1137
1186
438
1643
596
881
774
533
968
917
1428
462
1229
792
23
667
843
995
1053
546
21
24
24
52
33
35
17
45
32
17
29
38
39
43
28
932
38
280
53
398
24
1078
1106
755
878
339
946
1019
1020
548
843
1039
978
930
903
346
1034
1311
596
576
911
624
999
1052
706
1001
1026
478
837
466
821
1218
962
978
1415
1284
1138
524
658
1132
221
578
384
730
743
903
852
828
1093
105
1102
85
177
127
217
216
1035
212
173
175
200
235
249
291
313
317
307
303
321
321
329
349
349
355
384
413
384
436
185
205
438
170
529
209
531
181
266
265
250
273
152
282
638
216
357
684
234
379
713
192
339
426
256
364
211
144
191
244
435
220
318
356
326
356
393
551
171
367
149
286
346
424
262
280
369
112
181
160
258
429
843
174
218
498
427
197
387
1267
118
527
166
87
385
192
233
366
187
105
149
281
632
295
652
601
115
371
211
369
163
134
762
264
214
329
349
909
722
964
1028
1199
1015
695
739
843
883
1337
1577
1412
1106
299
829
320
963
1048
696
382
360
1113
859
441
622
518
1127
1356
726
1603
436
977
580
1287
624
714
531
695
1711
1763
733
896
816
791
566
907
379
1030
899
503
558
909
639
540
650
893
1150
1285
1161
874
1022
1266
696
1118
1327
612
910
657
552
356
374
868
1568
1855
837
492
403
806
1090
412
790
1173
732
656
1015
865
956
57
1362
33
15
649
91
646
21
40
13
27
12
811
1266
44
316
266
19
9
30
949
208
40
1623
18
63
36
171
36
1759
38
888
887
1814
1019
206
1001
444
1117
946
1152
1213
1085
1042
1118
1153
1213
1634
154
69
21
276
14
295
306
305
318
336
346
345
355
357
360
370
124
407
426
438
470
474
472
222
504
142
250
245
286
334
277
292
323
237
331
419
308
380
421
317
738
229
308
341
12
283
211
17
21
886
232
260
228
47
350
185
20
180
244
524
252
153
370
331
566
247
223
632
187
202
156
264
223
235
245
1270
451
252
313
600
288
133
168
204
80
25
202
478
22
35
525
20
268
335
393
472
347
741
292
97
74
17
211
21
321
17
307
344
304
279
431
301
162
388
652
369
268
245
1847
402
445
324
284
1233
271
287
427
844
808
883
1637
982
740
988
1248
994
873
835
446
393
402
671
922
405
1273
479
1284
423
486
1140
1046
1313
988
562
1387
526
596
1319
1392
1501
467
587
693
803
1528
1376
770
570
584
393
922
407
500
559
886
679
835
963
1003
795
1358
427
886
1288
981
1267
1245
1323
798
1392
1535
726
675
627
847
468
987
1533
897
862
674
720
1088
617
609
508
585
679
408
705
603
1110
564
566
1217
509
1207
1301
689
752
573
1521
1475
1727
933
837
817
846
785
604
1065
1011
911
1069
1033
931
1120
1202
1175
1148
83
109
141
125
197
217
256
260
163
288
293
301
103
319
336
186
345
363
366
366
371
328
372
221
420
409
449
246
476
182
211
223
197
371
309
262
298
316
232
287
260
202
181
309
155
323
166
264
372
22
391
401
22
146
187
385
544
27
172
24
30
418
280
296
278
225
610
345
410
492
463
321
262
332
267
225
249
263
367
208
334
188
39
701
392
189
382
23
28
354
29
444
315
311
47
350
209
12
378
364
31
229
23
409
27
232
17
303
290
302
961
333
474
191
421
91
455
996
843
687
1197
1109
1132
695
1207
1108
1227
757
785
1126
822
920
469
1053
518
383
398
443
784
378
1395
878
1206
362
541
472
570
1131
553
1686
1626
1658
601
538
758
606
747
782
755
1508
732
1833
1881
199
321
1936
814
641
546
609
1068
1158
1105
708
1043
1375
438
1001
1397
586
631
1067
1277
1032
1093
1102
1292
804
611
1607
914
985
349
504
419
518
919
550
1029
711
1109
1165
697
817
395
965
1047
975
567
694
1105
1174
1363
1196
703
1518
901
689
836
188
834
712
1613
300
332
1046
464
413
856
952
905
1032
954
1162
1038
1174
1360
1011
1219
1333
207
199
217
235
235
213
258
271
278
321
326
323
344
346
393
420
204
235
481
208
495
278
339
228
333
143
222
606
343
303
205
283
370
426
242
743
436
309
208
390
168
258
325
297
873
305
294
928
222
414
130
465
274
214
400
180
299
190
305
222
298
175
1153
359
252
230
205
252
319
227
374
1077
248
306
286
281
175
686
332
201
347
495
215
923
320
115
239
204
368
253
331
1666
286
208
569
879
868
165
196
970
411
652
330
783
227
477
536
409
942
414
855
540
890
704
474
589
1094
826
501
691
784
622
283
450
754
1270
369
536
898
512
479
1487
747
533
797
535
970
1092
1103
1137
1186
438
1643
596
881
774
533
968
917
1428
462
1229
792
23
667
843
995
1053
546
21
24
24
52
33
35
17
45
32
17
29
38
39
43
28
932
38
280
53
398
24
1078
1106
755
878
339
946
1019
1020
548
843
1039
978
930
903
346
1034
1311
596
576
911
624
999
1052
706
1001
1026
478
837
466
821
1218
962
978
1415
1284
1138
524
658
1132
221
578
384
730
743
903
852
828
1093
105
1102
85
177
127
217
216
1035
212
173
175
200
235
249
291
313
317
307
303
321
321
329
349
349
355
384
413
384
436
185
205
438
170
529
209
531
181
266
265
250
273
152
282
638
216
357
684
234
379
713
192
339
426
256
364
211
144
191
244
435
220
318
356
326
356
393
551
171
367
149
286
346
424
262
280
369
112
181
160
258
429
843
174
218
498
427
197
387
1267
118
527
166
87
385
192
233
366
187
105
149
281
632
295
652
601
115
371
211
369
163
134
762
264
214
329
349
909
722
964
1028
1199
1015
695
739
843
883
1337
1577
1412
1106
299
829
320
963
1048
696
382
360
1113
859
441
622
518
1127
1356
726
1603
436
977
580
1287
624
714
531
695
1711
1763
733
896
816
791
566
907
379
1030
899
503
558
909
639
540
650
893
1150
1285
1161
874
1022
1266
696
1118
1327
612
910
657
552
356
374
868
1568
1855
837
492
403
806
1090
412
790
1173
732
656
1015
865
956
57
1362
33
15
649
91
646
21
40
13
27
12
811
1266
44
316
266
19
9
30
949
208
40
1623
18
63
36
171
36
1759
38
888
887
1814
1019
206
1001
444
1117
946
1152
1213
1085
1042
1118
1153
1213
1634
154
69
21
276
14
295
306
305
318
336
346
345
355
357
360
370
124
407
426
438
470
474
472
222
504
142
250
245
286
334
277
292
323
237
331
419
308
380
421
317
738
229
308
341
12
283
211
17
21
886
232
260
228
47
350
185
20
180
244
524
252
153
370
331
566
247
223
632
187
202
156
264
223
235
245
1270
451
252
313
600
288
133
168
204
80
25
202
478
22
35
525
20
268
335
393
472
347
741
292
97
74
17
211
21
321
17
307
344
304
279
431
301
162
388
652
369
268
245
1847
402
445
324
284
1233
271
287
427
844
808
883
1637
982
740
988
1248
994
873
835
446
393
402
671
922
405
1273
479
1284
423
486
1140
1046
1313
988
562
1387
526
596
1319
1392
1501
467
587
693
803
1528
1376
770
570
584
393
922
407
500
559
886
679
835
963
1003
795
1358
427
886
1288
981
1267
1245
1323
798
1392
1535
726
675
627
847
468
987
1533
897
862
674
720
1088
617
609
508
585
679
408
705
603
1110
564
566
1217
509
1207
1301
689
752
573
1521
1475
1727
933
837
817
846
785
604
1065
1011
911
1069
1033
931
1120
1202
1175
1148
83
109
141
125
197
217
256
260
163
288
293
301
103
319
336
186
345
363
366
366
371
328
372
221
420
409
449
246
476
182
211
223
197
371
309
262
298
316
232
287
260
202
181
309
155
323
166
264
372
22
391
401
22
146
187
385
544
27
172
24
30
418
280
296
278
225
610
345
410
492
463
321
262
332
267
225
249
263
367
208
334
188
39
701
392
189
382
23
28
354
29
444
315
311
47
350
209
12
378
364
31
229
23
409
27
232
17
303
290
302
961
333
474
191
421
91
455
996
843
687
1197
1109
1132
695
1207
1108
1227
757
785
1126
822
920
469
1053
518
383
398
443
784
378
1395
878
1206
362
541
472
570
1131
553
1686
1626
1658
601
538
758
606
747
782
755
1508
732
1833
1881
199
321
1936
814
641
546
609
1068
1158
1105
708
1043
1375
438
1001
1397
586
631
1067
1277
1032
1093
1102
1292
804
611
1607
914
985
349
504
419
518
919
550
1029
711
1109
1165
697
817
395
965
1047
975
567
694
1105
1174
1363
1196
703
1518
901
689
836
188
834
712
1613
300
332
1046
464
413
856
952
905
1032
954
1162
1038
1174
1360
1011
1219
1333
207
199
217
235
235
213
258
271
278
321
326
323
344
346
393
420
204
235
481
208
495
278
339
228
333
143
222
606
343
303
205
283
370
426
242
743
436
309
208
390
168
258
325
297
873
305
294
928
222
414
130
465
274
214
400
180
299
190
305
222
298
175
1153
359
252
230
205
252
319
227
374
1077
248
306
286
281
175
686
332
201
347
495
215
923
320
115
239
204
368
253
331
1666
286
208
569
879
868
165
196
970
411
652
330
783
227
477
536
409
942
414
855
540
890
704
474
589
1094
826
501
691
784
622
283
450
754
1270
369
536
898
512
479
1487
747
533
797
535
970
1092
1103
1137
1186
438
1643
596
881
774
533
968
917
1428
462
1229
792
23
667
843
995
1053
546
21
24
24
52
33
35
17
45
32
17
29
38
39
43
28
932
38
280
53
398
24
1078
1106
755
878
339
946
1019
1020
548
843
1039
978
930
903
346
1034
1311
596
576
911
624
999
1052
706
1001
1026
478
837
466
821
1218
962
978
1415
1284
1138
524
658
1132
221
578
384
730
743
903
852
828
1093
105
1102
85
177
127
217
216
1035
212
173
175
200
235
249
291
313
317
307
303
321
321
329
349
349
355
384
413
384
436
185
205
438
170
529
209
531
181
266
265
250
273
152
282
638
216
357
684
234
379
713
192
339
426
256
364
211
144
191
244
435
220
318
356
326
356
393
551
171
367
149
286
346
424
262
280
369
112
181
160
258
429
843
174
218
498
427
197
387
1267
118
527
166
87
385
192
233
366
187
105
149
281
632
295
652
601
115
371
211
369
163
134
762
264
214
329
349
909
722
964
1028
1199
1015
695
739
843
883
1337
1577
1412
1106
299
829
320
963
1048
696
382
360
1113
859
441
622
518
1127
1356
726
1603
436
977
580
1287
624
714
531
695
1711
1763
733
896
816
791
566
907
379
1030
899
503
558
909
639
540
650
893
1150
1285
1161
874
1022
1266
696
1118
1327
612
910
657
552
356
374
868
1568
1855
837
492
403
806
1090
412
790
1173
732
656
1015
865
956
57
1362
33
15
649
91
646
21
40
13
27
12
811
1266
44
316
266
19
9
30
949
208
40
1623
18
63
36
171
36
1759
38
888
887
1814
1019
206
1001
444
1117
946
1152
1213
1085
1042
1118
1153
1213
1634
