371
452
448
1635
2152
3273
4099
5215
5589
4103
155
4677
120
8245
10879
11734
12259
15718
16226
66
124
66
67
88
111
66
11312
65
25113
25877
25892
22622
350
10078
22259
91
27722
28891
17162
23796
30648
13805
10645
37174
8033
13557
39342
94
78
76
65
78
59
58
50
37580
48547
46663
56757
93
82
72
132
54623
67
75
65794
98
39971
83
62
69
63
50
313
62
62
29277
52
50
249
54733
39322
28924
41232
28318
231
19463
146
43194
278
1417
11035
50504
16046
18990
50794
61446
43185
19877
21268
65303
80234
28086
28242
36345
53576
99343
127845
71953
60743
63794
78543
66936
72690
85033
129261
126607
165465
75113
280
287
76
193
1825
2202
3393
3526
3860
5410
6996
7861
9644
14494
11183
128
11078
168
115
16149
18148
19574
108
95
71
105
138
97
62
123
106
19021
6764
21515
22831
30437
28366
30852
30868
30692
31019
17964
81
68
68
74
175
76
31690
68
89
23922
21302
32481
13864
44362
71
83
39160
110
23389
77
31268
12552
52840
17801
17058
15733
107
41288
61582
98
186
268
552
704
60
69
50
52
126
60
72
49935
1399
126
21096
25203
56454
418
56459
56755
56885
36701
21174
89096
23212
61832
5377
42478
146
73715
61276
27604
104110
94794
64767
111384
28752
32399
82332
82281
71664
37786
46076
105501
130118
60841
147652
72526
214
235
273
122
180
119
1189
1970
2359
2573
3542
3654
78
85
154
56
142
84
58
81
283
6399
8410
6112
11819
11813
12628
5822
15540
19660
8106
21546
21826
24197
10167
25900
23188
31063
41802
24275
46117
68
104
59
68
87
73
63
79
67
22351
52029
50
54372
33565
55215
55252
34625
29738
123
28417
14457
46501
22814
13010
12981
17465
60379
33
266
80
114
83
13389
22768
17744
70240
47338
12108
68697
12038
17337
75346
49
57
63
61
63
66
61
56
62
145
74
11876
12053
80
56
30518
27922
48851
24274
77138
43731
23906
86425
30218
53745
44034
105196
106506
49497
117253
57563
66875
60121
74938
150541
86326
131520
1912
2315
3808
70
4537
4892
2735
211
3214
8311
8576
8739
142
139
12106
8540
14874
7923
17238
13158
18213
131
19766
20810
12127
9730
49
44
53
70
107
177
81
68
61
23115
14998
21917
27051
29035
25166
8328
127
29301
58
1186
91
142
82
106
151
119
15209
112
56
31610
94
31677
31698
13462
164
48997
36171
44479
20696
31527
49960
56
64
68
56
20933
25061
34253
99
136
53
71
78
136
45
50
58653
59
74
82
109
112
31426
43363
18121
47193
135
38928
19171
39258
25134
39108
74020
70848
23370
26149
62369
65350
42251
51407
70026
79363
14004
55047
49071
63096
26053
116345
72784
117893
98001
118643
111799
155996
371
452
448
1635
2152
3273
4099
5215
5589
4103
155
4677
120
8245
10879
11734
12259
15718
16226
66
124
66
67
88
111
66
11312
65
25113
25877
25892
22622
350
10078
22259
91
27722
28891
17162
23796
30648
13805
10645
37174
8033
13557
39342
94
78
76
65
78
59
58
50
37580
48547
46663
56757
93
82
72
132
54623
67
75
65794
98
39971
83
62
69
63
50
313
62
62
29277
52
50
249
54733
39322
28924
41232
28318
231
19463
146
43194
278
1417
11035
50504
16046
18990
50794
61446
43185
19877
21268
65303
80234
28086
28242
36345
53576
99343
127845
71953
60743
63794
78543
66936
72690
85033
129261
126607
165465
75113
280
287
76
193
1825
2202
3393
3526
3860
5410
6996
7861
9644
14494
11183
128
11078
168
115
16149
18148
19574
108
95
71
105
138
97
62
123
106
19021
6764
21515
22831
30437
28366
30852
30868
30692
31019
17964
81
68
68
74
175
76
31690
68
89
23922
21302
32481
13864
44362
71
83
39160
110
23389
77
31268
12552
52840
17801
17058
15733
107
41288
61582
98
186
268
552
704
60
69
50
52
126
60
72
49935
1399
126
21096
25203
56454
418
56459
56755
56885
36701
21174
89096
23212
61832
5377
42478
146
73715
61276
27604
104110
94794
64767
111384
28752
32399
82332
82281
71664
37786
46076
105501
130118
60841
147652
72526
214
235
273
122
180
119
1189
1970
2359
2573
3542
3654
78
85
154
56
142
84
58
81
283
6399
8410
6112
11819
11813
12628
5822
15540
19660
8106
21546
21826
24197
10167
25900
23188
31063
41802
24275
46117
68
104
59
68
87
73
63
79
67
22351
52029
50
54372
33565
55215
55252
34625
29738
123
28417
14457
46501
22814
13010
12981
17465
60379
33
266
80
114
83
13389
22768
17744
70240
47338
12108
68697
12038
17337
75346
49
57
63
61
63
66
61
56
62
145
74
11876
12053
80
56
30518
27922
48851
24274
77138
43731
23906
86425
30218
53745
44034
105196
106506
49497
117253
57563
66875
60121
74938
150541
86326
131520
1912
2315
3808
70
4537
4892
2735
211
3214
8311
8576
8739
142
139
12106
8540
14874
7923
17238
13158
18213
131
19766
20810
12127
9730
49
44
53
70
107
177
81
68
61
23115
14998
21917
27051
29035
25166
8328
127
29301
58
1186
91
142
82
106
151
119
15209
112
56
31610
94
31677
31698
13462
164
48997
36171
44479
20696
31527
49960
56
64
68
56
20933
25061
34253
99
136
53
71
78
136
45
50
58653
59
74
82
109
112
31426
43363
18121
47193
135
38928
19171
39258
25134
39108
74020
70848
23370
26149
62369
65350
42251
51407
70026
79363
14004
55047
49071
63096
26053
116345
72784
117893
98001
118643
111799
155996
371
452
448
1635
2152
3273
4099
5215
5589
4103
155
4677
120
8245
10879
11734
12259
15718
16226
66
124
66
67
88
111
66
11312
65
25113
25877
25892
22622
350
10078
22259
91
27722
28891
17162
23796
30648
13805
10645
37174
8033
13557
39342
94
78
76
65
78
59
58
50
37580
48547
46663
56757
93
82
72
132
54623
67
75
65794
98
39971
83
62
69
63
50
313
62
62
29277
52
50
249
54733
39322
28924
41232
28318
231
19463
146
43194
278
1417
11035
50504
16046
18990
50794
61446
43185
19877
21268
65303
80234
28086
28242
36345
53576
99343
127845
71953
60743
63794
78543
66936
72690
85033
129261
126607
165465
75113
280
287
76
193
1825
2202
3393
3526
3860
5410
6996
7861
9644
14494
11183
128
11078
168
115
16149
18148
19574
108
95
71
105
138
97
62
123
106
19021
6764
21515
22831
30437
28366
30852
30868
30692
31019
17964
81
68
68
74
175
76
31690
68
89
23922
21302
32481
13864
44362
71
83
39160
110
23389
77
31268
12552
52840
17801
17058
15733
107
41288
61582
98
186
268
552
704
60
69
50
52
126
60
72
49935
1399
126
21096
25203
56454
418
56459
56755
56885
36701
21174
89096
23212
61832
5377
42478
146
73715
61276
27604
104110
94794
64767
111384
28752
32399
82332
82281
71664
37786
46076
105501
130118
60841
147652
72526
214
235
273
122
180
119
1189
1970
2359
2573
3542
3654
78
85
154
56
142
84
58
81
283
6399
8410
6112
11819
11813
12628
5822
15540
19660
8106
21546
21826
24197
10167
25900
23188
31063
41802
24275
46117
68
104
59
68
87
73
63
79
67
22351
52029
50
54372
33565
55215
55252
34625
29738
123
28417
14457
46501
22814
13010
12981
17465
60379
33
266
80
114
83
13389
22768
17744
70240
47338
12108
68697
12038
17337
75346
49
57
63
61
63
66
61
56
62
145
74
11876
12053
80
56
30518
27922
48851
24274
77138
43731
23906
86425
30218
53745
44034
105196
106506
49497
117253
57563
66875
60121
74938
150541
86326
131520
1912
2315
3808
70
4537
4892
2735
211
3214
8311
8576
8739
142
139
12106
8540
14874
7923
17238
13158
18213
131
19766
20810
12127
9730
49
44
53
70
107
177
81
68
61
23115
14998
21917
27051
29035
25166
8328
127
29301
58
1186
91
142
82
106
151
119
15209
112
56
31610
94
31677
31698
13462
164
48997
36171
44479
20696
31527
49960
56
64
68
56
20933
25061
34253
99
136
53
71
78
136
45
50
58653
59
74
82
109
112
31426
43363
18121
47193
135
38928
19171
39258
25134
39108
74020
70848
23370
26149
62369
65350
42251
51407
70026
79363
14004
55047
49071
63096
26053
116345
72784
117893
98001
118643
111799
155996
