441
597
592
625
626
664
660
683
755
932
948
951
957
985
445
431
591
603
866
455
1595
1614
1622
908
1644
1688
1690
1093
931
1709
1124
1735
854
1814
1807
633
626
587
993
990
449
966
457
490
1048
692
440
528
475
568
343
445
445
441
476
360
567
1906
1312
1307
391
392
448
1522
1525
484
1440
337
518
429
1495
1766
1619
967
847
1823
1595
1606
1580
1478
1481
1899
747
829
542
423
612
599
632
453
421
1682
672
613
565
402
1215
1440
423
694
1276
1301
1324
1879
1862
1786
1917
1959
2242
3247
3742
3811
3608
3788
4257
4224
4360
4308
4111
4210
459
473
495
485
511
520
527
540
587
585
600
596
597
648
699
734
741
437
472
960
486
1040
522
1063
498
1113
497
1158
556
575
1188
1281
540
592
689
439
461
455
441
361
387
445
457
482
531
366
384
538
409
386
380
443
701
498
1476
423
1545
1544
1523
454
1512
474
1552
399
385
414
411
576
415
542
515
422
407
1818
1742
374
1749
1701
505
379
469
498
488
532
321
442
1778
444
507
408
267
442
1653
457
1834
1872
564
447
367
646
1967
1903
1996
510
1894
1859
1900
1816
514
515
1672
1630
1728
1683
1655
1717
1665
1660
1617
1632
513
512
536
547
550
566
565
555
573
582
589
598
607
609
627
609
676
698
693
770
840
889
272
879
951
443
409
477
496
551
535
602
554
465
580
367
559
555
778
437
499
443
413
345
384
305
1233
1197
1283
1273
1275
515
421
550
471
496
390
438
1627
439
502
501
282
401
604
570
442
398
290
386
496
361
281
2171
2232
567
2227
2179
319
405
638
628
2369
496
459
2490
2497
2501
405
2487
450
820
406
275
488
2910
2240
2984
2637
594
290
1912
2475
2080
2224
1985
720
2337
2385
2326
2565
2529
2462
2546
2498
2278
2189
2240
2216
2100
474
472
478
498
499
516
510
534
557
633
652
707
724
781
786
342
814
884
401
454
417
486
473
1071
1088
1207
419
1236
500
510
495
1463
1484
704
552
568
551
498
1606
635
525
615
431
432
460
1720
498
1725
724
1719
829
790
368
469
474
473
447
2111
2170
2054
2233
418
423
2344
444
2351
2096
421
2097
701
687
594
396
2364
2320
441
2203
413
562
415
674
2438
2550
453
394
574
452
478
927
433
846
2505
2368
2476
2261
509
2079
448
403
489
2408
470
309
2068
504
1970
613
433
558
370
1798
1970
1864
1770
1703
1894
2411
2256
2326
2358
441
597
592
625
626
664
660
683
755
932
948
951
957
985
445
431
591
603
866
455
1595
1614
1622
908
1644
1688
1690
1093
931
1709
1124
1735
854
1814
1807
633
626
587
993
990
449
966
457
490
1048
692
440
528
475
568
343
445
445
441
476
360
567
1906
1312
1307
391
392
448
1522
1525
484
1440
337
518
429
1495
1766
1619
967
847
1823
1595
1606
1580
1478
1481
1899
747
829
542
423
612
599
632
453
421
1682
672
613
565
402
1215
1440
423
694
1276
1301
1324
1879
1862
1786
1917
1959
2242
3247
3742
3811
3608
3788
4257
4224
4360
4308
4111
4210
459
473
495
485
511
520
527
540
587
585
600
596
597
648
699
734
741
437
472
960
486
1040
522
1063
498
1113
497
1158
556
575
1188
1281
540
592
689
439
461
455
441
361
387
445
457
482
531
366
384
538
409
386
380
443
701
498
1476
423
1545
1544
1523
454
1512
474
1552
399
385
414
411
576
415
542
515
422
407
1818
1742
374
1749
1701
505
379
469
498
488
532
321
442
1778
444
507
408
267
442
1653
457
1834
1872
564
447
367
646
1967
1903
1996
510
1894
1859
1900
1816
514
515
1672
1630
1728
1683
1655
1717
1665
1660
1617
1632
513
512
536
547
550
566
565
555
573
582
589
598
607
609
627
609
676
698
693
770
840
889
272
879
951
443
409
477
496
551
535
602
554
465
580
367
559
555
778
437
499
443
413
345
384
305
1233
1197
1283
1273
1275
515
421
550
471
496
390
438
1627
439
502
501
282
401
604
570
442
398
290
386
496
361
281
2171
2232
567
2227
2179
319
405
638
628
2369
496
459
2490
2497
2501
405
2487
450
820
406
275
488
2910
2240
2984
2637
594
290
1912
2475
2080
2224
1985
720
2337
2385
2326
2565
2529
2462
2546
2498
2278
2189
2240
2216
2100
474
472
478
498
499
516
510
534
557
633
652
707
724
781
786
342
814
884
401
454
417
486
473
1071
1088
1207
419
1236
500
510
495
1463
1484
704
552
568
551
498
1606
635
525
615
431
432
460
1720
498
1725
724
1719
829
790
368
469
474
473
447
2111
2170
2054
2233
418
423
2344
444
2351
2096
421
2097
701
687
594
396
2364
2320
441
2203
413
562
415
674
2438
2550
453
394
574
452
478
927
433
846
2505
2368
2476
2261
509
2079
448
403
489
2408
470
309
2068
504
1970
613
433
558
370
1798
1970
1864
1770
1703
1894
2411
2256
2326
2358
441
597
592
625
626
664
660
683
755
932
948
951
957
985
445
431
591
603
866
455
1595
1614
1622
908
1644
1688
1690
1093
931
1709
1124
1735
854
1814
1807
633
626
587
993
990
449
966
457
490
1048
692
440
528
475
568
343
445
445
441
476
360
567
1906
1312
1307
391
392
448
1522
1525
484
1440
337
518
429
1495
1766
1619
967
847
1823
1595
1606
1580
1478
1481
1899
747
829
542
423
612
599
632
453
421
1682
672
613
565
402
1215
1440
423
694
1276
1301
1324
1879
1862
1786
1917
1959
2242
3247
3742
3811
3608
3788
4257
4224
4360
4308
4111
4210
459
473
495
485
511
520
527
540
587
585
600
596
597
648
699
734
741
437
472
960
486
1040
522
1063
498
1113
497
1158
556
575
1188
1281
540
592
689
439
461
455
441
361
387
445
457
482
531
366
384
538
409
386
380
443
701
498
1476
423
1545
1544
1523
454
1512
474
1552
399
385
414
411
576
415
542
515
422
407
1818
1742
374
1749
1701
505
379
469
498
488
532
321
442
1778
444
507
408
267
442
1653
457
1834
1872
564
447
367
646
1967
1903
1996
510
1894
1859
1900
1816
514
515
1672
1630
1728
1683
1655
1717
1665
1660
1617
1632
513
512
536
547
550
566
565
555
573
582
589
598
607
609
627
609
676
698
693
770
840
889
272
879
951
443
409
477
496
551
535
602
554
465
580
367
559
555
778
437
499
443
413
345
384
305
1233
1197
1283
1273
1275
515
421
550
471
496
390
438
1627
439
502
501
282
401
604
570
442
398
290
386
496
361
281
2171
2232
567
2227
2179
319
405
638
628
2369
496
459
2490
2497
2501
405
2487
450
820
406
275
488
2910
2240
2984
2637
594
290
1912
2475
2080
2224
1985
720
2337
2385
2326
2565
2529
2462
2546
2498
2278
2189
2240
2216
2100
474
472
478
498
499
516
510
534
557
633
652
707
724
781
786
342
814
884
401
454
417
486
473
1071
1088
1207
419
1236
500
510
495
1463
1484
704
552
568
551
498
1606
635
525
615
431
432
460
1720
498
1725
724
1719
829
790
368
469
474
473
447
2111
2170
2054
2233
418
423
2344
444
2351
2096
421
2097
701
687
594
396
2364
2320
441
2203
413
562
415
674
2438
2550
453
394
574
452
478
927
433
846
2505
2368
2476
2261
509
2079
448
403
489
2408
470
309
2068
504
1970
613
433
558
370
1798
1970
1864
1770
1703
1894
2411
2256
2326
2358
