169
124
127
125
168
113
160
159
119
113
123
102
132
196
112
102
157
125
141
116
106
114
110
114
115
93
189
200
123
118
134
730
112
141
261
114
153
133
127
122
120
111
119
149
127
167
132
130
140
132
148
89
110
132
130
115
102
113
147
89
124
101
94
128
79
114
118
119
171
132
111
83
85
106
132
110
115
76
111
84
104
173
118
109
119
131
85
109
142
79
142
148
138
138
146
108
2330
90
2417
123
1178
140
94
115
88
79
148
150
165
88
135
77
143
157
82
95
112
228
523
1525
128
187
165
200
208
152
169
121
139
202
105
170
197
165
213
107
122
167
299
137
188
133
91
275
153
100
245
167
129
275
150
133
130
182
135
105
111
112
217
137
187
102
142
137
117
199
141
196
153
132
141
109
150
167
118
89
191
155
146
179
96
157
142
151
157
123
229
218
108
173
102
158
121
97
198
123
151
109
119
165
149
152
157
132
123
115
106
116
93
128
97
157
147
131
197
103
103
244
158
175
224
258
197
223
223
125
116
122
100
155
105
102
156
149
148
149
144
183
243
252
156
181
158
185
144
207
178
140
154
166
130
131
139
149
99
134
171
148
120
108
144
112
99
181
121
124
187
113
241
142
227
147
161
127
134
213
133
110
101
103
158
116
195
195
205
128
130
134
124
173
143
149
130
103
121
98
139
130
123
117
158
208
144
860
128
91
108
160
142
108
234
122
126
169
107
161
161
202
116
148
120
120
85
254
135
137
154
118
106
119
126
245
108
131
189
190
296
144
116
152
112
100
251
331
154
386
104
93
97
173
144
160
162
450
155
174
241
138
228
218
142
250
148
138
144
170
153
155
106
129
140
149
121
196
148
417
136
96
109
116
192
228
84
136
118
117
105
217
177
127
113
124
110
246
152
81
426
373
121
88
200
164
293
281
223
136
312
297
83
110
716
114
80
620
96
604
128
565
104
473
149
342
83
132
147
102
144
113
124
120
91
221
134
127
107
342
202
108
162
184
98
158
364
412
119
370
279
172
103
118
136
152
125
311
125
88
126
172
128
157
150
179
92
162
121
192
183
132
126
144
179
148
118
113
123
177
860
670
955
872
169
124
127
125
168
113
160
159
119
113
123
102
132
196
112
102
157
125
141
116
106
114
110
114
115
93
189
200
123
118
134
730
112
141
261
114
153
133
127
122
120
111
119
149
127
167
132
130
140
132
148
89
110
132
130
115
102
113
147
89
124
101
94
128
79
114
118
119
171
132
111
83
85
106
132
110
115
76
111
84
104
173
118
109
119
131
85
109
142
79
142
148
138
138
146
108
2330
90
2417
123
1178
140
94
115
88
79
148
150
165
88
135
77
143
157
82
95
112
228
523
1525
128
187
165
200
208
152
169
121
139
202
105
170
197
165
213
107
122
167
299
137
188
133
91
275
153
100
245
167
129
275
150
133
130
182
135
105
111
112
217
137
187
102
142
137
117
199
141
196
153
132
141
109
150
167
118
89
191
155
146
179
96
157
142
151
157
123
229
218
108
173
102
158
121
97
198
123
151
109
119
165
149
152
157
132
123
115
106
116
93
128
97
157
147
131
197
103
103
244
158
175
224
258
197
223
223
125
116
122
100
155
105
102
156
149
148
149
144
183
243
252
156
181
158
185
144
207
178
140
154
166
130
131
139
149
99
134
171
148
120
108
144
112
99
181
121
124
187
113
241
142
227
147
161
127
134
213
133
110
101
103
158
116
195
195
205
128
130
134
124
173
143
149
130
103
121
98
139
130
123
117
158
208
144
860
128
91
108
160
142
108
234
122
126
169
107
161
161
202
116
148
120
120
85
254
135
137
154
118
106
119
126
245
108
131
189
190
296
144
116
152
112
100
251
331
154
386
104
93
97
173
144
160
162
450
155
174
241
138
228
218
142
250
148
138
144
170
153
155
106
129
140
149
121
196
148
417
136
96
109
116
192
228
84
136
118
117
105
217
177
127
113
124
110
246
152
81
426
373
121
88
200
164
293
281
223
136
312
297
83
110
716
114
80
620
96
604
128
565
104
473
149
342
83
132
147
102
144
113
124
120
91
221
134
127
107
342
202
108
162
184
98
158
364
412
119
370
279
172
103
118
136
152
125
311
125
88
126
172
128
157
150
179
92
162
121
192
183
132
126
144
179
148
118
113
123
177
860
670
955
872
169
124
127
125
168
113
160
159
119
113
123
102
132
196
112
102
157
125
141
116
106
114
110
114
115
93
189
200
123
118
134
730
112
141
261
114
153
133
127
122
120
111
119
149
127
167
132
130
140
132
148
89
110
132
130
115
102
113
147
89
124
101
94
128
79
114
118
119
171
132
111
83
85
106
132
110
115
76
111
84
104
173
118
109
119
131
85
109
142
79
142
148
138
138
146
108
2330
90
2417
123
1178
140
94
115
88
79
148
150
165
88
135
77
143
157
82
95
112
228
523
1525
128
187
165
200
208
152
169
121
139
202
105
170
197
165
213
107
122
167
299
137
188
133
91
275
153
100
245
167
129
275
150
133
130
182
135
105
111
112
217
137
187
102
142
137
117
199
141
196
153
132
141
109
150
167
118
89
191
155
146
179
96
157
142
151
157
123
229
218
108
173
102
158
121
97
198
123
151
109
119
165
149
152
157
132
123
115
106
116
93
128
97
157
147
131
197
103
103
244
158
175
224
258
197
223
223
125
116
122
100
155
105
102
156
149
148
149
144
183
243
252
156
181
158
185
144
207
178
140
154
166
130
131
139
149
99
134
171
148
120
108
144
112
99
181
121
124
187
113
241
142
227
147
161
127
134
213
133
110
101
103
158
116
195
195
205
128
130
134
124
173
143
149
130
103
121
98
139
130
123
117
158
208
144
860
128
91
108
160
142
108
234
122
126
169
107
161
161
202
116
148
120
120
85
254
135
137
154
118
106
119
126
245
108
131
189
190
296
144
116
152
112
100
251
331
154
386
104
93
97
173
144
160
162
450
155
174
241
138
228
218
142
250
148
138
144
170
153
155
106
129
140
149
121
196
148
417
136
96
109
116
192
228
84
136
118
117
105
217
177
127
113
124
110
246
152
81
426
373
121
88
200
164
293
281
223
136
312
297
83
110
716
114
80
620
96
604
128
565
104
473
149
342
83
132
147
102
144
113
124
120
91
221
134
127
107
342
202
108
162
184
98
158
364
412
119
370
279
172
103
118
136
152
125
311
125
88
126
172
128
157
150
179
92
162
121
192
183
132
126
144
179
148
118
113
123
177
860
670
955
872
