127
145
41
225
233
88
265
315
307
316
293
322
349
324
362
335
363
359
158
167
176
439
452
486
257
237
201
507
243
274
273
600
40
268
245
268
275
162
248
248
29
41
68
344
54
223
327
267
812
233
140
545
371
225
233
489
147
296
305
181
336
165
295
262
283
180
649
316
165
534
141
198
173
252
106
186
181
238
228
73
336
168
34
22
459
34
44
249
284
228
329
232
1377
384
440
1034
302
330
215
845
854
212
415
204
35
211
357
25
261
175
184
53
60
40
181
281
418
304
1764
235
340
305
515
507
705
461
807
240
756
636
362
799
480
427
347
805
246
836
305
882
293
679
912
819
575
270
1180
617
1105
296
494
459
1264
450
1378
485
1080
1431
511
462
1370
598
1239
583
672
333
879
318
294
804
604
592
742
860
958
518
803
650
710
675
914
1023
594
1065
1220
518
530
683
664
1373
603
1389
729
1540
1652
761
349
857
683
319
636
1103
931
731
961
771
897
437
996
656
751
533
639
439
686
1006
715
546
711
668
1261
1405
760
281
707
786
756
471
628
848
814
752
784
1049
966
1125
905
1075
1149
1173
236
239
278
281
304
299
312
306
329
345
368
384
367
400
407
411
419
451
163
223
334
256
131
397
651
286
292
362
437
347
407
769
188
227
187
419
867
894
157
328
383
227
493
981
244
685
577
205
102
249
211
225
1085
451
132
435
175
928
495
204
274
303
234
335
211
162
290
349
973
139
487
193
1060
180
230
601
459
214
248
332
612
166
620
156
150
515
498
440
352
233
176
1052
251
327
675
340
714
477
519
156
1222
353
161
59
1061
229
379
34
820
67
37
524
231
104
299
8
18
1009
15
20
135
20
1006
837
287
861
652
562
320
401
271
1000
325
220
164
12
15
287
14
14
18
189
1401
958
879
159
13
364
8
354
21
158
14
10
475
772
861
185
238
707
1673
1230
924
1449
497
232
737
561
324
588
1699
497
873
272
799
338
760
466
423
497
426
555
779
714
895
759
655
585
1083
1021
1365
455
1083
487
1085
517
1257
1542
1304
404
728
847
443
893
946
683
512
872
672
1035
834
1166
552
724
932
754
1173
923
785
1865
592
273
698
888
793
1337
691
874
743
660
792
1187
923
852
852
951
932
1192
1318
1532
193
227
216
291
293
293
316
353
379
161
169
406
421
456
113
271
485
194
242
215
550
261
211
592
198
252
243
268
686
679
173
224
725
183
279
287
783
304
156
149
892
383
327
252
228
183
351
150
422
326
996
1022
473
156
427
425
178
452
456
199
206
215
1189
148
281
139
513
211
248
332
152
343
188
559
469
166
424
548
1484
163
202
562
670
278
247
179
352
488
199
128
270
539
223
437
337
803
292
1125
232
1087
321
278
558
726
203
212
255
218
158
211
709
567
160
922
123
244
1014
744
233
161
157
1088
753
699
951
590
1022
706
769
919
915
1114
845
985
818
894
471
679
384
341
190
516
471
335
266
448
593
422
534
596
627
622
379
673
882
1007
957
953
713
952
966
786
624
1028
982
553
712
504
924
200
532
565
541
490
474
627
725
674
573
949
998
1026
855
882
1000
493
911
598
662
665
470
770
553
275
382
466
453
576
708
626
800
862
783
779
848
1080
880
1065
823
16
21
19
11
1143
834
9
10
156
13
11
10
155
125
94
13
20
13
21
15
208
994
20
157
35
12
21
13
174
229
86
193
217
198
232
232
248
290
290
330
330
327
350
356
357
366
369
381
166
172
402
424
181
455
224
462
271
197
187
231
571
272
578
195
385
148
331
279
278
250
252
122
744
413
238
153
284
164
201
248
426
357
339
225
460
242
262
257
368
333
128
178
261
207
280
245
496
181
187
686
178
139
369
229
318
239
233
361
416
562
526
496
200
198
526
296
979
169
814
608
284
388
172
141
437
473
355
286
344
362
233
460
674
213
835
350
1049
848
634
678
830
755
798
227
1285
376
180
430
420
984
746
1493
987
568
376
775
280
411
915
377
436
1549
1301
1464
1836
478
931
474
533
1245
640
1370
629
1410
651
607
282
456
669
1789
511
929
653
415
902
856
601
592
647
622
481
969
1151
865
472
1019
432
573
1104
534
1148
596
1471
1445
693
804
519
832
404
832
474
274
502
782
1944
591
834
389
970
1208
1052
997
846
1203
481
504
508
490
21
23
709
40
16
1344
17
43
761
24
632
122
93
113
102
722
672
74
83
83
88
29
37
298
121
127
353
347
1457
889
1846
917
1048
934
1079
865
1109
952
1078
1029
1303
1392
1381
127
145
41
225
233
88
265
315
307
316
293
322
349
324
362
335
363
359
158
167
176
439
452
486
257
237
201
507
243
274
273
600
40
268
245
268
275
162
248
248
29
41
68
344
54
223
327
267
812
233
140
545
371
225
233
489
147
296
305
181
336
165
295
262
283
180
649
316
165
534
141
198
173
252
106
186
181
238
228
73
336
168
34
22
459
34
44
249
284
228
329
232
1377
384
440
1034
302
330
215
845
854
212
415
204
35
211
357
25
261
175
184
53
60
40
181
281
418
304
1764
235
340
305
515
507
705
461
807
240
756
636
362
799
480
427
347
805
246
836
305
882
293
679
912
819
575
270
1180
617
1105
296
494
459
1264
450
1378
485
1080
1431
511
462
1370
598
1239
583
672
333
879
318
294
804
604
592
742
860
958
518
803
650
710
675
914
1023
594
1065
1220
518
530
683
664
1373
603
1389
729
1540
1652
761
349
857
683
319
636
1103
931
731
961
771
897
437
996
656
751
533
639
439
686
1006
715
546
711
668
1261
1405
760
281
707
786
756
471
628
848
814
752
784
1049
966
1125
905
1075
1149
1173
236
239
278
281
304
299
312
306
329
345
368
384
367
400
407
411
419
451
163
223
334
256
131
397
651
286
292
362
437
347
407
769
188
227
187
419
867
894
157
328
383
227
493
981
244
685
577
205
102
249
211
225
1085
451
132
435
175
928
495
204
274
303
234
335
211
162
290
349
973
139
487
193
1060
180
230
601
459
214
248
332
612
166
620
156
150
515
498
440
352
233
176
1052
251
327
675
340
714
477
519
156
1222
353
161
59
1061
229
379
34
820
67
37
524
231
104
299
8
18
1009
15
20
135
20
1006
837
287
861
652
562
320
401
271
1000
325
220
164
12
15
287
14
14
18
189
1401
958
879
159
13
364
8
354
21
158
14
10
475
772
861
185
238
707
1673
1230
924
1449
497
232
737
561
324
588
1699
497
873
272
799
338
760
466
423
497
426
555
779
714
895
759
655
585
1083
1021
1365
455
1083
487
1085
517
1257
1542
1304
404
728
847
443
893
946
683
512
872
672
1035
834
1166
552
724
932
754
1173
923
785
1865
592
273
698
888
793
1337
691
874
743
660
792
1187
923
852
852
951
932
1192
1318
1532
193
227
216
291
293
293
316
353
379
161
169
406
421
456
113
271
485
194
242
215
550
261
211
592
198
252
243
268
686
679
173
224
725
183
279
287
783
304
156
149
892
383
327
252
228
183
351
150
422
326
996
1022
473
156
427
425
178
452
456
199
206
215
1189
148
281
139
513
211
248
332
152
343
188
559
469
166
424
548
1484
163
202
562
670
278
247
179
352
488
199
128
270
539
223
437
337
803
292
1125
232
1087
321
278
558
726
203
212
255
218
158
211
709
567
160
922
123
244
1014
744
233
161
157
1088
753
699
951
590
1022
706
769
919
915
1114
845
985
818
894
471
679
384
341
190
516
471
335
266
448
593
422
534
596
627
622
379
673
882
1007
957
953
713
952
966
786
624
1028
982
553
712
504
924
200
532
565
541
490
474
627
725
674
573
949
998
1026
855
882
1000
493
911
598
662
665
470
770
553
275
382
466
453
576
708
626
800
862
783
779
848
1080
880
1065
823
16
21
19
11
1143
834
9
10
156
13
11
10
155
125
94
13
20
13
21
15
208
994
20
157
35
12
21
13
174
229
86
193
217
198
232
232
248
290
290
330
330
327
350
356
357
366
369
381
166
172
402
424
181
455
224
462
271
197
187
231
571
272
578
195
385
148
331
279
278
250
252
122
744
413
238
153
284
164
201
248
426
357
339
225
460
242
262
257
368
333
128
178
261
207
280
245
496
181
187
686
178
139
369
229
318
239
233
361
416
562
526
496
200
198
526
296
979
169
814
608
284
388
172
141
437
473
355
286
344
362
233
460
674
213
835
350
1049
848
634
678
830
755
798
227
1285
376
180
430
420
984
746
1493
987
568
376
775
280
411
915
377
436
1549
1301
1464
1836
478
931
474
533
1245
640
1370
629
1410
651
607
282
456
669
1789
511
929
653
415
902
856
601
592
647
622
481
969
1151
865
472
1019
432
573
1104
534
1148
596
1471
1445
693
804
519
832
404
832
474
274
502
782
1944
591
834
389
970
1208
1052
997
846
1203
481
504
508
490
21
23
709
40
16
1344
17
43
761
24
632
122
93
113
102
722
672
74
83
83
88
29
37
298
121
127
353
347
1457
889
1846
917
1048
934
1079
865
1109
952
1078
1029
1303
1392
1381
127
145
41
225
233
88
265
315
307
316
293
322
349
324
362
335
363
359
158
167
176
439
452
486
257
237
201
507
243
274
273
600
40
268
245
268
275
162
248
248
29
41
68
344
54
223
327
267
812
233
140
545
371
225
233
489
147
296
305
181
336
165
295
262
283
180
649
316
165
534
141
198
173
252
106
186
181
238
228
73
336
168
34
22
459
34
44
249
284
228
329
232
1377
384
440
1034
302
330
215
845
854
212
415
204
35
211
357
25
261
175
184
53
60
40
181
281
418
304
1764
235
340
305
515
507
705
461
807
240
756
636
362
799
480
427
347
805
246
836
305
882
293
679
912
819
575
270
1180
617
1105
296
494
459
1264
450
1378
485
1080
1431
511
462
1370
598
1239
583
672
333
879
318
294
804
604
592
742
860
958
518
803
650
710
675
914
1023
594
1065
1220
518
530
683
664
1373
603
1389
729
1540
1652
761
349
857
683
319
636
1103
931
731
961
771
897
437
996
656
751
533
639
439
686
1006
715
546
711
668
1261
1405
760
281
707
786
756
471
628
848
814
752
784
1049
966
1125
905
1075
1149
1173
236
239
278
281
304
299
312
306
329
345
368
384
367
400
407
411
419
451
163
223
334
256
131
397
651
286
292
362
437
347
407
769
188
227
187
419
867
894
157
328
383
227
493
981
244
685
577
205
102
249
211
225
1085
451
132
435
175
928
495
204
274
303
234
335
211
162
290
349
973
139
487
193
1060
180
230
601
459
214
248
332
612
166
620
156
150
515
498
440
352
233
176
1052
251
327
675
340
714
477
519
156
1222
353
161
59
1061
229
379
34
820
67
37
524
231
104
299
8
18
1009
15
20
135
20
1006
837
287
861
652
562
320
401
271
1000
325
220
164
12
15
287
14
14
18
189
1401
958
879
159
13
364
8
354
21
158
14
10
475
772
861
185
238
707
1673
1230
924
1449
497
232
737
561
324
588
1699
497
873
272
799
338
760
466
423
497
426
555
779
714
895
759
655
585
1083
1021
1365
455
1083
487
1085
517
1257
1542
1304
404
728
847
443
893
946
683
512
872
672
1035
834
1166
552
724
932
754
1173
923
785
1865
592
273
698
888
793
1337
691
874
743
660
792
1187
923
852
852
951
932
1192
1318
1532
193
227
216
291
293
293
316
353
379
161
169
406
421
456
113
271
485
194
242
215
550
261
211
592
198
252
243
268
686
679
173
224
725
183
279
287
783
304
156
149
892
383
327
252
228
183
351
150
422
326
996
1022
473
156
427
425
178
452
456
199
206
215
1189
148
281
139
513
211
248
332
152
343
188
559
469
166
424
548
1484
163
202
562
670
278
247
179
352
488
199
128
270
539
223
437
337
803
292
1125
232
1087
321
278
558
726
203
212
255
218
158
211
709
567
160
922
123
244
1014
744
233
161
157
1088
753
699
951
590
1022
706
769
919
915
1114
845
985
818
894
471
679
384
341
190
516
471
335
266
448
593
422
534
596
627
622
379
673
882
1007
957
953
713
952
966
786
624
1028
982
553
712
504
924
200
532
565
541
490
474
627
725
674
573
949
998
1026
855
882
1000
493
911
598
662
665
470
770
553
275
382
466
453
576
708
626
800
862
783
779
848
1080
880
1065
823
16
21
19
11
1143
834
9
10
156
13
11
10
155
125
94
13
20
13
21
15
208
994
20
157
35
12
21
13
174
229
86
193
217
198
232
232
248
290
290
330
330
327
350
356
357
366
369
381
166
172
402
424
181
455
224
462
271
197
187
231
571
272
578
195
385
148
331
279
278
250
252
122
744
413
238
153
284
164
201
248
426
357
339
225
460
242
262
257
368
333
128
178
261
207
280
245
496
181
187
686
178
139
369
229
318
239
233
361
416
562
526
496
200
198
526
296
979
169
814
608
284
388
172
141
437
473
355
286
344
362
233
460
674
213
835
350
1049
848
634
678
830
755
798
227
1285
376
180
430
420
984
746
1493
987
568
376
775
280
411
915
377
436
1549
1301
1464
1836
478
931
474
533
1245
640
1370
629
1410
651
607
282
456
669
1789
511
929
653
415
902
856
601
592
647
622
481
969
1151
865
472
1019
432
573
1104
534
1148
596
1471
1445
693
804
519
832
404
832
474
274
502
782
1944
591
834
389
970
1208
1052
997
846
1203
481
504
508
490
21
23
709
40
16
1344
17
43
761
24
632
122
93
113
102
722
672
74
83
83
88
29
37
298
121
127
353
347
1457
889
1846
917
1048
934
1079
865
1109
952
1078
1029
1303
1392
1381
