208
230
291
1507
1969
2430
2145
3370
4989
4991
68
110
74
65
44
35
5506
34
96
7650
8226
130
8863
9112
8089
9494
13310
13767
15906
11129
16502
16505
17950
6275
164
125
113
11819
20944
22267
93
11354
53
53
49
60
77
43
42
47
54
11364
65
44
44
89
70
16959
11228
25564
54
54
61
73
71
107
71
308
42
56
237
42
60
56122
48464
56125
38883
30152
37637
57947
58170
42572
56692
46928
65099
41921
48175
6128
5071
107
57277
64136
21348
75944
61764
16825
97283
41427
31240
35963
48509
31941
42023
42046
80285
100437
51536
89457
62174
101861
34279
37857
71774
111051
54931
54550
66376
101803
102481
138594
255
219
277
1404
1654
3529
4814
159
5617
6463
6587
5249
114
93
9522
11303
11817
12188
12937
3060
16321
11845
5467
96
17611
18478
57
92
96
13168
92
104
59
76
71
20804
20869
21862
18624
18766
146
26324
26087
14732
7204
31519
31616
36720
57611
57652
218
43668
198
29878
40410
95
45218
64
65
60
49
67
56
54
47015
63
52178
32774
32816
1186
61787
70
94
76
69
49723
9621
55195
26751
94
64
55
64
64
27078
63
52
87
28832
54
63
85
67
49
86658
73026
84101
33888
41769
101075
44166
42026
42780
79573
82613
32517
70205
40617
68424
70044
108874
37897
127955
70092
62490
46904
73034
48613
65726
105627
150
213
236
286
1410
1562
2490
4192
91
96
194
158
125
289
327
275
6399
1683
6791
96
121
3832
9725
9459
15293
11881
12843
19968
14356
22689
20133
29119
25702
30750
60
31
32
10891
40
51
159
25983
65
76
56
8441
34464
34457
39170
7765
37940
23633
35759
42981
24382
42328
62637
25686
44820
54482
152
148
168
190
58
115
157
134
31240
59742
65764
5354
41785
70650
68519
16502
43522
77660
18878
54111
16277
17163
56
19887
13965
48077
14876
78
97
97
148
65
71
90
69
102
65
62
108
37614
23847
96629
46947
24622
107542
103251
28305
29163
30072
120479
37798
42238
125993
65129
65606
51535
68764
70467
53186
90970
238
1681
1716
82
3321
4461
4715
4784
4847
126
116
129
4666
7132
9913
10920
8556
7499
11266
8471
13774
119
9055
88
148
10027
89
15894
71
52
47
43
57
55
64
55
16730
11777
19963
20624
23052
11333
25947
81
11460
51
36
42
26553
52
51
75
78
1306
55216
58
80
150
64
56403
56564
300
46475
44890
45750
57970
50871
58350
38544
45485
49194
41157
149
31971
32827
69
93
102
79
54
87
73
67
64
100
141
68
143
62511
50835
52827
40443
14951
10466
59269
9104
38502
19794
37845
71307
80861
34304
35266
84108
36075
35083
54654
50821
91436
62218
53531
63116
69869
64893
71557
58864
85327
100608
112352
116787
208
230
291
1507
1969
2430
2145
3370
4989
4991
68
110
74
65
44
35
5506
34
96
7650
8226
130
8863
9112
8089
9494
13310
13767
15906
11129
16502
16505
17950
6275
164
125
113
11819
20944
22267
93
11354
53
53
49
60
77
43
42
47
54
11364
65
44
44
89
70
16959
11228
25564
54
54
61
73
71
107
71
308
42
56
237
42
60
56122
48464
56125
38883
30152
37637
57947
58170
42572
56692
46928
65099
41921
48175
6128
5071
107
57277
64136
21348
75944
61764
16825
97283
41427
31240
35963
48509
31941
42023
42046
80285
100437
51536
89457
62174
101861
34279
37857
71774
111051
54931
54550
66376
101803
102481
138594
255
219
277
1404
1654
3529
4814
159
5617
6463
6587
5249
114
93
9522
11303
11817
12188
12937
3060
16321
11845
5467
96
17611
18478
57
92
96
13168
92
104
59
76
71
20804
20869
21862
18624
18766
146
26324
26087
14732
7204
31519
31616
36720
57611
57652
218
43668
198
29878
40410
95
45218
64
65
60
49
67
56
54
47015
63
52178
32774
32816
1186
61787
70
94
76
69
49723
9621
55195
26751
94
64
55
64
64
27078
63
52
87
28832
54
63
85
67
49
86658
73026
84101
33888
41769
101075
44166
42026
42780
79573
82613
32517
70205
40617
68424
70044
108874
37897
127955
70092
62490
46904
73034
48613
65726
105627
150
213
236
286
1410
1562
2490
4192
91
96
194
158
125
289
327
275
6399
1683
6791
96
121
3832
9725
9459
15293
11881
12843
19968
14356
22689
20133
29119
25702
30750
60
31
32
10891
40
51
159
25983
65
76
56
8441
34464
34457
39170
7765
37940
23633
35759
42981
24382
42328
62637
25686
44820
54482
152
148
168
190
58
115
157
134
31240
59742
65764
5354
41785
70650
68519
16502
43522
77660
18878
54111
16277
17163
56
19887
13965
48077
14876
78
97
97
148
65
71
90
69
102
65
62
108
37614
23847
96629
46947
24622
107542
103251
28305
29163
30072
120479
37798
42238
125993
65129
65606
51535
68764
70467
53186
90970
238
1681
1716
82
3321
4461
4715
4784
4847
126
116
129
4666
7132
9913
10920
8556
7499
11266
8471
13774
119
9055
88
148
10027
89
15894
71
52
47
43
57
55
64
55
16730
11777
19963
20624
23052
11333
25947
81
11460
51
36
42
26553
52
51
75
78
1306
55216
58
80
150
64
56403
56564
300
46475
44890
45750
57970
50871
58350
38544
45485
49194
41157
149
31971
32827
69
93
102
79
54
87
73
67
64
100
141
68
143
62511
50835
52827
40443
14951
10466
59269
9104
38502
19794
37845
71307
80861
34304
35266
84108
36075
35083
54654
50821
91436
62218
53531
63116
69869
64893
71557
58864
85327
100608
112352
116787
208
230
291
1507
1969
2430
2145
3370
4989
4991
68
110
74
65
44
35
5506
34
96
7650
8226
130
8863
9112
8089
9494
13310
13767
15906
11129
16502
16505
17950
6275
164
125
113
11819
20944
22267
93
11354
53
53
49
60
77
43
42
47
54
11364
65
44
44
89
70
16959
11228
25564
54
54
61
73
71
107
71
308
42
56
237
42
60
56122
48464
56125
38883
30152
37637
57947
58170
42572
56692
46928
65099
41921
48175
6128
5071
107
57277
64136
21348
75944
61764
16825
97283
41427
31240
35963
48509
31941
42023
42046
80285
100437
51536
89457
62174
101861
34279
37857
71774
111051
54931
54550
66376
101803
102481
138594
255
219
277
1404
1654
3529
4814
159
5617
6463
6587
5249
114
93
9522
11303
11817
12188
12937
3060
16321
11845
5467
96
17611
18478
57
92
96
13168
92
104
59
76
71
20804
20869
21862
18624
18766
146
26324
26087
14732
7204
31519
31616
36720
57611
57652
218
43668
198
29878
40410
95
45218
64
65
60
49
67
56
54
47015
63
52178
32774
32816
1186
61787
70
94
76
69
49723
9621
55195
26751
94
64
55
64
64
27078
63
52
87
28832
54
63
85
67
49
86658
73026
84101
33888
41769
101075
44166
42026
42780
79573
82613
32517
70205
40617
68424
70044
108874
37897
127955
70092
62490
46904
73034
48613
65726
105627
150
213
236
286
1410
1562
2490
4192
91
96
194
158
125
289
327
275
6399
1683
6791
96
121
3832
9725
9459
15293
11881
12843
19968
14356
22689
20133
29119
25702
30750
60
31
32
10891
40
51
159
25983
65
76
56
8441
34464
34457
39170
7765
37940
23633
35759
42981
24382
42328
62637
25686
44820
54482
152
148
168
190
58
115
157
134
31240
59742
65764
5354
41785
70650
68519
16502
43522
77660
18878
54111
16277
17163
56
19887
13965
48077
14876
78
97
97
148
65
71
90
69
102
65
62
108
37614
23847
96629
46947
24622
107542
103251
28305
29163
30072
120479
37798
42238
125993
65129
65606
51535
68764
70467
53186
90970
238
1681
1716
82
3321
4461
4715
4784
4847
126
116
129
4666
7132
9913
10920
8556
7499
11266
8471
13774
119
9055
88
148
10027
89
15894
71
52
47
43
57
55
64
55
16730
11777
19963
20624
23052
11333
25947
81
11460
51
36
42
26553
52
51
75
78
1306
55216
58
80
150
64
56403
56564
300
46475
44890
45750
57970
50871
58350
38544
45485
49194
41157
149
31971
32827
69
93
102
79
54
87
73
67
64
100
141
68
143
62511
50835
52827
40443
14951
10466
59269
9104
38502
19794
37845
71307
80861
34304
35266
84108
36075
35083
54654
50821
91436
62218
53531
63116
69869
64893
71557
58864
85327
100608
112352
116787
