458
476
491
491
518
505
513
538
561
580
608
743
411
406
472
455
1010
539
570
487
584
510
1231
1226
1313
387
589
1411
1420
534
1441
1458
426
1487
509
460
498
505
419
525
566
432
1698
1744
1835
407
451
545
686
435
401
1445
524
412
517
643
538
396
430
376
389
1792
534
530
457
523
428
291
626
426
403
453
494
1557
484
1652
472
1557
1573
1115
316
463
380
532
486
1960
520
1911
519
465
1975
270
1947
1892
421
428
554
366
446
2238
466
1942
2043
486
2082
2134
549
2116
2725
2903
2930
2737
2822
2675
2687
2877
3022
2931
3095
3195
463
475
492
513
539
556
569
659
670
714
717
470
528
501
491
481
574
487
495
371
693
1892
1974
566
2002
1990
1990
2082
2074
2102
431
442
1467
528
1607
1659
2861
2862
936
1039
514
554
651
1857
451
3295
398
2887
547
2864
467
3680
3697
1683
2694
2554
2770
1755
1685
1636
2346
422
599
560
414
506
488
499
545
969
1299
1343
617
1566
1101
1611
1543
378
1594
1277
616
1948
875
737
690
926
832
1075
970
500
474
492
525
406
420
444
417
405
390
403
546
473
465
455
865
498
592
651
476
492
520
726
1373
1439
1467
1469
2101
2090
1962
1971
1201
1252
1308
1348
1367
1411
1432
1474
1492
1499
1503
1545
1574
1627
1696
1714
1783
466
593
638
531
1962
1976
1977
2027
2010
533
572
563
2107
622
2171
392
552
413
834
363
917
600
931
834
625
567
379
443
1092
570
907
417
421
577
387
663
572
430
504
603
445
472
343
555
422
308
640
1067
435
1010
426
451
1115
554
262
661
420
1290
495
444
1323
560
579
706
543
574
1328
542
515
429
1401
1226
1365
434
1346
477
547
363
401
1013
1270
987
1033
482
397
1130
818
502
840
707
406
770
597
310
836
798
393
393
419
586
426
651
764
477
498
528
562
559
565
578
597
607
606
625
624
615
633
654
657
689
700
734
755
782
799
385
889
953
366
459
432
402
406
547
406
477
558
596
568
586
390
433
631
389
666
440
376
349
1150
425
451
502
407
339
389
1388
1366
1396
1360
530
286
423
438
393
372
440
435
1654
1717
396
483
1804
1778
400
1761
499
396
406
1821
415
2128
481
2203
2209
2168
2172
2094
2198
379
472
512
572
584
362
411
2889
2756
2797
2727
2757
2900
2885
2614
2607
2597
2593
2697
2664
2410
3523
2374
3491
3550
3572
2190
2407
3116
2641
2012
2446
2456
3008
2599
458
476
491
491
518
505
513
538
561
580
608
743
411
406
472
455
1010
539
570
487
584
510
1231
1226
1313
387
589
1411
1420
534
1441
1458
426
1487
509
460
498
505
419
525
566
432
1698
1744
1835
407
451
545
686
435
401
1445
524
412
517
643
538
396
430
376
389
1792
534
530
457
523
428
291
626
426
403
453
494
1557
484
1652
472
1557
1573
1115
316
463
380
532
486
1960
520
1911
519
465
1975
270
1947
1892
421
428
554
366
446
2238
466
1942
2043
486
2082
2134
549
2116
2725
2903
2930
2737
2822
2675
2687
2877
3022
2931
3095
3195
463
475
492
513
539
556
569
659
670
714
717
470
528
501
491
481
574
487
495
371
693
1892
1974
566
2002
1990
1990
2082
2074
2102
431
442
1467
528
1607
1659
2861
2862
936
1039
514
554
651
1857
451
3295
398
2887
547
2864
467
3680
3697
1683
2694
2554
2770
1755
1685
1636
2346
422
599
560
414
506
488
499
545
969
1299
1343
617
1566
1101
1611
1543
378
1594
1277
616
1948
875
737
690
926
832
1075
970
500
474
492
525
406
420
444
417
405
390
403
546
473
465
455
865
498
592
651
476
492
520
726
1373
1439
1467
1469
2101
2090
1962
1971
1201
1252
1308
1348
1367
1411
1432
1474
1492
1499
1503
1545
1574
1627
1696
1714
1783
466
593
638
531
1962
1976
1977
2027
2010
533
572
563
2107
622
2171
392
552
413
834
363
917
600
931
834
625
567
379
443
1092
570
907
417
421
577
387
663
572
430
504
603
445
472
343
555
422
308
640
1067
435
1010
426
451
1115
554
262
661
420
1290
495
444
1323
560
579
706
543
574
1328
542
515
429
1401
1226
1365
434
1346
477
547
363
401
1013
1270
987
1033
482
397
1130
818
502
840
707
406
770
597
310
836
798
393
393
419
586
426
651
764
477
498
528
562
559
565
578
597
607
606
625
624
615
633
654
657
689
700
734
755
782
799
385
889
953
366
459
432
402
406
547
406
477
558
596
568
586
390
433
631
389
666
440
376
349
1150
425
451
502
407
339
389
1388
1366
1396
1360
530
286
423
438
393
372
440
435
1654
1717
396
483
1804
1778
400
1761
499
396
406
1821
415
2128
481
2203
2209
2168
2172
2094
2198
379
472
512
572
584
362
411
2889
2756
2797
2727
2757
2900
2885
2614
2607
2597
2593
2697
2664
2410
3523
2374
3491
3550
3572
2190
2407
3116
2641
2012
2446
2456
3008
2599
458
476
491
491
518
505
513
538
561
580
608
743
411
406
472
455
1010
539
570
487
584
510
1231
1226
1313
387
589
1411
1420
534
1441
1458
426
1487
509
460
498
505
419
525
566
432
1698
1744
1835
407
451
545
686
435
401
1445
524
412
517
643
538
396
430
376
389
1792
534
530
457
523
428
291
626
426
403
453
494
1557
484
1652
472
1557
1573
1115
316
463
380
532
486
1960
520
1911
519
465
1975
270
1947
1892
421
428
554
366
446
2238
466
1942
2043
486
2082
2134
549
2116
2725
2903
2930
2737
2822
2675
2687
2877
3022
2931
3095
3195
463
475
492
513
539
556
569
659
670
714
717
470
528
501
491
481
574
487
495
371
693
1892
1974
566
2002
1990
1990
2082
2074
2102
431
442
1467
528
1607
1659
2861
2862
936
1039
514
554
651
1857
451
3295
398
2887
547
2864
467
3680
3697
1683
2694
2554
2770
1755
1685
1636
2346
422
599
560
414
506
488
499
545
969
1299
1343
617
1566
1101
1611
1543
378
1594
1277
616
1948
875
737
690
926
832
1075
970
500
474
492
525
406
420
444
417
405
390
403
546
473
465
455
865
498
592
651
476
492
520
726
1373
1439
1467
1469
2101
2090
1962
1971
1201
1252
1308
1348
1367
1411
1432
1474
1492
1499
1503
1545
1574
1627
1696
1714
1783
466
593
638
531
1962
1976
1977
2027
2010
533
572
563
2107
622
2171
392
552
413
834
363
917
600
931
834
625
567
379
443
1092
570
907
417
421
577
387
663
572
430
504
603
445
472
343
555
422
308
640
1067
435
1010
426
451
1115
554
262
661
420
1290
495
444
1323
560
579
706
543
574
1328
542
515
429
1401
1226
1365
434
1346
477
547
363
401
1013
1270
987
1033
482
397
1130
818
502
840
707
406
770
597
310
836
798
393
393
419
586
426
651
764
477
498
528
562
559
565
578
597
607
606
625
624
615
633
654
657
689
700
734
755
782
799
385
889
953
366
459
432
402
406
547
406
477
558
596
568
586
390
433
631
389
666
440
376
349
1150
425
451
502
407
339
389
1388
1366
1396
1360
530
286
423
438
393
372
440
435
1654
1717
396
483
1804
1778
400
1761
499
396
406
1821
415
2128
481
2203
2209
2168
2172
2094
2198
379
472
512
572
584
362
411
2889
2756
2797
2727
2757
2900
2885
2614
2607
2597
2593
2697
2664
2410
3523
2374
3491
3550
3572
2190
2407
3116
2641
2012
2446
2456
3008
2599
