113
162
104
133
143
156
172
109
109
158
200
109
109
127
103
136
133
419
140
494
760
435
180
127
194
252
132
131
184
155
189
201
121
325
148
1178
174
95
947
107
813
902
126
151
121
126
108
124
742
144
129
116
140
296
113
114
114
134
130
99
175
113
1248
148
1201
107
1178
931
755
764
680
218
155
146
131
139
138
170
592
512
98
507
117
506
164
116
120
154
136
112
127
109
133
119
117
129
100
151
133
113
170
1150
106
949
926
105
869
98
146
825
675
785
618
718
1040
1004
870
743
682
687
145
145
94
135
197
113
105
194
141
137
137
171
96
460
132
190
452
112
462
237
127
130
127
174
113
168
131
126
166
626
550
364
127
103
113
156
113
155
153
102
317
264
315
120
120
130
318
144
182
107
92
126
113
147
693
148
158
163
629
635
123
116
566
552
169
487
119
102
126
124
102
113
146
154
122
104
121
132
105
135
146
135
439
169
102
196
116
120
119
156
125
97
104
438
393
165
105
172
97
108
156
119
157
120
136
105
1060
979
971
963
933
858
856
828
715
691
651
932
894
891
112
133
147
119
212
180
246
131
102
129
183
176
115
129
135
138
105
100
108
95
154
134
125
95
146
123
116
100
151
134
169
118
93
87
107
181
114
140
104
97
113
128
108
103
110
86
151
166
147
104
167
186
124
200
117
103
164
160
127
103
77
93
117
119
133
126
139
102
114
121
123
107
86
81
182
172
132
98
125
177
127
128
105
108
127
158
105
98
153
84
116
102
139
147
140
118
139
126
91
77
135
153
127
117
140
183
106
108
131
87
96
121
134
141
79
136
113
125
204
216
147
126
130
138
143
133
116
120
357
758
108
160
104
131
169
104
130
113
141
112
128
141
504
563
653
104
109
114
119
142
124
132
114
142
106
148
126
119
114
164
121
164
137
136
174
93
116
164
153
152
139
130
112
143
121
119
240
118
111
149
216
119
168
121
122
118
163
170
176
174
103
84
117
194
105
128
156
130
168
117
141
148
133
117
156
119
124
106
117
124
163
135
131
97
115
137
105
156
131
116
162
96
132
103
592
102
708
108
514
138
138
151
126
111
1376
133
161
137
1369
1383
113
162
104
133
143
156
172
109
109
158
200
109
109
127
103
136
133
419
140
494
760
435
180
127
194
252
132
131
184
155
189
201
121
325
148
1178
174
95
947
107
813
902
126
151
121
126
108
124
742
144
129
116
140
296
113
114
114
134
130
99
175
113
1248
148
1201
107
1178
931
755
764
680
218
155
146
131
139
138
170
592
512
98
507
117
506
164
116
120
154
136
112
127
109
133
119
117
129
100
151
133
113
170
1150
106
949
926
105
869
98
146
825
675
785
618
718
1040
1004
870
743
682
687
145
145
94
135
197
113
105
194
141
137
137
171
96
460
132
190
452
112
462
237
127
130
127
174
113
168
131
126
166
626
550
364
127
103
113
156
113
155
153
102
317
264
315
120
120
130
318
144
182
107
92
126
113
147
693
148
158
163
629
635
123
116
566
552
169
487
119
102
126
124
102
113
146
154
122
104
121
132
105
135
146
135
439
169
102
196
116
120
119
156
125
97
104
438
393
165
105
172
97
108
156
119
157
120
136
105
1060
979
971
963
933
858
856
828
715
691
651
932
894
891
112
133
147
119
212
180
246
131
102
129
183
176
115
129
135
138
105
100
108
95
154
134
125
95
146
123
116
100
151
134
169
118
93
87
107
181
114
140
104
97
113
128
108
103
110
86
151
166
147
104
167
186
124
200
117
103
164
160
127
103
77
93
117
119
133
126
139
102
114
121
123
107
86
81
182
172
132
98
125
177
127
128
105
108
127
158
105
98
153
84
116
102
139
147
140
118
139
126
91
77
135
153
127
117
140
183
106
108
131
87
96
121
134
141
79
136
113
125
204
216
147
126
130
138
143
133
116
120
357
758
108
160
104
131
169
104
130
113
141
112
128
141
504
563
653
104
109
114
119
142
124
132
114
142
106
148
126
119
114
164
121
164
137
136
174
93
116
164
153
152
139
130
112
143
121
119
240
118
111
149
216
119
168
121
122
118
163
170
176
174
103
84
117
194
105
128
156
130
168
117
141
148
133
117
156
119
124
106
117
124
163
135
131
97
115
137
105
156
131
116
162
96
132
103
592
102
708
108
514
138
138
151
126
111
1376
133
161
137
1369
1383
113
162
104
133
143
156
172
109
109
158
200
109
109
127
103
136
133
419
140
494
760
435
180
127
194
252
132
131
184
155
189
201
121
325
148
1178
174
95
947
107
813
902
126
151
121
126
108
124
742
144
129
116
140
296
113
114
114
134
130
99
175
113
1248
148
1201
107
1178
931
755
764
680
218
155
146
131
139
138
170
592
512
98
507
117
506
164
116
120
154
136
112
127
109
133
119
117
129
100
151
133
113
170
1150
106
949
926
105
869
98
146
825
675
785
618
718
1040
1004
870
743
682
687
145
145
94
135
197
113
105
194
141
137
137
171
96
460
132
190
452
112
462
237
127
130
127
174
113
168
131
126
166
626
550
364
127
103
113
156
113
155
153
102
317
264
315
120
120
130
318
144
182
107
92
126
113
147
693
148
158
163
629
635
123
116
566
552
169
487
119
102
126
124
102
113
146
154
122
104
121
132
105
135
146
135
439
169
102
196
116
120
119
156
125
97
104
438
393
165
105
172
97
108
156
119
157
120
136
105
1060
979
971
963
933
858
856
828
715
691
651
932
894
891
112
133
147
119
212
180
246
131
102
129
183
176
115
129
135
138
105
100
108
95
154
134
125
95
146
123
116
100
151
134
169
118
93
87
107
181
114
140
104
97
113
128
108
103
110
86
151
166
147
104
167
186
124
200
117
103
164
160
127
103
77
93
117
119
133
126
139
102
114
121
123
107
86
81
182
172
132
98
125
177
127
128
105
108
127
158
105
98
153
84
116
102
139
147
140
118
139
126
91
77
135
153
127
117
140
183
106
108
131
87
96
121
134
141
79
136
113
125
204
216
147
126
130
138
143
133
116
120
357
758
108
160
104
131
169
104
130
113
141
112
128
141
504
563
653
104
109
114
119
142
124
132
114
142
106
148
126
119
114
164
121
164
137
136
174
93
116
164
153
152
139
130
112
143
121
119
240
118
111
149
216
119
168
121
122
118
163
170
176
174
103
84
117
194
105
128
156
130
168
117
141
148
133
117
156
119
124
106
117
124
163
135
131
97
115
137
105
156
131
116
162
96
132
103
592
102
708
108
514
138
138
151
126
111
1376
133
161
137
1369
1383
