224
228
232
256
251
270
289
295
306
307
325
333
335
354
363
363
370
378
161
399
165
208
54
198
156
483
33
504
177
231
28
536
216
309
49
210
188
270
213
255
315
233
227
215
388
155
166
288
248
217
606
342
906
419
258
254
977
339
519
400
264
188
466
278
196
236
264
842
208
185
224
262
412
33
185
36
648
287
29
972
922
247
23
229
290
41
264
839
386
282
233
578
252
179
167
744
567
399
264
195
239
323
210
856
210
1021
307
300
244
191
27
203
38
549
221
24
277
657
29
315
208
345
818
59
258
972
31
639
238
752
38
934
19
151
14
23
304
127
809
253
383
439
377
383
846
573
518
481
1008
641
1400
953
1072
470
906
605
522
468
1462
736
919
600
1162
444
1029
679
592
651
267
787
298
514
496
508
977
291
782
806
884
548
653
861
1069
995
1090
830
837
946
872
995
638
504
624
609
683
820
615
485
739
1628
382
572
901
459
642
832
637
730
624
526
601
598
1040
480
873
1096
672
1112
507
720
1126
153
624
288
745
368
1513
632
789
768
834
833
825
740
849
895
1181
1018
1152
1497
177
176
26
26
232
253
259
261
272
285
289
275
299
299
307
307
321
336
323
174
415
199
443
189
132
222
184
146
484
497
214
205
207
546
281
179
282
140
175
383
172
169
241
342
120
290
119
22
271
14
238
19
376
11
319
295
517
31
288
189
254
871
362
250
169
212
173
383
681
249
174
296
234
126
216
327
528
193
256
280
1128
246
297
293
337
234
69
392
293
206
17
591
18
22
27
279
199
405
571
366
142
306
130
319
204
225
153
1191
209
318
184
615
136
598
201
661
667
227
310
14
859
12
13
12
286
15
365
115
877
83
853
840
238
251
712
421
454
354
970
844
743
757
465
744
678
458
890
307
441
770
1252
979
466
964
975
1092
375
467
436
477
434
598
772
847
1365
683
521
316
733
803
265
471
786
706
865
332
954
904
359
889
740
983
593
943
847
694
534
1186
494
1345
1373
566
742
663
629
572
821
758
739
1733
293
373
409
703
442
955
874
678
966
727
793
786
546
607
955
1116
480
1260
569
517
1285
579
522
619
165
1314
626
697
635
669
871
935
865
1001
923
1103
1169
1009
1266
1282
127
135
37
42
172
172
196
217
234
227
232
246
288
287
290
292
294
297
314
329
326
145
340
352
366
194
216
405
18
163
20
18
216
23
30
198
177
171
505
328
154
315
196
195
291
370
257
249
369
169
222
210
182
387
390
166
396
165
224
198
476
448
254
309
211
223
347
121
145
274
157
302
338
240
421
191
182
23
33
114
581
299
244
172
470
206
405
420
97
96
201
115
433
454
267
299
253
325
214
169
166
324
241
121
10
125
13
130
13
11
654
20
395
412
616
925
187
557
292
592
221
228
686
584
165
798
1010
752
813
804
975
382
312
963
183
691
209
414
565
1001
959
612
895
1335
718
498
364
448
833
394
835
421
950
1880
982
479
530
560
1259
547
515
633
652
779
735
647
247
299
688
250
440
841
632
814
652
815
1027
558
364
975
786
975
524
1068
594
1241
530
533
595
1056
953
1161
658
800
767
294
352
502
395
1693
899
654
491
879
550
385
795
835
551
965
502
556
1035
1040
398
884
490
845
127
610
570
193
713
390
1444
803
562
864
762
787
601
726
865
701
900
902
863
741
1137
1141
134
139
22
178
38
230
240
248
267
263
272
292
312
132
157
336
327
341
341
371
424
423
430
458
471
141
221
228
213
271
295
167
125
214
199
311
642
330
316
217
214
239
169
414
251
265
217
822
294
417
186
112
328
247
311
447
678
405
550
267
293
216
1015
252
493
159
190
875
247
136
301
221
122
98
72
783
74
46
359
563
661
208
339
132
266
206
587
217
369
401
241
542
10
658
140
24
21
348
194
196
29
174
152
34
184
665
313
391
245
199
191
308
12
223
251
759
919
16
234
13
288
31
27
924
307
153
282
586
926
955
984
317
217
971
330
171
845
761
302
256
384
556
584
352
428
406
555
698
744
688
1097
792
563
616
396
675
1089
946
622
1005
679
1195
1221
1217
719
227
424
562
548
429
889
743
597
1024
664
868
1018
1050
874
856
493
1012
1012
444
675
1108
1147
696
781
1228
693
1363
511
240
515
477
867
877
618
704
957
894
414
607
881
823
530
475
406
962
779
664
1109
889
1083
502
536
1239
1261
200
182
244
229
724
769
798
738
951
817
814
907
907
744
839
977
1011
936
935
1126
1227
224
228
232
256
251
270
289
295
306
307
325
333
335
354
363
363
370
378
161
399
165
208
54
198
156
483
33
504
177
231
28
536
216
309
49
210
188
270
213
255
315
233
227
215
388
155
166
288
248
217
606
342
906
419
258
254
977
339
519
400
264
188
466
278
196
236
264
842
208
185
224
262
412
33
185
36
648
287
29
972
922
247
23
229
290
41
264
839
386
282
233
578
252
179
167
744
567
399
264
195
239
323
210
856
210
1021
307
300
244
191
27
203
38
549
221
24
277
657
29
315
208
345
818
59
258
972
31
639
238
752
38
934
19
151
14
23
304
127
809
253
383
439
377
383
846
573
518
481
1008
641
1400
953
1072
470
906
605
522
468
1462
736
919
600
1162
444
1029
679
592
651
267
787
298
514
496
508
977
291
782
806
884
548
653
861
1069
995
1090
830
837
946
872
995
638
504
624
609
683
820
615
485
739
1628
382
572
901
459
642
832
637
730
624
526
601
598
1040
480
873
1096
672
1112
507
720
1126
153
624
288
745
368
1513
632
789
768
834
833
825
740
849
895
1181
1018
1152
1497
177
176
26
26
232
253
259
261
272
285
289
275
299
299
307
307
321
336
323
174
415
199
443
189
132
222
184
146
484
497
214
205
207
546
281
179
282
140
175
383
172
169
241
342
120
290
119
22
271
14
238
19
376
11
319
295
517
31
288
189
254
871
362
250
169
212
173
383
681
249
174
296
234
126
216
327
528
193
256
280
1128
246
297
293
337
234
69
392
293
206
17
591
18
22
27
279
199
405
571
366
142
306
130
319
204
225
153
1191
209
318
184
615
136
598
201
661
667
227
310
14
859
12
13
12
286
15
365
115
877
83
853
840
238
251
712
421
454
354
970
844
743
757
465
744
678
458
890
307
441
770
1252
979
466
964
975
1092
375
467
436
477
434
598
772
847
1365
683
521
316
733
803
265
471
786
706
865
332
954
904
359
889
740
983
593
943
847
694
534
1186
494
1345
1373
566
742
663
629
572
821
758
739
1733
293
373
409
703
442
955
874
678
966
727
793
786
546
607
955
1116
480
1260
569
517
1285
579
522
619
165
1314
626
697
635
669
871
935
865
1001
923
1103
1169
1009
1266
1282
127
135
37
42
172
172
196
217
234
227
232
246
288
287
290
292
294
297
314
329
326
145
340
352
366
194
216
405
18
163
20
18
216
23
30
198
177
171
505
328
154
315
196
195
291
370
257
249
369
169
222
210
182
387
390
166
396
165
224
198
476
448
254
309
211
223
347
121
145
274
157
302
338
240
421
191
182
23
33
114
581
299
244
172
470
206
405
420
97
96
201
115
433
454
267
299
253
325
214
169
166
324
241
121
10
125
13
130
13
11
654
20
395
412
616
925
187
557
292
592
221
228
686
584
165
798
1010
752
813
804
975
382
312
963
183
691
209
414
565
1001
959
612
895
1335
718
498
364
448
833
394
835
421
950
1880
982
479
530
560
1259
547
515
633
652
779
735
647
247
299
688
250
440
841
632
814
652
815
1027
558
364
975
786
975
524
1068
594
1241
530
533
595
1056
953
1161
658
800
767
294
352
502
395
1693
899
654
491
879
550
385
795
835
551
965
502
556
1035
1040
398
884
490
845
127
610
570
193
713
390
1444
803
562
864
762
787
601
726
865
701
900
902
863
741
1137
1141
134
139
22
178
38
230
240
248
267
263
272
292
312
132
157
336
327
341
341
371
424
423
430
458
471
141
221
228
213
271
295
167
125
214
199
311
642
330
316
217
214
239
169
414
251
265
217
822
294
417
186
112
328
247
311
447
678
405
550
267
293
216
1015
252
493
159
190
875
247
136
301
221
122
98
72
783
74
46
359
563
661
208
339
132
266
206
587
217
369
401
241
542
10
658
140
24
21
348
194
196
29
174
152
34
184
665
313
391
245
199
191
308
12
223
251
759
919
16
234
13
288
31
27
924
307
153
282
586
926
955
984
317
217
971
330
171
845
761
302
256
384
556
584
352
428
406
555
698
744
688
1097
792
563
616
396
675
1089
946
622
1005
679
1195
1221
1217
719
227
424
562
548
429
889
743
597
1024
664
868
1018
1050
874
856
493
1012
1012
444
675
1108
1147
696
781
1228
693
1363
511
240
515
477
867
877
618
704
957
894
414
607
881
823
530
475
406
962
779
664
1109
889
1083
502
536
1239
1261
200
182
244
229
724
769
798
738
951
817
814
907
907
744
839
977
1011
936
935
1126
1227
224
228
232
256
251
270
289
295
306
307
325
333
335
354
363
363
370
378
161
399
165
208
54
198
156
483
33
504
177
231
28
536
216
309
49
210
188
270
213
255
315
233
227
215
388
155
166
288
248
217
606
342
906
419
258
254
977
339
519
400
264
188
466
278
196
236
264
842
208
185
224
262
412
33
185
36
648
287
29
972
922
247
23
229
290
41
264
839
386
282
233
578
252
179
167
744
567
399
264
195
239
323
210
856
210
1021
307
300
244
191
27
203
38
549
221
24
277
657
29
315
208
345
818
59
258
972
31
639
238
752
38
934
19
151
14
23
304
127
809
253
383
439
377
383
846
573
518
481
1008
641
1400
953
1072
470
906
605
522
468
1462
736
919
600
1162
444
1029
679
592
651
267
787
298
514
496
508
977
291
782
806
884
548
653
861
1069
995
1090
830
837
946
872
995
638
504
624
609
683
820
615
485
739
1628
382
572
901
459
642
832
637
730
624
526
601
598
1040
480
873
1096
672
1112
507
720
1126
153
624
288
745
368
1513
632
789
768
834
833
825
740
849
895
1181
1018
1152
1497
177
176
26
26
232
253
259
261
272
285
289
275
299
299
307
307
321
336
323
174
415
199
443
189
132
222
184
146
484
497
214
205
207
546
281
179
282
140
175
383
172
169
241
342
120
290
119
22
271
14
238
19
376
11
319
295
517
31
288
189
254
871
362
250
169
212
173
383
681
249
174
296
234
126
216
327
528
193
256
280
1128
246
297
293
337
234
69
392
293
206
17
591
18
22
27
279
199
405
571
366
142
306
130
319
204
225
153
1191
209
318
184
615
136
598
201
661
667
227
310
14
859
12
13
12
286
15
365
115
877
83
853
840
238
251
712
421
454
354
970
844
743
757
465
744
678
458
890
307
441
770
1252
979
466
964
975
1092
375
467
436
477
434
598
772
847
1365
683
521
316
733
803
265
471
786
706
865
332
954
904
359
889
740
983
593
943
847
694
534
1186
494
1345
1373
566
742
663
629
572
821
758
739
1733
293
373
409
703
442
955
874
678
966
727
793
786
546
607
955
1116
480
1260
569
517
1285
579
522
619
165
1314
626
697
635
669
871
935
865
1001
923
1103
1169
1009
1266
1282
127
135
37
42
172
172
196
217
234
227
232
246
288
287
290
292
294
297
314
329
326
145
340
352
366
194
216
405
18
163
20
18
216
23
30
198
177
171
505
328
154
315
196
195
291
370
257
249
369
169
222
210
182
387
390
166
396
165
224
198
476
448
254
309
211
223
347
121
145
274
157
302
338
240
421
191
182
23
33
114
581
299
244
172
470
206
405
420
97
96
201
115
433
454
267
299
253
325
214
169
166
324
241
121
10
125
13
130
13
11
654
20
395
412
616
925
187
557
292
592
221
228
686
584
165
798
1010
752
813
804
975
382
312
963
183
691
209
414
565
1001
959
612
895
1335
718
498
364
448
833
394
835
421
950
1880
982
479
530
560
1259
547
515
633
652
779
735
647
247
299
688
250
440
841
632
814
652
815
1027
558
364
975
786
975
524
1068
594
1241
530
533
595
1056
953
1161
658
800
767
294
352
502
395
1693
899
654
491
879
550
385
795
835
551
965
502
556
1035
1040
398
884
490
845
127
610
570
193
713
390
1444
803
562
864
762
787
601
726
865
701
900
902
863
741
1137
1141
134
139
22
178
38
230
240
248
267
263
272
292
312
132
157
336
327
341
341
371
424
423
430
458
471
141
221
228
213
271
295
167
125
214
199
311
642
330
316
217
214
239
169
414
251
265
217
822
294
417
186
112
328
247
311
447
678
405
550
267
293
216
1015
252
493
159
190
875
247
136
301
221
122
98
72
783
74
46
359
563
661
208
339
132
266
206
587
217
369
401
241
542
10
658
140
24
21
348
194
196
29
174
152
34
184
665
313
391
245
199
191
308
12
223
251
759
919
16
234
13
288
31
27
924
307
153
282
586
926
955
984
317
217
971
330
171
845
761
302
256
384
556
584
352
428
406
555
698
744
688
1097
792
563
616
396
675
1089
946
622
1005
679
1195
1221
1217
719
227
424
562
548
429
889
743
597
1024
664
868
1018
1050
874
856
493
1012
1012
444
675
1108
1147
696
781
1228
693
1363
511
240
515
477
867
877
618
704
957
894
414
607
881
823
530
475
406
962
779
664
1109
889
1083
502
536
1239
1261
200
182
244
229
724
769
798
738
951
817
814
907
907
744
839
977
1011
936
935
1126
1227
