225
252
2117
2587
2697
4121
4616
5172
164
274
6813
4127
8330
92
18551
12134
17030
107
20714
20968
45
20735
18385
105
44
59
67
43
49
90
21928
22124
22179
24513
5913
21117
8429
27205
22668
6731
12291
31297
31414
31771
10034
11170
11680
315
31906
24528
182
24816
29779
60812
35786
61202
34215
52943
132
125
76
51
48
46
55
61607
40594
30357
46
59
51
74
47
48
224
30717
5492
55
49
63
40
55
66625
105
37
43
55
58553
109
109
58
58
35428
1542
209
17630
9608
61398
79551
54574
50051
44135
52574
86861
52067
87429
87894
56072
59091
63103
64266
77521
78091
63052
57991
147828
119151
83913
140646
106361
239
278
1769
1796
3050
3177
103
4057
4630
6174
86
194
82
6967
8138
10767
9111
14257
10977
150
14478
5965
19701
322
6013
12090
88
71
80
67
52
52
71
72
19506
24597
8302
25844
28206
28395
80
29085
18186
29346
58070
30510
307
1727
35327
59929
39774
31236
31817
46445
35084
200
61249
47470
41831
54930
36789
61965
54
70
109
66
68
72
270
81
40755
61429
36899
51
52
119
59096
85
68449
13093
11245
26261
42203
103960
38520
99626
45193
42364
35807
40059
420
277
421
432
422
418
421
64
66
76
84
84
114
32818
49784
50741
50585
102017
62815
63312
65596
64821
64779
102491
71903
68012
79022
35124
94107
101949
233
1955
2224
2524
3834
4902
129
2673
6127
6624
3969
10397
11514
11925
99
107
13256
92
14473
103
10855
9974
10362
9219
19653
8119
62
103
71
58
49
58
62
57
96
19809
10647
8768
24246
9475
25678
27929
37171
41191
1401
72
43144
53
83
20537
83
83
58
50
53
57
43788
124
27833
244
223
32140
21571
38
51
50
38382
37
56017
13478
31918
13084
57252
39765
14259
67
63
75
56
48
72
52
84
60448
47
42
48
136
149
65834
10441
10530
49742
39710
36450
32300
30652
28117
74052
33115
42568
42587
80092
76949
80582
56524
78895
40996
56220
61567
64668
54137
55319
112767
67799
136406
73731
113236
66278
87432
224
1767
5456
5482
5527
5589
174
5653
8325
3237
126
11124
6203
11895
115
1199
13796
13269
15701
15911
16022
6672
112
19284
20363
16002
60
109
77
69
48
43
48
59
9820
5992
99
5359
28564
12550
31045
125
24689
36521
52631
38334
52286
69
38943
52814
58481
39994
230
46695
72
55
43834
47
58
55
59127
50
116
32737
40
63
48
30814
46774
53699
5052
64
92
60
75
65640
66654
67042
69759
11124
11808
13759
17830
76
57
54
61
62
60
40
58
39
38
37
28454
65
125
97680
37999
49981
42390
54806
91605
54596
46824
47293
83116
62199
60802
56879
49565
60218
71867
59493
82767
121670
71119
92317
96908
135863
225
252
2117
2587
2697
4121
4616
5172
164
274
6813
4127
8330
92
18551
12134
17030
107
20714
20968
45
20735
18385
105
44
59
67
43
49
90
21928
22124
22179
24513
5913
21117
8429
27205
22668
6731
12291
31297
31414
31771
10034
11170
11680
315
31906
24528
182
24816
29779
60812
35786
61202
34215
52943
132
125
76
51
48
46
55
61607
40594
30357
46
59
51
74
47
48
224
30717
5492
55
49
63
40
55
66625
105
37
43
55
58553
109
109
58
58
35428
1542
209
17630
9608
61398
79551
54574
50051
44135
52574
86861
52067
87429
87894
56072
59091
63103
64266
77521
78091
63052
57991
147828
119151
83913
140646
106361
239
278
1769
1796
3050
3177
103
4057
4630
6174
86
194
82
6967
8138
10767
9111
14257
10977
150
14478
5965
19701
322
6013
12090
88
71
80
67
52
52
71
72
19506
24597
8302
25844
28206
28395
80
29085
18186
29346
58070
30510
307
1727
35327
59929
39774
31236
31817
46445
35084
200
61249
47470
41831
54930
36789
61965
54
70
109
66
68
72
270
81
40755
61429
36899
51
52
119
59096
85
68449
13093
11245
26261
42203
103960
38520
99626
45193
42364
35807
40059
420
277
421
432
422
418
421
64
66
76
84
84
114
32818
49784
50741
50585
102017
62815
63312
65596
64821
64779
102491
71903
68012
79022
35124
94107
101949
233
1955
2224
2524
3834
4902
129
2673
6127
6624
3969
10397
11514
11925
99
107
13256
92
14473
103
10855
9974
10362
9219
19653
8119
62
103
71
58
49
58
62
57
96
19809
10647
8768
24246
9475
25678
27929
37171
41191
1401
72
43144
53
83
20537
83
83
58
50
53
57
43788
124
27833
244
223
32140
21571
38
51
50
38382
37
56017
13478
31918
13084
57252
39765
14259
67
63
75
56
48
72
52
84
60448
47
42
48
136
149
65834
10441
10530
49742
39710
36450
32300
30652
28117
74052
33115
42568
42587
80092
76949
80582
56524
78895
40996
56220
61567
64668
54137
55319
112767
67799
136406
73731
113236
66278
87432
224
1767
5456
5482
5527
5589
174
5653
8325
3237
126
11124
6203
11895
115
1199
13796
13269
15701
15911
16022
6672
112
19284
20363
16002
60
109
77
69
48
43
48
59
9820
5992
99
5359
28564
12550
31045
125
24689
36521
52631
38334
52286
69
38943
52814
58481
39994
230
46695
72
55
43834
47
58
55
59127
50
116
32737
40
63
48
30814
46774
53699
5052
64
92
60
75
65640
66654
67042
69759
11124
11808
13759
17830
76
57
54
61
62
60
40
58
39
38
37
28454
65
125
97680
37999
49981
42390
54806
91605
54596
46824
47293
83116
62199
60802
56879
49565
60218
71867
59493
82767
121670
71119
92317
96908
135863
225
252
2117
2587
2697
4121
4616
5172
164
274
6813
4127
8330
92
18551
12134
17030
107
20714
20968
45
20735
18385
105
44
59
67
43
49
90
21928
22124
22179
24513
5913
21117
8429
27205
22668
6731
12291
31297
31414
31771
10034
11170
11680
315
31906
24528
182
24816
29779
60812
35786
61202
34215
52943
132
125
76
51
48
46
55
61607
40594
30357
46
59
51
74
47
48
224
30717
5492
55
49
63
40
55
66625
105
37
43
55
58553
109
109
58
58
35428
1542
209
17630
9608
61398
79551
54574
50051
44135
52574
86861
52067
87429
87894
56072
59091
63103
64266
77521
78091
63052
57991
147828
119151
83913
140646
106361
239
278
1769
1796
3050
3177
103
4057
4630
6174
86
194
82
6967
8138
10767
9111
14257
10977
150
14478
5965
19701
322
6013
12090
88
71
80
67
52
52
71
72
19506
24597
8302
25844
28206
28395
80
29085
18186
29346
58070
30510
307
1727
35327
59929
39774
31236
31817
46445
35084
200
61249
47470
41831
54930
36789
61965
54
70
109
66
68
72
270
81
40755
61429
36899
51
52
119
59096
85
68449
13093
11245
26261
42203
103960
38520
99626
45193
42364
35807
40059
420
277
421
432
422
418
421
64
66
76
84
84
114
32818
49784
50741
50585
102017
62815
63312
65596
64821
64779
102491
71903
68012
79022
35124
94107
101949
233
1955
2224
2524
3834
4902
129
2673
6127
6624
3969
10397
11514
11925
99
107
13256
92
14473
103
10855
9974
10362
9219
19653
8119
62
103
71
58
49
58
62
57
96
19809
10647
8768
24246
9475
25678
27929
37171
41191
1401
72
43144
53
83
20537
83
83
58
50
53
57
43788
124
27833
244
223
32140
21571
38
51
50
38382
37
56017
13478
31918
13084
57252
39765
14259
67
63
75
56
48
72
52
84
60448
47
42
48
136
149
65834
10441
10530
49742
39710
36450
32300
30652
28117
74052
33115
42568
42587
80092
76949
80582
56524
78895
40996
56220
61567
64668
54137
55319
112767
67799
136406
73731
113236
66278
87432
224
1767
5456
5482
5527
5589
174
5653
8325
3237
126
11124
6203
11895
115
1199
13796
13269
15701
15911
16022
6672
112
19284
20363
16002
60
109
77
69
48
43
48
59
9820
5992
99
5359
28564
12550
31045
125
24689
36521
52631
38334
52286
69
38943
52814
58481
39994
230
46695
72
55
43834
47
58
55
59127
50
116
32737
40
63
48
30814
46774
53699
5052
64
92
60
75
65640
66654
67042
69759
11124
11808
13759
17830
76
57
54
61
62
60
40
58
39
38
37
28454
65
125
97680
37999
49981
42390
54806
91605
54596
46824
47293
83116
62199
60802
56879
49565
60218
71867
59493
82767
121670
71119
92317
96908
135863
