597
690
764
768
871
906
817
929
952
937
971
275
969
975
962
1060
1087
342
1138
1196
1209
1249
349
1306
360
410
459
1364
279
817
558
610
1485
537
1497
769
499
580
415
564
646
271
311
767
510
239
336
687
790
575
563
355
390
527
643
536
527
324
409
546
709
706
561
520
368
582
408
891
338
1023
546
1142
716
77
319
556
505
595
351
386
263
249
421
984
211
421
569
179
406
466
418
424
214
206
1446
900
211
412
662
211
335
258
408
241
658
414
241
387
439
547
968
499
446
341
207
500
956
270
359
666
361
1192
268
454
678
416
281
868
471
484
589
1016
597
1547
744
619
661
1293
1279
1339
1418
721
702
41
1542
386
411
1565
827
449
263
319
724
304
453
1039
858
680
666
368
641
937
1012
234
1036
1127
1272
582
874
374
45
462
573
524
385
753
342
1357
558
529
302
452
760
725
327
470
927
416
546
901
824
915
800
82
95
61
43
669
34
27
55
85
24
100
461
22
43
56
31
29
44
27
836
36
648
35
864
449
322
763
911
569
557
1039
752
678
539
872
905
1026
1078
721
949
672
509
388
476
367
177
232
435
436
522
121
627
764
778
871
859
891
924
950
957
969
407
426
587
1109
308
1145
1150
1117
1186
1238
1263
690
402
265
1344
530
358
1476
500
560
196
672
607
438
1695
583
182
217
511
302
762
352
716
661
60
934
1876
82
36
492
53
664
689
224
57
414
283
358
313
1018
672
324
160
152
270
254
407
399
145
220
170
455
912
1717
470
39
562
436
28
187
611
1468
23
755
1251
30
28
1676
453
275
984
699
274
510
250
700
432
163
798
574
298
1282
318
304
452
22
237
268
537
272
243
36
590
77
12
688
1338
1005
47
225
691
972
325
532
506
333
342
379
522
409
232
1159
531
512
1204
1023
545
285
1564
909
541
340
983
924
355
1153
853
385
385
695
1450
740
478
715
730
1091
482
1505
530
857
520
645
38
604
878
1070
566
248
620
2134
765
999
867
465
673
318
412
1216
1021
496
328
184
518
467
30
240
567
713
643
654
616
257
624
813
372
243
351
707
640
395
987
930
590
509
1035
405
600
1864
1882
455
565
560
444
442
367
482
345
792
689
1091
697
466
725
905
472
596
1055
268
410
1129
1148
255
376
310
407
286
584
645
646
670
674
685
719
735
762
753
774
815
823
862
364
288
296
1041
277
261
405
456
368
1254
629
1277
1288
621
290
1357
371
407
378
548
1499
277
654
1481
362
767
717
606
581
209
220
315
295
1657
432
306
387
160
775
189
399
1843
424
409
311
677
157
50
537
434
370
864
564
526
568
359
454
450
210
318
867
351
305
593
296
498
764
487
153
747
953
542
2513
1298
856
434
230
455
205
1230
284
654
331
398
522
347
215
323
397
896
626
419
574
415
411
829
798
309
280
330
404
518
682
949
477
403
312
924
500
599
436
1039
1387
711
272
988
941
464
51
1180
518
448
669
474
450
879
321
1131
626
730
417
603
284
659
730
1008
699
1010
445
36
743
320
998
256
210
318
614
508
448
1079
1010
522
798
398
430
654
654
693
475
744
419
26
47
387
502
605
35
21
57
26
1725
330
853
48
88
61
43
67
951
41
783
58
62
747
83
73
86
644
61
1037
82
383
364
417
553
322
772
713
607
572
477
198
1181
859
964
644
209
489
482
717
343
802
309
166
522
256
412
505
195
456
356
316
471
181
306
209
596
633
766
790
827
847
289
880
919
307
954
196
1054
1081
1130
351
1185
1179
245
308
1326
1340
1364
441
208
461
377
276
717
1559
567
744
1682
1644
184
229
834
1780
468
153
158
1858
396
768
1932
485
584
1147
432
398
973
262
259
793
2123
263
59
1008
275
428
735
131
390
295
352
1262
936
853
258
406
771
876
191
485
557
727
435
330
328
189
668
374
628
748
372
350
336
1089
209
480
1388
1726
286
577
479
247
388
241
419
693
450
505
229
200
487
451
1506
234
286
222
341
410
425
1417
508
703
544
999
1263
250
531
677
1568
541
1235
740
633
356
445
527
916
493
849
518
307
469
365
757
408
548
391
880
792
325
1154
500
379
656
698
388
789
575
893
492
447
281
627
517
344
428
1201
896
989
547
744
1004
1261
596
1039
1024
842
752
712
601
586
302
274
427
33
169
523
218
401
528
722
780
724
754
343
431
366
594
289
209
22
270
354
1010
677
553
610
1011
988
541
1141
1344
381
584
18
406
24
26
28
1021
272
37
29
48
27
31
469
444
253
253
28
16
14
185
28
22
252
132
188
37
20
20
33
19
299
237
597
690
764
768
871
906
817
929
952
937
971
275
969
975
962
1060
1087
342
1138
1196
1209
1249
349
1306
360
410
459
1364
279
817
558
610
1485
537
1497
769
499
580
415
564
646
271
311
767
510
239
336
687
790
575
563
355
390
527
643
536
527
324
409
546
709
706
561
520
368
582
408
891
338
1023
546
1142
716
77
319
556
505
595
351
386
263
249
421
984
211
421
569
179
406
466
418
424
214
206
1446
900
211
412
662
211
335
258
408
241
658
414
241
387
439
547
968
499
446
341
207
500
956
270
359
666
361
1192
268
454
678
416
281
868
471
484
589
1016
597
1547
744
619
661
1293
1279
1339
1418
721
702
41
1542
386
411
1565
827
449
263
319
724
304
453
1039
858
680
666
368
641
937
1012
234
1036
1127
1272
582
874
374
45
462
573
524
385
753
342
1357
558
529
302
452
760
725
327
470
927
416
546
901
824
915
800
82
95
61
43
669
34
27
55
85
24
100
461
22
43
56
31
29
44
27
836
36
648
35
864
449
322
763
911
569
557
1039
752
678
539
872
905
1026
1078
721
949
672
509
388
476
367
177
232
435
436
522
121
627
764
778
871
859
891
924
950
957
969
407
426
587
1109
308
1145
1150
1117
1186
1238
1263
690
402
265
1344
530
358
1476
500
560
196
672
607
438
1695
583
182
217
511
302
762
352
716
661
60
934
1876
82
36
492
53
664
689
224
57
414
283
358
313
1018
672
324
160
152
270
254
407
399
145
220
170
455
912
1717
470
39
562
436
28
187
611
1468
23
755
1251
30
28
1676
453
275
984
699
274
510
250
700
432
163
798
574
298
1282
318
304
452
22
237
268
537
272
243
36
590
77
12
688
1338
1005
47
225
691
972
325
532
506
333
342
379
522
409
232
1159
531
512
1204
1023
545
285
1564
909
541
340
983
924
355
1153
853
385
385
695
1450
740
478
715
730
1091
482
1505
530
857
520
645
38
604
878
1070
566
248
620
2134
765
999
867
465
673
318
412
1216
1021
496
328
184
518
467
30
240
567
713
643
654
616
257
624
813
372
243
351
707
640
395
987
930
590
509
1035
405
600
1864
1882
455
565
560
444
442
367
482
345
792
689
1091
697
466
725
905
472
596
1055
268
410
1129
1148
255
376
310
407
286
584
645
646
670
674
685
719
735
762
753
774
815
823
862
364
288
296
1041
277
261
405
456
368
1254
629
1277
1288
621
290
1357
371
407
378
548
1499
277
654
1481
362
767
717
606
581
209
220
315
295
1657
432
306
387
160
775
189
399
1843
424
409
311
677
157
50
537
434
370
864
564
526
568
359
454
450
210
318
867
351
305
593
296
498
764
487
153
747
953
542
2513
1298
856
434
230
455
205
1230
284
654
331
398
522
347
215
323
397
896
626
419
574
415
411
829
798
309
280
330
404
518
682
949
477
403
312
924
500
599
436
1039
1387
711
272
988
941
464
51
1180
518
448
669
474
450
879
321
1131
626
730
417
603
284
659
730
1008
699
1010
445
36
743
320
998
256
210
318
614
508
448
1079
1010
522
798
398
430
654
654
693
475
744
419
26
47
387
502
605
35
21
57
26
1725
330
853
48
88
61
43
67
951
41
783
58
62
747
83
73
86
644
61
1037
82
383
364
417
553
322
772
713
607
572
477
198
1181
859
964
644
209
489
482
717
343
802
309
166
522
256
412
505
195
456
356
316
471
181
306
209
596
633
766
790
827
847
289
880
919
307
954
196
1054
1081
1130
351
1185
1179
245
308
1326
1340
1364
441
208
461
377
276
717
1559
567
744
1682
1644
184
229
834
1780
468
153
158
1858
396
768
1932
485
584
1147
432
398
973
262
259
793
2123
263
59
1008
275
428
735
131
390
295
352
1262
936
853
258
406
771
876
191
485
557
727
435
330
328
189
668
374
628
748
372
350
336
1089
209
480
1388
1726
286
577
479
247
388
241
419
693
450
505
229
200
487
451
1506
234
286
222
341
410
425
1417
508
703
544
999
1263
250
531
677
1568
541
1235
740
633
356
445
527
916
493
849
518
307
469
365
757
408
548
391
880
792
325
1154
500
379
656
698
388
789
575
893
492
447
281
627
517
344
428
1201
896
989
547
744
1004
1261
596
1039
1024
842
752
712
601
586
302
274
427
33
169
523
218
401
528
722
780
724
754
343
431
366
594
289
209
22
270
354
1010
677
553
610
1011
988
541
1141
1344
381
584
18
406
24
26
28
1021
272
37
29
48
27
31
469
444
253
253
28
16
14
185
28
22
252
132
188
37
20
20
33
19
299
237
597
690
764
768
871
906
817
929
952
937
971
275
969
975
962
1060
1087
342
1138
1196
1209
1249
349
1306
360
410
459
1364
279
817
558
610
1485
537
1497
769
499
580
415
564
646
271
311
767
510
239
336
687
790
575
563
355
390
527
643
536
527
324
409
546
709
706
561
520
368
582
408
891
338
1023
546
1142
716
77
319
556
505
595
351
386
263
249
421
984
211
421
569
179
406
466
418
424
214
206
1446
900
211
412
662
211
335
258
408
241
658
414
241
387
439
547
968
499
446
341
207
500
956
270
359
666
361
1192
268
454
678
416
281
868
471
484
589
1016
597
1547
744
619
661
1293
1279
1339
1418
721
702
41
1542
386
411
1565
827
449
263
319
724
304
453
1039
858
680
666
368
641
937
1012
234
1036
1127
1272
582
874
374
45
462
573
524
385
753
342
1357
558
529
302
452
760
725
327
470
927
416
546
901
824
915
800
82
95
61
43
669
34
27
55
85
24
100
461
22
43
56
31
29
44
27
836
36
648
35
864
449
322
763
911
569
557
1039
752
678
539
872
905
1026
1078
721
949
672
509
388
476
367
177
232
435
436
522
121
627
764
778
871
859
891
924
950
957
969
407
426
587
1109
308
1145
1150
1117
1186
1238
1263
690
402
265
1344
530
358
1476
500
560
196
672
607
438
1695
583
182
217
511
302
762
352
716
661
60
934
1876
82
36
492
53
664
689
224
57
414
283
358
313
1018
672
324
160
152
270
254
407
399
145
220
170
455
912
1717
470
39
562
436
28
187
611
1468
23
755
1251
30
28
1676
453
275
984
699
274
510
250
700
432
163
798
574
298
1282
318
304
452
22
237
268
537
272
243
36
590
77
12
688
1338
1005
47
225
691
972
325
532
506
333
342
379
522
409
232
1159
531
512
1204
1023
545
285
1564
909
541
340
983
924
355
1153
853
385
385
695
1450
740
478
715
730
1091
482
1505
530
857
520
645
38
604
878
1070
566
248
620
2134
765
999
867
465
673
318
412
1216
1021
496
328
184
518
467
30
240
567
713
643
654
616
257
624
813
372
243
351
707
640
395
987
930
590
509
1035
405
600
1864
1882
455
565
560
444
442
367
482
345
792
689
1091
697
466
725
905
472
596
1055
268
410
1129
1148
255
376
310
407
286
584
645
646
670
674
685
719
735
762
753
774
815
823
862
364
288
296
1041
277
261
405
456
368
1254
629
1277
1288
621
290
1357
371
407
378
548
1499
277
654
1481
362
767
717
606
581
209
220
315
295
1657
432
306
387
160
775
189
399
1843
424
409
311
677
157
50
537
434
370
864
564
526
568
359
454
450
210
318
867
351
305
593
296
498
764
487
153
747
953
542
2513
1298
856
434
230
455
205
1230
284
654
331
398
522
347
215
323
397
896
626
419
574
415
411
829
798
309
280
330
404
518
682
949
477
403
312
924
500
599
436
1039
1387
711
272
988
941
464
51
1180
518
448
669
474
450
879
321
1131
626
730
417
603
284
659
730
1008
699
1010
445
36
743
320
998
256
210
318
614
508
448
1079
1010
522
798
398
430
654
654
693
475
744
419
26
47
387
502
605
35
21
57
26
1725
330
853
48
88
61
43
67
951
41
783
58
62
747
83
73
86
644
61
1037
82
383
364
417
553
322
772
713
607
572
477
198
1181
859
964
644
209
489
482
717
343
802
309
166
522
256
412
505
195
456
356
316
471
181
306
209
596
633
766
790
827
847
289
880
919
307
954
196
1054
1081
1130
351
1185
1179
245
308
1326
1340
1364
441
208
461
377
276
717
1559
567
744
1682
1644
184
229
834
1780
468
153
158
1858
396
768
1932
485
584
1147
432
398
973
262
259
793
2123
263
59
1008
275
428
735
131
390
295
352
1262
936
853
258
406
771
876
191
485
557
727
435
330
328
189
668
374
628
748
372
350
336
1089
209
480
1388
1726
286
577
479
247
388
241
419
693
450
505
229
200
487
451
1506
234
286
222
341
410
425
1417
508
703
544
999
1263
250
531
677
1568
541
1235
740
633
356
445
527
916
493
849
518
307
469
365
757
408
548
391
880
792
325
1154
500
379
656
698
388
789
575
893
492
447
281
627
517
344
428
1201
896
989
547
744
1004
1261
596
1039
1024
842
752
712
601
586
302
274
427
33
169
523
218
401
528
722
780
724
754
343
431
366
594
289
209
22
270
354
1010
677
553
610
1011
988
541
1141
1344
381
584
18
406
24
26
28
1021
272
37
29
48
27
31
469
444
253
253
28
16
14
185
28
22
252
132
188
37
20
20
33
19
299
237
