733
1059
2471
2661
195
163
105
138
115
79
83
89
86
4180
5373
9790
1905
9800
10608
11466
12179
3840
13705
3113
14391
15486
11506
5303
16808
17436
16369
75
89
18346
4925
1862
10770
20866
5451
91
268
77
22767
62
91
84
66
69
107
91
87
84
87
66
79
12932
88
81
86
80
99
61
183
100
104
80
63
72
70
33857
20270
1104
34318
11671
17662
16948
13828
19025
21148
20612
14822
35087
35102
32212
3843
4503
5112
6436
23917
31771
41349
7970
28735
157
114
137
175
13471
48314
13208
13871
6785
135
1559
26710
21600
27213
23760
28148
42045
62786
51110
25064
28515
34036
58535
44692
40385
49266
41330
849
2323
2377
84
3251
3647
5056
3829
8192
9349
86
10782
9203
6645
13048
13078
13226
14328
15400
2341
15501
81
7672
6683
16471
16878
16271
24566
13037
9432
8702
11707
9481
9117
25152
14399
21997
161
25568
14326
10128
16000
4368
59
64
78
68
69
51
13832
109
91
79
5174
5495
30595
1071
7060
78
79
70
169
80
115
95
88
86
80
94
73
91
92
87
90
29142
54205
29274
100
68
67
70
81
93
69
53
60
64
76
84
66
34010
1579
33559
28393
33800
43970
447
438
32446
28393
59836
56223
34444
34933
30793
53715
6788
14099
42993
28378
60120
53150
53140
82565
56472
82596
19304
52724
34582
44463
412
2468
2493
87
4078
4003
2847
7631
6035
8896
10265
4877
11501
11723
423
12807
4063
13855
118
125
94
14356
72
105
128
121
85
93
92
14570
7641
15829
16372
7863
4714
21099
5342
21331
10663
22436
24046
20369
41602
185
26496
106
33389
20834
76
19586
91
94
19784
42370
27476
253
29768
4161
21396
177
32588
38753
21748
42958
38863
167
43144
179
132
170
72
76
73
145
73
80
77
70
82
90
68
116
77
85
96
83
67
87
60
65
74
69
31652
5082
48370
6802
7886
8435
1317
9090
10783
16339
16249
17196
12601
16502
47485
43192
19466
50002
63067
17440
23999
23715
25939
32723
36565
51983
45773
51270
336
522
533
2460
3285
3535
4224
7661
143
149
7646
8697
8490
11517
11591
3276
12642
9461
14008
90
15534
7791
15617
15852
8708
8641
4659
5974
19140
19475
53
109
117
156
118
169
157
154
152
183
11275
11308
106
82
11349
79
16680
133
30780
89
31104
22876
34679
34674
11905
34785
21062
34824
571
34900
12116
2418
36924
3512
90
125
135
144
138
92
177
91
132
128
137
3129
4206
8655
12566
12226
34127
7989
24796
9018
59
71
17842
34
37017
33
18316
56
58
26105
55
35
15322
9537
32
35
37375
37416
37
18625
52
46
50087
43822
3299
25497
21157
36839
53216
53725
38699
34824
42623
49745
42638
59486
733
1059
2471
2661
195
163
105
138
115
79
83
89
86
4180
5373
9790
1905
9800
10608
11466
12179
3840
13705
3113
14391
15486
11506
5303
16808
17436
16369
75
89
18346
4925
1862
10770
20866
5451
91
268
77
22767
62
91
84
66
69
107
91
87
84
87
66
79
12932
88
81
86
80
99
61
183
100
104
80
63
72
70
33857
20270
1104
34318
11671
17662
16948
13828
19025
21148
20612
14822
35087
35102
32212
3843
4503
5112
6436
23917
31771
41349
7970
28735
157
114
137
175
13471
48314
13208
13871
6785
135
1559
26710
21600
27213
23760
28148
42045
62786
51110
25064
28515
34036
58535
44692
40385
49266
41330
849
2323
2377
84
3251
3647
5056
3829
8192
9349
86
10782
9203
6645
13048
13078
13226
14328
15400
2341
15501
81
7672
6683
16471
16878
16271
24566
13037
9432
8702
11707
9481
9117
25152
14399
21997
161
25568
14326
10128
16000
4368
59
64
78
68
69
51
13832
109
91
79
5174
5495
30595
1071
7060
78
79
70
169
80
115
95
88
86
80
94
73
91
92
87
90
29142
54205
29274
100
68
67
70
81
93
69
53
60
64
76
84
66
34010
1579
33559
28393
33800
43970
447
438
32446
28393
59836
56223
34444
34933
30793
53715
6788
14099
42993
28378
60120
53150
53140
82565
56472
82596
19304
52724
34582
44463
412
2468
2493
87
4078
4003
2847
7631
6035
8896
10265
4877
11501
11723
423
12807
4063
13855
118
125
94
14356
72
105
128
121
85
93
92
14570
7641
15829
16372
7863
4714
21099
5342
21331
10663
22436
24046
20369
41602
185
26496
106
33389
20834
76
19586
91
94
19784
42370
27476
253
29768
4161
21396
177
32588
38753
21748
42958
38863
167
43144
179
132
170
72
76
73
145
73
80
77
70
82
90
68
116
77
85
96
83
67
87
60
65
74
69
31652
5082
48370
6802
7886
8435
1317
9090
10783
16339
16249
17196
12601
16502
47485
43192
19466
50002
63067
17440
23999
23715
25939
32723
36565
51983
45773
51270
336
522
533
2460
3285
3535
4224
7661
143
149
7646
8697
8490
11517
11591
3276
12642
9461
14008
90
15534
7791
15617
15852
8708
8641
4659
5974
19140
19475
53
109
117
156
118
169
157
154
152
183
11275
11308
106
82
11349
79
16680
133
30780
89
31104
22876
34679
34674
11905
34785
21062
34824
571
34900
12116
2418
36924
3512
90
125
135
144
138
92
177
91
132
128
137
3129
4206
8655
12566
12226
34127
7989
24796
9018
59
71
17842
34
37017
33
18316
56
58
26105
55
35
15322
9537
32
35
37375
37416
37
18625
52
46
50087
43822
3299
25497
21157
36839
53216
53725
38699
34824
42623
49745
42638
59486
733
1059
2471
2661
195
163
105
138
115
79
83
89
86
4180
5373
9790
1905
9800
10608
11466
12179
3840
13705
3113
14391
15486
11506
5303
16808
17436
16369
75
89
18346
4925
1862
10770
20866
5451
91
268
77
22767
62
91
84
66
69
107
91
87
84
87
66
79
12932
88
81
86
80
99
61
183
100
104
80
63
72
70
33857
20270
1104
34318
11671
17662
16948
13828
19025
21148
20612
14822
35087
35102
32212
3843
4503
5112
6436
23917
31771
41349
7970
28735
157
114
137
175
13471
48314
13208
13871
6785
135
1559
26710
21600
27213
23760
28148
42045
62786
51110
25064
28515
34036
58535
44692
40385
49266
41330
849
2323
2377
84
3251
3647
5056
3829
8192
9349
86
10782
9203
6645
13048
13078
13226
14328
15400
2341
15501
81
7672
6683
16471
16878
16271
24566
13037
9432
8702
11707
9481
9117
25152
14399
21997
161
25568
14326
10128
16000
4368
59
64
78
68
69
51
13832
109
91
79
5174
5495
30595
1071
7060
78
79
70
169
80
115
95
88
86
80
94
73
91
92
87
90
29142
54205
29274
100
68
67
70
81
93
69
53
60
64
76
84
66
34010
1579
33559
28393
33800
43970
447
438
32446
28393
59836
56223
34444
34933
30793
53715
6788
14099
42993
28378
60120
53150
53140
82565
56472
82596
19304
52724
34582
44463
412
2468
2493
87
4078
4003
2847
7631
6035
8896
10265
4877
11501
11723
423
12807
4063
13855
118
125
94
14356
72
105
128
121
85
93
92
14570
7641
15829
16372
7863
4714
21099
5342
21331
10663
22436
24046
20369
41602
185
26496
106
33389
20834
76
19586
91
94
19784
42370
27476
253
29768
4161
21396
177
32588
38753
21748
42958
38863
167
43144
179
132
170
72
76
73
145
73
80
77
70
82
90
68
116
77
85
96
83
67
87
60
65
74
69
31652
5082
48370
6802
7886
8435
1317
9090
10783
16339
16249
17196
12601
16502
47485
43192
19466
50002
63067
17440
23999
23715
25939
32723
36565
51983
45773
51270
336
522
533
2460
3285
3535
4224
7661
143
149
7646
8697
8490
11517
11591
3276
12642
9461
14008
90
15534
7791
15617
15852
8708
8641
4659
5974
19140
19475
53
109
117
156
118
169
157
154
152
183
11275
11308
106
82
11349
79
16680
133
30780
89
31104
22876
34679
34674
11905
34785
21062
34824
571
34900
12116
2418
36924
3512
90
125
135
144
138
92
177
91
132
128
137
3129
4206
8655
12566
12226
34127
7989
24796
9018
59
71
17842
34
37017
33
18316
56
58
26105
55
35
15322
9537
32
35
37375
37416
37
18625
52
46
50087
43822
3299
25497
21157
36839
53216
53725
38699
34824
42623
49745
42638
59486
