271
304
312
319
308
321
335
362
365
369
409
422
422
437
459
492
508
206
208
538
785
521
567
552
637
600
611
550
516
367
373
430
1521
1203
1214
238
994
1208
1278
1181
1119
1091
1627
230
1651
812
1663
270
293
312
270
303
264
928
2366
202
939
922
1001
211
789
658
184
246
212
254
238
1789
210
1814
197
187
234
784
1524
771
2600
2364
2400
1841
1776
1059
1543
1778
1878
1877
1805
1892
2946
234
2963
676
820
656
785
203
241
811
206
275
212
239
612
306
287
196
245
342
327
241
322
343
371
234
360
357
420
264
398
404
232
252
254
252
271
254
281
303
318
336
348
361
381
392
393
376
393
397
387
179
451
479
481
241
237
236
521
529
224
283
262
219
199
245
332
244
259
202
177
327
454
221
400
444
179
349
187
243
363
372
187
229
247
684
238
166
241
731
689
671
612
272
216
722
613
654
741
164
224
674
233
190
171
181
218
242
241
213
178
182
156
208
235
241
192
152
160
150
232
155
181
152
218
1454
222
1433
1442
1420
1429
1368
1491
1405
262
2088
1901
1919
1918
1947
1898
1922
1875
1824
1880
1840
2246
2260
2016
3234
3269
3313
391
427
512
538
623
671
684
686
681
682
694
696
715
719
711
768
415
211
339
175
269
254
312
289
185
381
533
415
439
201
233
269
187
528
241
562
447
257
222
166
831
1039
822
857
607
725
401
240
188
251
200
192
2768
1986
1795
2368
188
1951
2112
269
160
2958
2301
3011
3010
443
1913
3022
1833
3072
3071
301
261
692
1770
3101
1739
307
999
402
215
168
193
374
176
416
431
183
252
335
193
203
260
225
177
218
239
232
350
177
205
240
195
596
502
574
512
203
562
651
679
620
593
614
580
606
602
661
643
1003
241
264
273
285
293
362
390
406
422
434
444
443
181
475
483
511
504
219
524
547
549
571
575
207
225
163
273
358
339
318
187
265
184
238
214
236
1013
256
1006
283
159
837
139
170
895
151
193
226
258
1650
1425
1308
1286
1298
1310
1325
1364
1350
1338
1382
252
1183
1325
1420
199
242
181
236
1447
1435
1451
1384
1373
1360
1347
1324
1358
1222
232
172
193
250
154
203
252
201
160
226
194
215
1282
237
1287
156
1285
1165
1219
191
1176
1191
733
635
454
1344
1663
1329
678
1579
1109
259
700
1408
278
376
335
741
449
1101
1173
978
271
304
312
319
308
321
335
362
365
369
409
422
422
437
459
492
508
206
208
538
785
521
567
552
637
600
611
550
516
367
373
430
1521
1203
1214
238
994
1208
1278
1181
1119
1091
1627
230
1651
812
1663
270
293
312
270
303
264
928
2366
202
939
922
1001
211
789
658
184
246
212
254
238
1789
210
1814
197
187
234
784
1524
771
2600
2364
2400
1841
1776
1059
1543
1778
1878
1877
1805
1892
2946
234
2963
676
820
656
785
203
241
811
206
275
212
239
612
306
287
196
245
342
327
241
322
343
371
234
360
357
420
264
398
404
232
252
254
252
271
254
281
303
318
336
348
361
381
392
393
376
393
397
387
179
451
479
481
241
237
236
521
529
224
283
262
219
199
245
332
244
259
202
177
327
454
221
400
444
179
349
187
243
363
372
187
229
247
684
238
166
241
731
689
671
612
272
216
722
613
654
741
164
224
674
233
190
171
181
218
242
241
213
178
182
156
208
235
241
192
152
160
150
232
155
181
152
218
1454
222
1433
1442
1420
1429
1368
1491
1405
262
2088
1901
1919
1918
1947
1898
1922
1875
1824
1880
1840
2246
2260
2016
3234
3269
3313
391
427
512
538
623
671
684
686
681
682
694
696
715
719
711
768
415
211
339
175
269
254
312
289
185
381
533
415
439
201
233
269
187
528
241
562
447
257
222
166
831
1039
822
857
607
725
401
240
188
251
200
192
2768
1986
1795
2368
188
1951
2112
269
160
2958
2301
3011
3010
443
1913
3022
1833
3072
3071
301
261
692
1770
3101
1739
307
999
402
215
168
193
374
176
416
431
183
252
335
193
203
260
225
177
218
239
232
350
177
205
240
195
596
502
574
512
203
562
651
679
620
593
614
580
606
602
661
643
1003
241
264
273
285
293
362
390
406
422
434
444
443
181
475
483
511
504
219
524
547
549
571
575
207
225
163
273
358
339
318
187
265
184
238
214
236
1013
256
1006
283
159
837
139
170
895
151
193
226
258
1650
1425
1308
1286
1298
1310
1325
1364
1350
1338
1382
252
1183
1325
1420
199
242
181
236
1447
1435
1451
1384
1373
1360
1347
1324
1358
1222
232
172
193
250
154
203
252
201
160
226
194
215
1282
237
1287
156
1285
1165
1219
191
1176
1191
733
635
454
1344
1663
1329
678
1579
1109
259
700
1408
278
376
335
741
449
1101
1173
978
271
304
312
319
308
321
335
362
365
369
409
422
422
437
459
492
508
206
208
538
785
521
567
552
637
600
611
550
516
367
373
430
1521
1203
1214
238
994
1208
1278
1181
1119
1091
1627
230
1651
812
1663
270
293
312
270
303
264
928
2366
202
939
922
1001
211
789
658
184
246
212
254
238
1789
210
1814
197
187
234
784
1524
771
2600
2364
2400
1841
1776
1059
1543
1778
1878
1877
1805
1892
2946
234
2963
676
820
656
785
203
241
811
206
275
212
239
612
306
287
196
245
342
327
241
322
343
371
234
360
357
420
264
398
404
232
252
254
252
271
254
281
303
318
336
348
361
381
392
393
376
393
397
387
179
451
479
481
241
237
236
521
529
224
283
262
219
199
245
332
244
259
202
177
327
454
221
400
444
179
349
187
243
363
372
187
229
247
684
238
166
241
731
689
671
612
272
216
722
613
654
741
164
224
674
233
190
171
181
218
242
241
213
178
182
156
208
235
241
192
152
160
150
232
155
181
152
218
1454
222
1433
1442
1420
1429
1368
1491
1405
262
2088
1901
1919
1918
1947
1898
1922
1875
1824
1880
1840
2246
2260
2016
3234
3269
3313
391
427
512
538
623
671
684
686
681
682
694
696
715
719
711
768
415
211
339
175
269
254
312
289
185
381
533
415
439
201
233
269
187
528
241
562
447
257
222
166
831
1039
822
857
607
725
401
240
188
251
200
192
2768
1986
1795
2368
188
1951
2112
269
160
2958
2301
3011
3010
443
1913
3022
1833
3072
3071
301
261
692
1770
3101
1739
307
999
402
215
168
193
374
176
416
431
183
252
335
193
203
260
225
177
218
239
232
350
177
205
240
195
596
502
574
512
203
562
651
679
620
593
614
580
606
602
661
643
1003
241
264
273
285
293
362
390
406
422
434
444
443
181
475
483
511
504
219
524
547
549
571
575
207
225
163
273
358
339
318
187
265
184
238
214
236
1013
256
1006
283
159
837
139
170
895
151
193
226
258
1650
1425
1308
1286
1298
1310
1325
1364
1350
1338
1382
252
1183
1325
1420
199
242
181
236
1447
1435
1451
1384
1373
1360
1347
1324
1358
1222
232
172
193
250
154
203
252
201
160
226
194
215
1282
237
1287
156
1285
1165
1219
191
1176
1191
733
635
454
1344
1663
1329
678
1579
1109
259
700
1408
278
376
335
741
449
1101
1173
978
