159
218
172
287
295
181
152
136
230
221
303
212
172
284
235
159
230
327
272
389
137
269
222
250
424
231
214
187
214
223
253
190
162
156
150
197
177
115
205
254
113
79
289
204
186
428
352
272
346
85
130
212
150
355
319
242
132
328
154
217
130
188
135
144
189
112
186
149
136
222
240
162
448
112
254
466
460
476
237
120
199
354
383
145
139
537
519
571
105
126
129
467
161
395
122
142
157
108
134
119
166
154
239
134
148
209
124
236
170
192
239
161
152
214
217
188
345
311
247
235
198
266
237
261
244
146
200
137
175
139
177
236
142
177
151
689
666
1624
1499
1451
1402
1182
735
812
637
148
153
124
184
161
170
165
241
264
162
143
138
124
122
161
149
160
111
189
603
151
143
130
144
145
115
620
106
115
144
358
442
229
142
270
127
194
119
189
183
118
217
161
298
125
135
122
220
280
213
105
119
263
279
267
262
165
158
314
117
136
282
153
262
126
232
208
137
526
225
197
208
263
2027
2209
153
179
3009
159
165
2103
170
158
1735
170
189
182
230
282
283
2444
2798
2310
3557
3025
163
179
140
143
217
221
273
240
154
140
185
181
133
140
167
166
213
144
220
242
124
209
133
165
149
162
155
149
145
150
143
166
217
140
174
148
135
165
194
175
125
164
158
192
183
240
149
209
212
167
155
128
159
149
233
224
194
209
216
120
160
232
138
177
188
123
81
134
129
179
141
169
254
133
145
188
176
173
122
158
146
158
142
121
213
109
90
141
115
219
176
118
116
209
172
354
105
249
128
175
123
200
87
177
182
228
134
168
174
124
162
140
163
135
173
165
155
147
200
235
128
156
200
145
226
113
181
120
151
174
170
148
181
153
205
163
136
129
159
210
115
140
431
116
116
180
198
120
122
223
163
160
133
176
151
155
117
198
115
159
139
112
130
150
124
182
128
140
187
153
310
147
126
120
113
169
182
136
300
157
141
152
122
239
287
112
237
188
143
188
125
151
112
190
183
146
119
139
214
233
974
172
149
196
125
203
183
154
116
101
111
166
137
197
155
218
149
272
240
203
155
121
135
163
145
141
107
220
169
93
190
170
93
128
137
182
136
144
152
168
159
218
172
287
295
181
152
136
230
221
303
212
172
284
235
159
230
327
272
389
137
269
222
250
424
231
214
187
214
223
253
190
162
156
150
197
177
115
205
254
113
79
289
204
186
428
352
272
346
85
130
212
150
355
319
242
132
328
154
217
130
188
135
144
189
112
186
149
136
222
240
162
448
112
254
466
460
476
237
120
199
354
383
145
139
537
519
571
105
126
129
467
161
395
122
142
157
108
134
119
166
154
239
134
148
209
124
236
170
192
239
161
152
214
217
188
345
311
247
235
198
266
237
261
244
146
200
137
175
139
177
236
142
177
151
689
666
1624
1499
1451
1402
1182
735
812
637
148
153
124
184
161
170
165
241
264
162
143
138
124
122
161
149
160
111
189
603
151
143
130
144
145
115
620
106
115
144
358
442
229
142
270
127
194
119
189
183
118
217
161
298
125
135
122
220
280
213
105
119
263
279
267
262
165
158
314
117
136
282
153
262
126
232
208
137
526
225
197
208
263
2027
2209
153
179
3009
159
165
2103
170
158
1735
170
189
182
230
282
283
2444
2798
2310
3557
3025
163
179
140
143
217
221
273
240
154
140
185
181
133
140
167
166
213
144
220
242
124
209
133
165
149
162
155
149
145
150
143
166
217
140
174
148
135
165
194
175
125
164
158
192
183
240
149
209
212
167
155
128
159
149
233
224
194
209
216
120
160
232
138
177
188
123
81
134
129
179
141
169
254
133
145
188
176
173
122
158
146
158
142
121
213
109
90
141
115
219
176
118
116
209
172
354
105
249
128
175
123
200
87
177
182
228
134
168
174
124
162
140
163
135
173
165
155
147
200
235
128
156
200
145
226
113
181
120
151
174
170
148
181
153
205
163
136
129
159
210
115
140
431
116
116
180
198
120
122
223
163
160
133
176
151
155
117
198
115
159
139
112
130
150
124
182
128
140
187
153
310
147
126
120
113
169
182
136
300
157
141
152
122
239
287
112
237
188
143
188
125
151
112
190
183
146
119
139
214
233
974
172
149
196
125
203
183
154
116
101
111
166
137
197
155
218
149
272
240
203
155
121
135
163
145
141
107
220
169
93
190
170
93
128
137
182
136
144
152
168
159
218
172
287
295
181
152
136
230
221
303
212
172
284
235
159
230
327
272
389
137
269
222
250
424
231
214
187
214
223
253
190
162
156
150
197
177
115
205
254
113
79
289
204
186
428
352
272
346
85
130
212
150
355
319
242
132
328
154
217
130
188
135
144
189
112
186
149
136
222
240
162
448
112
254
466
460
476
237
120
199
354
383
145
139
537
519
571
105
126
129
467
161
395
122
142
157
108
134
119
166
154
239
134
148
209
124
236
170
192
239
161
152
214
217
188
345
311
247
235
198
266
237
261
244
146
200
137
175
139
177
236
142
177
151
689
666
1624
1499
1451
1402
1182
735
812
637
148
153
124
184
161
170
165
241
264
162
143
138
124
122
161
149
160
111
189
603
151
143
130
144
145
115
620
106
115
144
358
442
229
142
270
127
194
119
189
183
118
217
161
298
125
135
122
220
280
213
105
119
263
279
267
262
165
158
314
117
136
282
153
262
126
232
208
137
526
225
197
208
263
2027
2209
153
179
3009
159
165
2103
170
158
1735
170
189
182
230
282
283
2444
2798
2310
3557
3025
163
179
140
143
217
221
273
240
154
140
185
181
133
140
167
166
213
144
220
242
124
209
133
165
149
162
155
149
145
150
143
166
217
140
174
148
135
165
194
175
125
164
158
192
183
240
149
209
212
167
155
128
159
149
233
224
194
209
216
120
160
232
138
177
188
123
81
134
129
179
141
169
254
133
145
188
176
173
122
158
146
158
142
121
213
109
90
141
115
219
176
118
116
209
172
354
105
249
128
175
123
200
87
177
182
228
134
168
174
124
162
140
163
135
173
165
155
147
200
235
128
156
200
145
226
113
181
120
151
174
170
148
181
153
205
163
136
129
159
210
115
140
431
116
116
180
198
120
122
223
163
160
133
176
151
155
117
198
115
159
139
112
130
150
124
182
128
140
187
153
310
147
126
120
113
169
182
136
300
157
141
152
122
239
287
112
237
188
143
188
125
151
112
190
183
146
119
139
214
233
974
172
149
196
125
203
183
154
116
101
111
166
137
197
155
218
149
272
240
203
155
121
135
163
145
141
107
220
169
93
190
170
93
128
137
182
136
144
152
168
