298
309
325
333
351
352
354
370
384
399
402
372
405
396
419
425
497
489
169
532
539
547
189
234
194
267
282
268
659
664
148
365
276
251
738
174
371
507
406
237
128
331
575
413
525
253
344
407
294
338
424
344
375
514
586
346
141
467
358
288
279
502
385
244
27
407
416
354
317
277
202
357
404
318
346
173
277
326
392
740
306
253
389
198
582
257
312
263
302
377
559
566
373
235
334
222
374
30
212
712
267
380
281
231
453
565
230
30
429
333
540
359
515
50
47
85
500
339
215
381
420
265
652
375
556
350
378
428
39
310
278
72
83
52
281
79
64
299
57
503
444
275
438
798
275
367
256
268
487
579
742
296
582
448
626
247
455
378
26
500
286
382
451
203
368
223
784
217
620
794
380
388
562
302
693
414
198
291
260
324
247
23
329
824
29
28
30
47
841
24
227
575
374
297
36
45
385
47
33
179
51
39
65
69
27
365
262
622
72
44
40
474
467
40
353
373
425
424
189
463
545
551
341
663
298
217
454
147
592
206
293
284
396
348
265
131
256
160
316
157
204
290
308
320
310
320
317
315
333
330
325
364
348
166
381
404
439
441
457
480
484
495
519
209
241
563
254
258
270
613
286
350
315
357
265
206
411
413
467
377
450
348
310
363
199
386
483
284
371
278
495
206
292
256
418
418
411
291
395
521
248
189
315
275
327
309
196
330
885
266
348
412
439
515
628
184
272
198
359
667
205
278
161
325
293
470
489
640
270
269
177
195
531
226
227
293
309
42
323
333
184
389
288
672
286
319
312
226
385
274
716
50
382
329
72
72
283
323
62
495
450
553
426
274
251
358
518
274
355
271
43
333
875
37
268
47
262
435
394
304
265
26
69
439
153
336
293
344
232
115
235
342
144
738
383
384
425
182
375
261
349
268
310
247
365
407
422
432
638
243
695
37
374
317
511
422
310
177
577
536
298
542
454
215
290
257
195
334
226
326
480
312
416
653
536
358
23
12
22
29
371
21
393
277
30
202
27
40
441
33
267
29
28
278
29
306
40
31
38
58
244
51
50
377
44
405
348
550
555
649
539
358
375
201
529
508
364
620
394
745
199
233
243
268
265
274
271
279
299
315
327
329
378
399
168
428
414
453
481
471
498
204
500
274
280
166
583
349
403
279
616
343
287
316
197
665
265
193
224
198
393
224
391
220
222
343
212
511
578
291
388
204
248
507
319
196
355
252
399
400
272
373
249
268
182
132
192
301
661
252
181
396
291
135
590
357
165
694
233
513
315
207
230
375
467
268
560
299
428
269
211
669
214
266
199
287
494
250
183
383
290
298
390
323
186
42
33
384
346
259
45
219
376
62
248
458
63
44
46
65
513
447
49
43
82
315
45
703
33
91
296
67
53
73
84
328
413
82
90
464
697
557
397
344
352
381
533
315
207
510
274
333
675
548
375
248
277
392
19
334
33
23
23
236
275
211
230
385
316
346
459
411
670
15
551
24
20
20
363
26
16
20
422
321
289
289
427
300
327
697
324
199
364
392
466
575
657
619
470
248
400
355
276
380
214
271
321
262
284
16
190
388
588
311
208
313
218
412
341
349
666
257
630
616
312
321
428
395
265
414
254
211
321
209
310
206
155
142
307
219
131
202
269
282
316
317
322
361
375
170
360
413
417
442
438
447
442
464
432
467
460
355
490
215
550
240
194
630
363
176
301
245
287
241
715
418
160
506
222
404
417
405
508
377
405
207
233
224
182
532
486
359
282
324
177
603
577
189
274
142
186
640
428
395
193
282
476
148
348
404
182
275
395
203
326
798
291
371
324
236
708
535
517
208
192
508
285
237
531
379
292
318
288
162
244
169
631
341
464
404
339
397
317
631
404
367
181
328
571
425
13
289
190
208
297
394
434
295
232
199
266
320
354
281
273
222
190
375
21
149
13
25
35
200
308
170
205
185
197
212
345
426
496
220
259
16
231
176
11
17
17
13
12
349
11
146
179
152
192
264
155
250
442
236
439
295
418
160
207
580
394
177
309
300
293
196
295
247
282
28
267
245
153
257
211
118
282
274
308
340
223
464
234
271
456
437
268
241
378
188
434
186
134
176
144
11
9
8
253
10
262
216
109
144
172
302
237
348
124
13
13
12
10
10
13
13
169
12
12
14
125
147
17
13
25
263
15
16
455
93
298
309
325
333
351
352
354
370
384
399
402
372
405
396
419
425
497
489
169
532
539
547
189
234
194
267
282
268
659
664
148
365
276
251
738
174
371
507
406
237
128
331
575
413
525
253
344
407
294
338
424
344
375
514
586
346
141
467
358
288
279
502
385
244
27
407
416
354
317
277
202
357
404
318
346
173
277
326
392
740
306
253
389
198
582
257
312
263
302
377
559
566
373
235
334
222
374
30
212
712
267
380
281
231
453
565
230
30
429
333
540
359
515
50
47
85
500
339
215
381
420
265
652
375
556
350
378
428
39
310
278
72
83
52
281
79
64
299
57
503
444
275
438
798
275
367
256
268
487
579
742
296
582
448
626
247
455
378
26
500
286
382
451
203
368
223
784
217
620
794
380
388
562
302
693
414
198
291
260
324
247
23
329
824
29
28
30
47
841
24
227
575
374
297
36
45
385
47
33
179
51
39
65
69
27
365
262
622
72
44
40
474
467
40
353
373
425
424
189
463
545
551
341
663
298
217
454
147
592
206
293
284
396
348
265
131
256
160
316
157
204
290
308
320
310
320
317
315
333
330
325
364
348
166
381
404
439
441
457
480
484
495
519
209
241
563
254
258
270
613
286
350
315
357
265
206
411
413
467
377
450
348
310
363
199
386
483
284
371
278
495
206
292
256
418
418
411
291
395
521
248
189
315
275
327
309
196
330
885
266
348
412
439
515
628
184
272
198
359
667
205
278
161
325
293
470
489
640
270
269
177
195
531
226
227
293
309
42
323
333
184
389
288
672
286
319
312
226
385
274
716
50
382
329
72
72
283
323
62
495
450
553
426
274
251
358
518
274
355
271
43
333
875
37
268
47
262
435
394
304
265
26
69
439
153
336
293
344
232
115
235
342
144
738
383
384
425
182
375
261
349
268
310
247
365
407
422
432
638
243
695
37
374
317
511
422
310
177
577
536
298
542
454
215
290
257
195
334
226
326
480
312
416
653
536
358
23
12
22
29
371
21
393
277
30
202
27
40
441
33
267
29
28
278
29
306
40
31
38
58
244
51
50
377
44
405
348
550
555
649
539
358
375
201
529
508
364
620
394
745
199
233
243
268
265
274
271
279
299
315
327
329
378
399
168
428
414
453
481
471
498
204
500
274
280
166
583
349
403
279
616
343
287
316
197
665
265
193
224
198
393
224
391
220
222
343
212
511
578
291
388
204
248
507
319
196
355
252
399
400
272
373
249
268
182
132
192
301
661
252
181
396
291
135
590
357
165
694
233
513
315
207
230
375
467
268
560
299
428
269
211
669
214
266
199
287
494
250
183
383
290
298
390
323
186
42
33
384
346
259
45
219
376
62
248
458
63
44
46
65
513
447
49
43
82
315
45
703
33
91
296
67
53
73
84
328
413
82
90
464
697
557
397
344
352
381
533
315
207
510
274
333
675
548
375
248
277
392
19
334
33
23
23
236
275
211
230
385
316
346
459
411
670
15
551
24
20
20
363
26
16
20
422
321
289
289
427
300
327
697
324
199
364
392
466
575
657
619
470
248
400
355
276
380
214
271
321
262
284
16
190
388
588
311
208
313
218
412
341
349
666
257
630
616
312
321
428
395
265
414
254
211
321
209
310
206
155
142
307
219
131
202
269
282
316
317
322
361
375
170
360
413
417
442
438
447
442
464
432
467
460
355
490
215
550
240
194
630
363
176
301
245
287
241
715
418
160
506
222
404
417
405
508
377
405
207
233
224
182
532
486
359
282
324
177
603
577
189
274
142
186
640
428
395
193
282
476
148
348
404
182
275
395
203
326
798
291
371
324
236
708
535
517
208
192
508
285
237
531
379
292
318
288
162
244
169
631
341
464
404
339
397
317
631
404
367
181
328
571
425
13
289
190
208
297
394
434
295
232
199
266
320
354
281
273
222
190
375
21
149
13
25
35
200
308
170
205
185
197
212
345
426
496
220
259
16
231
176
11
17
17
13
12
349
11
146
179
152
192
264
155
250
442
236
439
295
418
160
207
580
394
177
309
300
293
196
295
247
282
28
267
245
153
257
211
118
282
274
308
340
223
464
234
271
456
437
268
241
378
188
434
186
134
176
144
11
9
8
253
10
262
216
109
144
172
302
237
348
124
13
13
12
10
10
13
13
169
12
12
14
125
147
17
13
25
263
15
16
455
93
298
309
325
333
351
352
354
370
384
399
402
372
405
396
419
425
497
489
169
532
539
547
189
234
194
267
282
268
659
664
148
365
276
251
738
174
371
507
406
237
128
331
575
413
525
253
344
407
294
338
424
344
375
514
586
346
141
467
358
288
279
502
385
244
27
407
416
354
317
277
202
357
404
318
346
173
277
326
392
740
306
253
389
198
582
257
312
263
302
377
559
566
373
235
334
222
374
30
212
712
267
380
281
231
453
565
230
30
429
333
540
359
515
50
47
85
500
339
215
381
420
265
652
375
556
350
378
428
39
310
278
72
83
52
281
79
64
299
57
503
444
275
438
798
275
367
256
268
487
579
742
296
582
448
626
247
455
378
26
500
286
382
451
203
368
223
784
217
620
794
380
388
562
302
693
414
198
291
260
324
247
23
329
824
29
28
30
47
841
24
227
575
374
297
36
45
385
47
33
179
51
39
65
69
27
365
262
622
72
44
40
474
467
40
353
373
425
424
189
463
545
551
341
663
298
217
454
147
592
206
293
284
396
348
265
131
256
160
316
157
204
290
308
320
310
320
317
315
333
330
325
364
348
166
381
404
439
441
457
480
484
495
519
209
241
563
254
258
270
613
286
350
315
357
265
206
411
413
467
377
450
348
310
363
199
386
483
284
371
278
495
206
292
256
418
418
411
291
395
521
248
189
315
275
327
309
196
330
885
266
348
412
439
515
628
184
272
198
359
667
205
278
161
325
293
470
489
640
270
269
177
195
531
226
227
293
309
42
323
333
184
389
288
672
286
319
312
226
385
274
716
50
382
329
72
72
283
323
62
495
450
553
426
274
251
358
518
274
355
271
43
333
875
37
268
47
262
435
394
304
265
26
69
439
153
336
293
344
232
115
235
342
144
738
383
384
425
182
375
261
349
268
310
247
365
407
422
432
638
243
695
37
374
317
511
422
310
177
577
536
298
542
454
215
290
257
195
334
226
326
480
312
416
653
536
358
23
12
22
29
371
21
393
277
30
202
27
40
441
33
267
29
28
278
29
306
40
31
38
58
244
51
50
377
44
405
348
550
555
649
539
358
375
201
529
508
364
620
394
745
199
233
243
268
265
274
271
279
299
315
327
329
378
399
168
428
414
453
481
471
498
204
500
274
280
166
583
349
403
279
616
343
287
316
197
665
265
193
224
198
393
224
391
220
222
343
212
511
578
291
388
204
248
507
319
196
355
252
399
400
272
373
249
268
182
132
192
301
661
252
181
396
291
135
590
357
165
694
233
513
315
207
230
375
467
268
560
299
428
269
211
669
214
266
199
287
494
250
183
383
290
298
390
323
186
42
33
384
346
259
45
219
376
62
248
458
63
44
46
65
513
447
49
43
82
315
45
703
33
91
296
67
53
73
84
328
413
82
90
464
697
557
397
344
352
381
533
315
207
510
274
333
675
548
375
248
277
392
19
334
33
23
23
236
275
211
230
385
316
346
459
411
670
15
551
24
20
20
363
26
16
20
422
321
289
289
427
300
327
697
324
199
364
392
466
575
657
619
470
248
400
355
276
380
214
271
321
262
284
16
190
388
588
311
208
313
218
412
341
349
666
257
630
616
312
321
428
395
265
414
254
211
321
209
310
206
155
142
307
219
131
202
269
282
316
317
322
361
375
170
360
413
417
442
438
447
442
464
432
467
460
355
490
215
550
240
194
630
363
176
301
245
287
241
715
418
160
506
222
404
417
405
508
377
405
207
233
224
182
532
486
359
282
324
177
603
577
189
274
142
186
640
428
395
193
282
476
148
348
404
182
275
395
203
326
798
291
371
324
236
708
535
517
208
192
508
285
237
531
379
292
318
288
162
244
169
631
341
464
404
339
397
317
631
404
367
181
328
571
425
13
289
190
208
297
394
434
295
232
199
266
320
354
281
273
222
190
375
21
149
13
25
35
200
308
170
205
185
197
212
345
426
496
220
259
16
231
176
11
17
17
13
12
349
11
146
179
152
192
264
155
250
442
236
439
295
418
160
207
580
394
177
309
300
293
196
295
247
282
28
267
245
153
257
211
118
282
274
308
340
223
464
234
271
456
437
268
241
378
188
434
186
134
176
144
11
9
8
253
10
262
216
109
144
172
302
237
348
124
13
13
12
10
10
13
13
169
12
12
14
125
147
17
13
25
263
15
16
455
93
