172
187
217
231
252
233
269
243
301
136
355
59
55
144
48
156
50
244
122
70
89
240
142
117
1440
2422
115
96
3067
3607
86
3604
64
105
4525
4971
5883
2501
7504
6934
7713
202
5335
142
122
8654
5186
8951
1602
9177
362
2820
3545
9235
9698
117
10233
10748
1930
11742
1895
4101
1331
14701
2465
6322
6875
229
255
247
245
245
237
251
224
255
279
99
145
128
145
147
10675
175
128
83
159
106
82
78
124
79
93
63
73
78
118
72
87
10440
82
92
575
18764
8040
17005
11682
21016
4408
5192
20175
22617
10207
31136
24394
35176
34080
22979
21602
52649
213
231
236
235
241
256
265
279
283
311
311
126
126
111
357
103
81
197
129
103
93
72
348
78
63
148
89
103
93
136
78
64
1697
3136
5244
5336
112
4908
465
449
2798
67
87
57
6023
61
166
89
61
6208
56
82
83
98
52
6384
68
59
98
59
64
6837
7285
8257
70
59
79
54
67
57
8749
60
1139
112
196
141
62
86
66
3862
73
74
3751
9883
9937
10285
1862
4789
10807
5533
3261
273
110
12724
3516
2831
1606
14346
12970
5207
2730
9353
16917
11620
17398
5602
9423
10583
21423
7268
3363
23942
24004
23371
16327
8792
17063
24114
43824
54791
172
179
156
180
163
182
177
184
210
163
376
137
164
145
355
385
379
190
178
183
413
115
145
453
1920
2758
3128
3712
1637
83
4735
57
52
4847
66
53
54
37
5072
45
54
36
8168
117
9133
9048
5722
9333
247
11218
1279
4389
5327
106
121
156
158
176
170
219
221
232
110
121
218
64
116
85
78
109
50
66
1527
2266
2828
3266
3420
16342
3802
16635
4560
21751
2654
2615
6068
6349
6526
1947
6690
4600
6627
15366
26219
10877
10965
11306
12237
9485
80
62
61
56
49
54
85
85
89
117
111
127
144
8655
16227
29167
21513
12012
17965
23758
23727
53390
154
178
181
172
184
176
163
198
207
182
258
272
103
320
335
214
213
147
261
386
82
433
1370
2309
3013
3441
4215
65
93
6056
7385
92
116
128
131
126
147
143
116
156
8064
4726
8981
69
52
40
38
49
31
53
26
25
9578
100
8859
4004
101
59
80
136
113
7654
139
73
79
71
79
68
73
1446
1652
2386
9465
9400
3635
3709
3824
1336
3960
11243
4697
12574
6088
3263
9964
5123
4871
3092
8791
16845
9243
25146
18006
4794
18338
2756
15029
3099
24812
19225
113
115
115
120
124
145
156
164
142
163
216
220
218
29437
9567
18603
12339
34666
22809
51725
172
187
217
231
252
233
269
243
301
136
355
59
55
144
48
156
50
244
122
70
89
240
142
117
1440
2422
115
96
3067
3607
86
3604
64
105
4525
4971
5883
2501
7504
6934
7713
202
5335
142
122
8654
5186
8951
1602
9177
362
2820
3545
9235
9698
117
10233
10748
1930
11742
1895
4101
1331
14701
2465
6322
6875
229
255
247
245
245
237
251
224
255
279
99
145
128
145
147
10675
175
128
83
159
106
82
78
124
79
93
63
73
78
118
72
87
10440
82
92
575
18764
8040
17005
11682
21016
4408
5192
20175
22617
10207
31136
24394
35176
34080
22979
21602
52649
213
231
236
235
241
256
265
279
283
311
311
126
126
111
357
103
81
197
129
103
93
72
348
78
63
148
89
103
93
136
78
64
1697
3136
5244
5336
112
4908
465
449
2798
67
87
57
6023
61
166
89
61
6208
56
82
83
98
52
6384
68
59
98
59
64
6837
7285
8257
70
59
79
54
67
57
8749
60
1139
112
196
141
62
86
66
3862
73
74
3751
9883
9937
10285
1862
4789
10807
5533
3261
273
110
12724
3516
2831
1606
14346
12970
5207
2730
9353
16917
11620
17398
5602
9423
10583
21423
7268
3363
23942
24004
23371
16327
8792
17063
24114
43824
54791
172
179
156
180
163
182
177
184
210
163
376
137
164
145
355
385
379
190
178
183
413
115
145
453
1920
2758
3128
3712
1637
83
4735
57
52
4847
66
53
54
37
5072
45
54
36
8168
117
9133
9048
5722
9333
247
11218
1279
4389
5327
106
121
156
158
176
170
219
221
232
110
121
218
64
116
85
78
109
50
66
1527
2266
2828
3266
3420
16342
3802
16635
4560
21751
2654
2615
6068
6349
6526
1947
6690
4600
6627
15366
26219
10877
10965
11306
12237
9485
80
62
61
56
49
54
85
85
89
117
111
127
144
8655
16227
29167
21513
12012
17965
23758
23727
53390
154
178
181
172
184
176
163
198
207
182
258
272
103
320
335
214
213
147
261
386
82
433
1370
2309
3013
3441
4215
65
93
6056
7385
92
116
128
131
126
147
143
116
156
8064
4726
8981
69
52
40
38
49
31
53
26
25
9578
100
8859
4004
101
59
80
136
113
7654
139
73
79
71
79
68
73
1446
1652
2386
9465
9400
3635
3709
3824
1336
3960
11243
4697
12574
6088
3263
9964
5123
4871
3092
8791
16845
9243
25146
18006
4794
18338
2756
15029
3099
24812
19225
113
115
115
120
124
145
156
164
142
163
216
220
218
29437
9567
18603
12339
34666
22809
51725
172
187
217
231
252
233
269
243
301
136
355
59
55
144
48
156
50
244
122
70
89
240
142
117
1440
2422
115
96
3067
3607
86
3604
64
105
4525
4971
5883
2501
7504
6934
7713
202
5335
142
122
8654
5186
8951
1602
9177
362
2820
3545
9235
9698
117
10233
10748
1930
11742
1895
4101
1331
14701
2465
6322
6875
229
255
247
245
245
237
251
224
255
279
99
145
128
145
147
10675
175
128
83
159
106
82
78
124
79
93
63
73
78
118
72
87
10440
82
92
575
18764
8040
17005
11682
21016
4408
5192
20175
22617
10207
31136
24394
35176
34080
22979
21602
52649
213
231
236
235
241
256
265
279
283
311
311
126
126
111
357
103
81
197
129
103
93
72
348
78
63
148
89
103
93
136
78
64
1697
3136
5244
5336
112
4908
465
449
2798
67
87
57
6023
61
166
89
61
6208
56
82
83
98
52
6384
68
59
98
59
64
6837
7285
8257
70
59
79
54
67
57
8749
60
1139
112
196
141
62
86
66
3862
73
74
3751
9883
9937
10285
1862
4789
10807
5533
3261
273
110
12724
3516
2831
1606
14346
12970
5207
2730
9353
16917
11620
17398
5602
9423
10583
21423
7268
3363
23942
24004
23371
16327
8792
17063
24114
43824
54791
172
179
156
180
163
182
177
184
210
163
376
137
164
145
355
385
379
190
178
183
413
115
145
453
1920
2758
3128
3712
1637
83
4735
57
52
4847
66
53
54
37
5072
45
54
36
8168
117
9133
9048
5722
9333
247
11218
1279
4389
5327
106
121
156
158
176
170
219
221
232
110
121
218
64
116
85
78
109
50
66
1527
2266
2828
3266
3420
16342
3802
16635
4560
21751
2654
2615
6068
6349
6526
1947
6690
4600
6627
15366
26219
10877
10965
11306
12237
9485
80
62
61
56
49
54
85
85
89
117
111
127
144
8655
16227
29167
21513
12012
17965
23758
23727
53390
154
178
181
172
184
176
163
198
207
182
258
272
103
320
335
214
213
147
261
386
82
433
1370
2309
3013
3441
4215
65
93
6056
7385
92
116
128
131
126
147
143
116
156
8064
4726
8981
69
52
40
38
49
31
53
26
25
9578
100
8859
4004
101
59
80
136
113
7654
139
73
79
71
79
68
73
1446
1652
2386
9465
9400
3635
3709
3824
1336
3960
11243
4697
12574
6088
3263
9964
5123
4871
3092
8791
16845
9243
25146
18006
4794
18338
2756
15029
3099
24812
19225
113
115
115
120
124
145
156
164
142
163
216
220
218
29437
9567
18603
12339
34666
22809
51725
