467
476
520
539
546
592
587
576
632
643
643
660
791
477
467
518
447
545
518
612
582
1392
394
667
400
1597
1663
1697
1758
1772
582
629
484
1885
349
1983
2004
553
2009
447
2101
521
780
596
527
410
496
504
455
480
579
2062
513
437
479
461
2438
417
2390
504
2389
449
2114
537
2211
450
492
445
655
507
461
360
593
509
497
668
2586
2575
2063
468
562
563
356
583
462
830
589
2484
362
2176
480
486
2336
2902
2776
496
2792
456
599
448
463
579
2896
2840
2602
464
617
2520
746
2431
2599
2358
2306
2814
2811
2706
2131
3004
2899
2577
462
531
547
567
583
595
620
599
634
645
652
653
665
673
652
699
718
707
738
724
765
848
437
960
992
390
476
514
485
497
476
554
525
529
594
438
421
495
518
625
581
606
373
638
658
552
380
505
747
471
399
399
458
426
590
469
415
723
516
551
681
525
493
378
623
323
482
512
793
708
475
816
648
440
563
378
377
370
489
515
362
512
615
480
489
554
437
556
507
480
942
479
317
491
482
464
463
529
658
578
491
598
472
680
358
552
470
491
516
533
654
394
531
528
511
396
533
735
553
630
507
513
521
549
540
557
574
581
598
636
647
774
782
804
867
1219
1284
1302
1366
1499
1525
1755
1750
1175
1144
1256
1864
1275
1501
1456
1523
797
1575
930
1365
1515
683
1695
1737
1427
502
557
1508
544
708
378
480
1796
466
403
402
589
520
1382
1331
378
473
454
419
1453
527
1276
421
460
505
905
1452
555
562
674
506
378
678
481
537
417
1771
445
455
500
505
662
2050
586
535
365
1897
554
2289
2282
2215
484
1898
609
512
587
492
449
2509
503
2319
437
2164
2222
520
695
565
2406
2443
2591
2484
2412
2536
2706
2697
2525
2229
2231
2278
1920
494
535
534
542
544
546
568
542
606
615
640
691
705
736
751
818
397
456
405
511
511
1075
575
528
405
1124
1132
1156
489
1398
1400
662
1413
380
362
419
485
472
514
656
462
509
580
1964
439
478
2000
972
916
2200
2210
2104
868
899
2185
540
495
1251
2630
2416
2422
2397
551
447
2354
658
560
509
2606
2663
484
2408
2404
2395
477
2043
709
515
544
475
666
647
495
2796
737
2513
534
686
485
612
539
2108
522
3154
2422
2388
482
487
2444
451
2370
1983
1991
2540
2014
2288
2150
1718
935
2509
1798
2277
2259
1947
2282
2253
1713
1684
1793
1696
467
476
520
539
546
592
587
576
632
643
643
660
791
477
467
518
447
545
518
612
582
1392
394
667
400
1597
1663
1697
1758
1772
582
629
484
1885
349
1983
2004
553
2009
447
2101
521
780
596
527
410
496
504
455
480
579
2062
513
437
479
461
2438
417
2390
504
2389
449
2114
537
2211
450
492
445
655
507
461
360
593
509
497
668
2586
2575
2063
468
562
563
356
583
462
830
589
2484
362
2176
480
486
2336
2902
2776
496
2792
456
599
448
463
579
2896
2840
2602
464
617
2520
746
2431
2599
2358
2306
2814
2811
2706
2131
3004
2899
2577
462
531
547
567
583
595
620
599
634
645
652
653
665
673
652
699
718
707
738
724
765
848
437
960
992
390
476
514
485
497
476
554
525
529
594
438
421
495
518
625
581
606
373
638
658
552
380
505
747
471
399
399
458
426
590
469
415
723
516
551
681
525
493
378
623
323
482
512
793
708
475
816
648
440
563
378
377
370
489
515
362
512
615
480
489
554
437
556
507
480
942
479
317
491
482
464
463
529
658
578
491
598
472
680
358
552
470
491
516
533
654
394
531
528
511
396
533
735
553
630
507
513
521
549
540
557
574
581
598
636
647
774
782
804
867
1219
1284
1302
1366
1499
1525
1755
1750
1175
1144
1256
1864
1275
1501
1456
1523
797
1575
930
1365
1515
683
1695
1737
1427
502
557
1508
544
708
378
480
1796
466
403
402
589
520
1382
1331
378
473
454
419
1453
527
1276
421
460
505
905
1452
555
562
674
506
378
678
481
537
417
1771
445
455
500
505
662
2050
586
535
365
1897
554
2289
2282
2215
484
1898
609
512
587
492
449
2509
503
2319
437
2164
2222
520
695
565
2406
2443
2591
2484
2412
2536
2706
2697
2525
2229
2231
2278
1920
494
535
534
542
544
546
568
542
606
615
640
691
705
736
751
818
397
456
405
511
511
1075
575
528
405
1124
1132
1156
489
1398
1400
662
1413
380
362
419
485
472
514
656
462
509
580
1964
439
478
2000
972
916
2200
2210
2104
868
899
2185
540
495
1251
2630
2416
2422
2397
551
447
2354
658
560
509
2606
2663
484
2408
2404
2395
477
2043
709
515
544
475
666
647
495
2796
737
2513
534
686
485
612
539
2108
522
3154
2422
2388
482
487
2444
451
2370
1983
1991
2540
2014
2288
2150
1718
935
2509
1798
2277
2259
1947
2282
2253
1713
1684
1793
1696
467
476
520
539
546
592
587
576
632
643
643
660
791
477
467
518
447
545
518
612
582
1392
394
667
400
1597
1663
1697
1758
1772
582
629
484
1885
349
1983
2004
553
2009
447
2101
521
780
596
527
410
496
504
455
480
579
2062
513
437
479
461
2438
417
2390
504
2389
449
2114
537
2211
450
492
445
655
507
461
360
593
509
497
668
2586
2575
2063
468
562
563
356
583
462
830
589
2484
362
2176
480
486
2336
2902
2776
496
2792
456
599
448
463
579
2896
2840
2602
464
617
2520
746
2431
2599
2358
2306
2814
2811
2706
2131
3004
2899
2577
462
531
547
567
583
595
620
599
634
645
652
653
665
673
652
699
718
707
738
724
765
848
437
960
992
390
476
514
485
497
476
554
525
529
594
438
421
495
518
625
581
606
373
638
658
552
380
505
747
471
399
399
458
426
590
469
415
723
516
551
681
525
493
378
623
323
482
512
793
708
475
816
648
440
563
378
377
370
489
515
362
512
615
480
489
554
437
556
507
480
942
479
317
491
482
464
463
529
658
578
491
598
472
680
358
552
470
491
516
533
654
394
531
528
511
396
533
735
553
630
507
513
521
549
540
557
574
581
598
636
647
774
782
804
867
1219
1284
1302
1366
1499
1525
1755
1750
1175
1144
1256
1864
1275
1501
1456
1523
797
1575
930
1365
1515
683
1695
1737
1427
502
557
1508
544
708
378
480
1796
466
403
402
589
520
1382
1331
378
473
454
419
1453
527
1276
421
460
505
905
1452
555
562
674
506
378
678
481
537
417
1771
445
455
500
505
662
2050
586
535
365
1897
554
2289
2282
2215
484
1898
609
512
587
492
449
2509
503
2319
437
2164
2222
520
695
565
2406
2443
2591
2484
2412
2536
2706
2697
2525
2229
2231
2278
1920
494
535
534
542
544
546
568
542
606
615
640
691
705
736
751
818
397
456
405
511
511
1075
575
528
405
1124
1132
1156
489
1398
1400
662
1413
380
362
419
485
472
514
656
462
509
580
1964
439
478
2000
972
916
2200
2210
2104
868
899
2185
540
495
1251
2630
2416
2422
2397
551
447
2354
658
560
509
2606
2663
484
2408
2404
2395
477
2043
709
515
544
475
666
647
495
2796
737
2513
534
686
485
612
539
2108
522
3154
2422
2388
482
487
2444
451
2370
1983
1991
2540
2014
2288
2150
1718
935
2509
1798
2277
2259
1947
2282
2253
1713
1684
1793
1696
