103
124
93
92
202
132
169
85
99
125
115
97
140
124
225
127
195
141
136
165
157
120
128
128
147
137
157
115
115
124
142
112
123
122
251
144
112
127
184
107
118
176
168
96
115
121
167
121
115
120
86
155
112
160
182
152
114
760
393
116
173
152
129
165
136
129
102
158
121
120
179
135
133
196
132
89
887
162
124
164
151
89
401
115
131
171
401
407
79
130
145
419
100
82
316
369
190
170
380
93
139
656
139
141
181
147
600
598
157
594
596
532
575
855
820
724
724
698
718
779
134
142
142
193
118
192
92
184
156
118
158
303
237
88
155
89
287
109
83
136
127
107
120
214
139
218
125
170
114
122
135
173
132
141
165
113
114
107
134
202
143
207
110
135
97
130
153
118
114
112
135
146
96
166
127
153
114
151
147
174
203
129
121
250
73
236
218
231
132
183
247
127
135
234
144
176
145
182
117
224
168
76
173
181
263
246
91
183
259
109
115
106
245
88
129
136
80
138
156
119
127
171
191
198
159
148
118
185
102
167
96
232
131
114
208
240
212
142
215
200
138
171
204
165
193
156
154
139
171
111
167
152
153
183
130
175
162
143
133
155
135
125
182
223
174
203
135
138
118
118
125
132
287
110
109
159
204
160
115
130
194
136
183
202
175
142
131
164
154
139
141
145
97
138
185
192
194
182
163
116
146
118
184
97
131
142
117
124
149
175
175
120
105
186
116
129
224
169
128
142
142
126
177
132
124
202
147
137
152
144
188
209
142
146
116
153
179
188
123
77
172
146
186
125
119
144
255
142
122
115
151
107
178
215
128
117
143
203
140
184
164
234
509
150
243
111
287
162
242
205
132
155
182
107
174
140
120
134
144
116
139
161
154
147
152
193
186
147
184
180
144
192
163
119
111
214
110
111
151
198
154
140
125
148
179
192
115
147
98
124
134
206
147
127
194
121
195
147
148
141
118
124
250
112
104
166
157
195
239
166
113
146
104
173
187
133
148
131
124
118
151
106
170
122
161
136
114
134
145
127
150
193
111
117
166
129
182
105
216
170
175
133
110
141
128
123
168
187
143
96
181
128
118
129
126
135
134
197
179
168
103
124
93
92
202
132
169
85
99
125
115
97
140
124
225
127
195
141
136
165
157
120
128
128
147
137
157
115
115
124
142
112
123
122
251
144
112
127
184
107
118
176
168
96
115
121
167
121
115
120
86
155
112
160
182
152
114
760
393
116
173
152
129
165
136
129
102
158
121
120
179
135
133
196
132
89
887
162
124
164
151
89
401
115
131
171
401
407
79
130
145
419
100
82
316
369
190
170
380
93
139
656
139
141
181
147
600
598
157
594
596
532
575
855
820
724
724
698
718
779
134
142
142
193
118
192
92
184
156
118
158
303
237
88
155
89
287
109
83
136
127
107
120
214
139
218
125
170
114
122
135
173
132
141
165
113
114
107
134
202
143
207
110
135
97
130
153
118
114
112
135
146
96
166
127
153
114
151
147
174
203
129
121
250
73
236
218
231
132
183
247
127
135
234
144
176
145
182
117
224
168
76
173
181
263
246
91
183
259
109
115
106
245
88
129
136
80
138
156
119
127
171
191
198
159
148
118
185
102
167
96
232
131
114
208
240
212
142
215
200
138
171
204
165
193
156
154
139
171
111
167
152
153
183
130
175
162
143
133
155
135
125
182
223
174
203
135
138
118
118
125
132
287
110
109
159
204
160
115
130
194
136
183
202
175
142
131
164
154
139
141
145
97
138
185
192
194
182
163
116
146
118
184
97
131
142
117
124
149
175
175
120
105
186
116
129
224
169
128
142
142
126
177
132
124
202
147
137
152
144
188
209
142
146
116
153
179
188
123
77
172
146
186
125
119
144
255
142
122
115
151
107
178
215
128
117
143
203
140
184
164
234
509
150
243
111
287
162
242
205
132
155
182
107
174
140
120
134
144
116
139
161
154
147
152
193
186
147
184
180
144
192
163
119
111
214
110
111
151
198
154
140
125
148
179
192
115
147
98
124
134
206
147
127
194
121
195
147
148
141
118
124
250
112
104
166
157
195
239
166
113
146
104
173
187
133
148
131
124
118
151
106
170
122
161
136
114
134
145
127
150
193
111
117
166
129
182
105
216
170
175
133
110
141
128
123
168
187
143
96
181
128
118
129
126
135
134
197
179
168
103
124
93
92
202
132
169
85
99
125
115
97
140
124
225
127
195
141
136
165
157
120
128
128
147
137
157
115
115
124
142
112
123
122
251
144
112
127
184
107
118
176
168
96
115
121
167
121
115
120
86
155
112
160
182
152
114
760
393
116
173
152
129
165
136
129
102
158
121
120
179
135
133
196
132
89
887
162
124
164
151
89
401
115
131
171
401
407
79
130
145
419
100
82
316
369
190
170
380
93
139
656
139
141
181
147
600
598
157
594
596
532
575
855
820
724
724
698
718
779
134
142
142
193
118
192
92
184
156
118
158
303
237
88
155
89
287
109
83
136
127
107
120
214
139
218
125
170
114
122
135
173
132
141
165
113
114
107
134
202
143
207
110
135
97
130
153
118
114
112
135
146
96
166
127
153
114
151
147
174
203
129
121
250
73
236
218
231
132
183
247
127
135
234
144
176
145
182
117
224
168
76
173
181
263
246
91
183
259
109
115
106
245
88
129
136
80
138
156
119
127
171
191
198
159
148
118
185
102
167
96
232
131
114
208
240
212
142
215
200
138
171
204
165
193
156
154
139
171
111
167
152
153
183
130
175
162
143
133
155
135
125
182
223
174
203
135
138
118
118
125
132
287
110
109
159
204
160
115
130
194
136
183
202
175
142
131
164
154
139
141
145
97
138
185
192
194
182
163
116
146
118
184
97
131
142
117
124
149
175
175
120
105
186
116
129
224
169
128
142
142
126
177
132
124
202
147
137
152
144
188
209
142
146
116
153
179
188
123
77
172
146
186
125
119
144
255
142
122
115
151
107
178
215
128
117
143
203
140
184
164
234
509
150
243
111
287
162
242
205
132
155
182
107
174
140
120
134
144
116
139
161
154
147
152
193
186
147
184
180
144
192
163
119
111
214
110
111
151
198
154
140
125
148
179
192
115
147
98
124
134
206
147
127
194
121
195
147
148
141
118
124
250
112
104
166
157
195
239
166
113
146
104
173
187
133
148
131
124
118
151
106
170
122
161
136
114
134
145
127
150
193
111
117
166
129
182
105
216
170
175
133
110
141
128
123
168
187
143
96
181
128
118
129
126
135
134
197
179
168
