2334
2707
576
323
377
577
346
430
417
392
364
470
1340
382
2344
462
397
2764
437
498
346
353
345
410
429
327
388
422
336
359
352
357
353
411
2039
2038
301
410
268
314
301
377
302
340
259
244
796
283
291
887
432
266
272
200
654
359
5495
213
845
2499
2518
774
442
639
292
210
5959
219
243
203
213
543
493
206
2035
201
205
2101
270
794
746
207
192
490
342
314
367
335
196
336
493
245
249
325
223
451
263
247
3261
582
2067
408
299
309
357
1456
314
454
3642
2384
365
404
427
636
1702
1755
1694
1829
2377
2437
2485
2667
361
2682
2683
2864
2857
311
587
202
571
269
632
520
230
1805
1784
788
822
360
264
380
278
317
301
218
361
288
467
326
618
250
375
346
352
372
2664
283
2819
542
395
288
322
325
446
245
430
317
267
229
256
519
355
502
494
511
508
214
4442
301
418
260
372
4685
274
258
427
345
236
489
283
643
256
232
329
239
412
373
224
367
268
297
200
419
437
282
212
195
450
895
339
233
300
454
325
188
992
237
226
234
284
305
418
425
430
254
384
311
434
456
2072
2347
2331
2131
1966
2100
2074
2196
1787
1889
4736
4898
690
4617
620
4885
4229
394
434
5082
5106
444
4481
510
386
426
374
499
775
640
266
3705
450
414
409
3875
860
4461
4453
7159
7179
452
4599
5386
5426
277
396
474
518
356
452
4825
414
613
441
402
4494
4485
481
560
451
419
278
556
559
361
524
549
490
513
614
368
278
460
457
235
480
426
348
385
380
451
508
453
444
308
747
614
404
408
404
298
300
357
425
407
438
352
465
423
400
266
355
509
269
566
358
581
264
627
612
589
525
265
228
325
249
320
426
509
427
545
663
1197
1285
1283
1293
1375
5972
5997
