132
82
78
54
216
191
45
72
208
214
84
81
52
93
83
56
55
85
166
62
125
76
86
75
58
80
79
91
58
351
68
75
158
57
67
76
69
78
59
62
90
53
139
84
79
56
71
73
266
174
66
90
123
67
83
80
56
168
57
110
65
73
84
43
42
97
80
58
117
91
51
120
92
155
79
160
148
91
120
126
52
84
145
62
46
109
77
77
84
57
84
63
55
71
62
56
106
77
73
66
71
48
61
52
62
71
77
56
51
60
84
73
89
53
56
62
63
60
138
130
189
112
201
180
148
155
72
91
87
46
100
48
177
103
104
73
132
72
66
126
96
69
82
45
119
113
121
51
61
115
84
87
112
56
115
69
52
66
96
50
100
91
71
94
112
132
50
47
127
116
76
83
57
93
72
82
77
119
105
81
97
87
65
51
82
90
106
68
81
138
66
120
53
67
106
51
86
77
65
76
77
102
100
76
66
65
87
74
104
67
79
79
78
89
95
68
116
44
73
91
137
51
100
55
75
71
89
112
75
90
74
75
57
81
140
75
132
116
203
209
193
139
75
279
98
205
188
153
165
49
92
152
149
49
60
401
109
434
66
62
65
52
87
89
102
118
120
145
57
106
51
165
70
91
96
99
85
81
63
86
64
55
121
52
113
67
91
88
74
76
88
97
92
67
56
77
90
90
98
77
118
123
69
69
98
72
103
87
73
169
134
69
80
113
73
78
82
72
87
100
79
114
90
109
110
98
96
86
61
67
76
109
162
86
86
65
138
96
64
94
114
83
65
88
91
108
79
136
65
93
146
74
122
70
74
60
69
115
109
102
