72
108
108
131
153
161
161
49
190
187
207
191
196
191
222
233
76
241
129
168
218
90
172
91
120
306
198
391
401
404
184
189
142
235
265
180
265
114
194
181
332
341
91
150
327
352
576
408
166
398
147
170
158
123
172
84
89
480
36
218
98
199
257
314
276
127
141
550
251
110
269
175
149
323
453
63
51
238
291
239
64
59
165
93
51
554
366
135
208
217
127
206
201
58
98
164
78
127
350
210
284
156
436
144
128
241
307
306
287
396
382
585
642
388
17
118
44
565
672
547
677
92
54
574
599
684
554
775
117
687
271
169
863
552
663
472
682
182
184
881
833
218
328
253
359
188
915
346
207
266
108
479
95
471
304
360
151
499
211
373
480
452
371
193
286
573
277
561
639
393
276
275
324
605
264
61
240
410
302
220
222
645
251
362
408
951
446
534
226
513
258
210
335
258
310
329
606
315
309
422
13
641
22
18
360
42
56
22
419
39
40
43
334
16
15
22
818
397
27
18
35
20
21
17
21
531
281
487
425
412
441
504
380
437
342
595
543
604
614
608
66
54
114
128
106
127
127
116
158
138
112
150
172
190
137
205
161
244
95
267
152
290
315
182
326
320
363
165
236
216
161
155
194
78
140
213
311
202
228
113
353
90
192
31
118
135
427
194
132
209
55
346
185
227
79
118
274
528
494
74
376
69
37
203
396
229
169
278
625
41
95
94
81
251
187
281
128
227
310
136
66
49
320
77
123
261
135
48
228
208
191
272
188
348
176
82
180
506
125
162
290
398
353
216
564
503
383
564
650
648
56
596
504
598
126
316
96
680
635
475
439
103
163
106
320
517
143
739
731
231
641
177
246
722
778
317
316
336
953
176
276
848
204
241
386
149
100
363
398
206
508
455
325
153
390
526
1141
327
557
208
326
730
201
480
207
401
529
781
346
345
413
341
194
211
142
208
317
452
180
298
175
750
461
980
364
438
180
179
221
578
278
660
346
565
20
242
14
303
19
499
29
380
351
25
23
783
7
15
445
368
20
17
354
409
41
33
33
342
9
9
22
63
11
12
486
207
84
252
361
275
377
569
243
449
518
362
654
700
721
864
133
151
151
167
217
177
186
239
144
215
231
240
214
312
314
303
300
310
163
146
130
79
213
399
166
246
85
484
188
427
210
89
499
167
263
132
150
276
248
103
303
213
425
173
205
376
106
206
275
115
219
91
201
154
105
231
284
245
189
781
150
165
67
68
66
115
138
67
516
13
111
264
309
177
95
107
86
425
87
102
82
128
484
60
53
80
98
307
761
165
257
101
232
170
87
128
304
247
95
362
248
493
307
211
294
412
277
550
514
571
418
463
575
591
58
59
576
608
653
137
113
216
102
318
709
760
174
407
751
684
219
666
238
732
196
547
255
222
913
670
757
342
272
322
910
179
1049
187
105
284
329
440
145
174
372
424
366
476
351
502
630
194
332
611
333
676
336
206
462
359
607
329
630
342
316
445
658
87
417
286
205
293
251
236
941
184
183
420
138
501
191
229
378
359
303
290
295
644
364
790
390
809
472
44
66
347
565
92
98
61
46
89
84
59
530
12
17
24
17
43
23
38
13
20
481
20
405
458
979
587
347
579
258
344
187
612
410
575
534
693
