162
56
2034
2977
53
2964
4304
4610
4935
84
69
2327
5427
6032
83
55
7345
2830
292
89
63
2692
5271
2413
102
808
62
61
8935
246
42
54
9385
61
41
53
9547
46
49
84
57
59
10001
10019
1795
11023
11394
11402
4386
2854
12576
7261
10839
9217
6233
14095
4946
2265
10803
8839
17489
5432
7637
6615
36
2512
88
10733
50
1291
43
40
52
41
69
67
68
73
51
7614
65
58
71
66
73
52
54
189
12941
11869
556
435
98
388
35
56
62
81
54
57
4073
8628
12540
15399
28016
15013
18193
7218
17681
10338
24693
25309
40652
30350
32390
30235
37334
42657
56454
65264
228
212
225
1982
89
2240
3236
2010
74
81
4577
4876
63
5713
5888
5803
6807
3022
8218
8364
5168
8956
3116
9237
121
81
952
9945
10308
10362
10392
35
44
72
75
57
376
63
51
49
61
3122
103
11672
10078
182
4048
331
13200
42
2913
9625
5657
8306
56
1635
12532
10059
7797
6753
5902
8156
10372
71
14105
76
59
36
33
50
70
46
34
61
1100
51
54
46
50
64
77
35
44
47
50
36
79
59
5394
71
45
46
57
59
52
76
17149
10588
6881
1932
25482
8898
24117
6840
20373
10996
31266
8481
16347
14640
16181
25410
13444
35822
31810
37800
41512
48162
36854
70447
294
1982
65
2344
90
3076
4852
90
5016
74
5110
3132
88
5855
1353
6874
96
98
2942
8019
8177
5163
162
364
92
90
2613
9246
9224
70
10496
55
2738
78
2663
10991
5958
1554
9887
1802
12633
75
12874
3870
7920
2038
5900
8243
17486
12516
9337
8937
77
47
31
57
12862
51
43
52
56
72
8056
8809
10539
9220
9766
41
7050
55
59
70
58
429
56
75
39
68
42
32
55
1453
47
58
45
44
50
32
36
34
43
38
42
63
91
6644
53
54
35
9823
7511
14159
24990
9251
7474
26284
20355
10262
10042
21863
15050
37029
17082
41164
47773
31248
47038
42810
52500
74672
