263
266
248
270
324
356
367
367
372
377
421
418
430
440
441
439
460
472
457
237
247
545
272
279
266
267
368
655
306
712
319
262
234
398
278
268
396
229
191
393
169
235
422
404
140
229
511
425
474
519
232
291
138
436
236
227
241
172
199
158
218
248
251
225
245
232
269
276
199
157
309
281
280
235
225
208
243
269
186
250
230
252
393
448
180
135
451
256
155
312
390
135
210
222
188
187
154
307
182
180
203
165
168
210
151
165
209
218
151
239
252
159
215
200
219
231
198
249
186
248
254
257
287
293
319
330
319
336
371
397
384
424
433
424
444
449
445
469
488
249
244
524
557
245
244
585
297
314
231
326
287
219
253
285
199
299
209
347
205
268
419
324
217
220
237
266
189
224
229
203
177
216
267
266
226
212
206
233
266
221
228
248
258
608
145
254
188
219
322
260
225
200
274
249
219
202
203
394
246
400
196
261
256
191
256
345
217
219
238
232
236
219
223
234
235
191
252
247
249
232
217
207
314
261
269
321
251
218
196
257
192
254
234
181
458
206
213
238
244
406
275
279
322
331
338
375
381
383
387
403
413
424
430
446
448
463
462
476
490
501
506
481
269
264
267
269
266
319
275
287
297
254
286
335
320
329
278
228
329
377
234
254
259
412
299
303
485
215
251
470
319
724
313
310
253
402
365
564
281
380
248
709
269
230
251
394
299
474
242
241
277
229
224
189
272
248
166
154
282
168
150
362
129
231
277
232
144
212
278
373
140
129
372
184
416
200
147
139
150
149
134
270
235
337
229
795
204
221
241
883
788
848
879
852
857
1070
890
884
1088
1164
