88
47
62
69
108
78
79
58
69
77
50
50
71
88
95
59
92
68
71
86
55
66
69
50
43
55
84
114
74
58
72
51
46
65
48
80
63
48
60
40
38
122
58
55
73
70
47
59
58
44
48
50
57
55
49
76
69
44
47
47
58
59
40
48
45
38
71
44
46
59
40
74
87
43
45
47
49
48
41
45
42
71
53
36
58
54
42
45
53
51
51
74
56
75
57
66
57
70
49
42
63
90
49
59
47
43
57
45
69
70
45
35
84
62
51
48
48
59
52
66
93
84
88
100
76
86
94
57
43
78
50
62
79
81
82
60
82
78
107
51
76
72
51
52
63
63
62
73
92
65
80
74
64
60
97
90
59
56
60
56
122
67
48
52
69
52
133
63
61
99
75
70
62
54
49
75
63
75
56
62
97
48
58
62
72
85
48
56
56
71
60
68
58
67
59
95
45
46
82
98
90
69
78
86
77
84
52
69
57
92
58
101
53
61
66
108
76
101
59
63
54
52
84
59
64
78
72
86
51
85
61
58
37
59
95
54
57
67
80
82
47
48
56
35
55
35
41
98
92
45
36
41
44
47
94
46
57
38
74
82
49
59
43
93
51
58
53
61
79
52
38
41
83
40
103
57
57
41
65
108
41
65
78
39
40
49
46
70
47
46
74
87
49
42
59
53
67
74
55
80
50
60
60
70
93
65
80
93
91
63
97
87
90
79
76
100
75
67
65
67
155
89
89
89
88
91
73
74
90
72
88
94
87
105
74
67
76
72
77
67
76
107
68
65
130
66
107
99
100
95
67
99
67
65
93
81
98
65
60
79
