86
88
87
97
92
104
107
118
117
132
46
124
141
139
159
153
152
160
175
78
102
196
84
120
86
106
42
148
117
268
157
158
86
41
142
168
96
269
148
263
67
378
220
266
79
123
277
254
67
158
210
96
100
99
102
28
146
219
86
110
377
151
67
282
192
311
189
48
317
89
111
83
210
152
224
214
459
178
77
153
116
145
721
276
150
144
173
204
107
73
183
139
215
347
209
411
421
158
88
194
269
45
493
110
174
515
129
19
450
262
361
163
94
585
75
573
446
84
82
101
611
446
446
375
352
179
421
478
197
392
157
212
719
744
733
225
298
289
155
676
202
366
206
163
362
398
377
754
431
196
308
86
82
447
341
305
153
74
448
227
245
262
273
202
208
207
609
290
364
231
634
286
94
532
524
136
512
298
179
185
363
147
213
311
162
404
485
343
207
423
536
272
248
204
342
501
301
12
14
403
12
21
274
96
47
51
55
18
19
319
11
151
13
318
9
339
8
387
27
11
13
18
17
15
437
276
453
315
470
309
376
454
220
161
501
371
293
142
200
497
130
151
153
160
159
171
179
195
196
209
216
222
222
228
241
252
111
282
119
289
118
320
352
371
368
138
149
199
175
254
215
88
143
155
48
256
99
138
284
129
270
368
429
133
379
180
291
396
465
165
135
363
29
417
133
297
117
127
99
346
189
60
204
299
270
287
121
243
435
98
376
299
177
95
291
212
294
217
225
117
319
103
489
131
139
149
149
250
67
144
142
278
65
390
134
210
89
144
101
436
191
303
126
451
465
273
121
249
277
478
284
388
371
553
356
634
533
506
511
636
602
514
298
274
623
259
269
298
414
310
749
288
754
320
301
828
831
326
326
330
251
155
435
185
160
317
206
251
490
86
206
184
125
354
391
356
88
616
477
530
406
192
185
381
551
361
285
215
593
198
519
487
363
581
104
119
418
164
129
155
286
240
328
232
515
244
302
491
226
467
278
415
475
207
203
308
20
12
293
14
14
477
325
101
374
13
415
403
148
25
22
20
17
247
29
15
12
511
212
37
397
29
55
28
17
34
22
433
265
339
169
514
434
191
419
461
296
138
377
262
157
159
174
175
206
28
212
222
241
239
249
253
255
268
267
266
282
320
321
125
104
115
402
74
201
145
434
232
82
265
478
267
118
245
220
280
135
100
88
346
295
155
159
411
302
97
56
90
141
504
514
236
130
446
174
164
173
224
243
74
94
785
248
105
130
113
420
152
139
233
281
114
271
111
141
137
521
157
182
236
210
240
573
116
164
86
234
186
160
53
248
87
74
132
206
112
85
462
206
81
92
96
87
194
484
142
600
380
138
39
40
41
572
227
71
634
188
79
64
336
213
149
579
493
142
369
334
763
137
509
486
213
420
428
466
671
755
268
226
185
636
346
317
223
370
205
228
427
182
331
251
344
94
362
146
101
801
287
427
428
89
235
225
284
265
589
194
188
298
284
439
202
300
641
306
129
160
208
145
177
528
210
349
196
168
372
543
431
233
454
522
345
491
409
569
961
483
476
408
10
288
15
340
7
10
536
212
14
9
485
19
13
19
404
512
23
23
29
11
556
275
23
419
500
28
20
578
29
17
24
534
152
610
440
102
452
229
402
226
185
