186
179
182
197
183
130
137
178
212
412
255
60
1747
63
2598
3382
3390
121
4144
114
4393
111
4443
2781
116
5059
198
186
2797
2568
6958
7537
8505
72
2717
9279
9120
1863
9778
5395
48
42
182
40
62
36
56
68
45
5892
37
1295
2763
72
8617
11856
12959
13133
1070
7196
8937
2324
12818
4913
56
48
35
30
30
69
38
45
35
49
53
36
40
41
39
1236
7702
5605
81
55
38
42
53
40
4311
49
57
44
53
48
52
36
3779
10531
8594
18297
19912
20964
7893
14425
9607
8154
7820
23854
26162
13795
18108
10262
11082
22893
27734
31987
37309
27482
34464
52870
141
133
73
234
92
142
1780
1932
124
2706
3234
54
3021
54
3924
52
2703
71
4859
4862
2702
1159
5935
7745
7974
8396
8901
2728
57
5824
9478
1545
126
10297
60
54
47
39
29
30
30
32
34
10844
292
2786
7713
64
2231
12881
13355
11588
8644
101
8143
165
15115
35
141
41
1136
53
66
34
36
37
2229
66
49
32
51
42
30
38
29
55
4527
41
33
6770
9510
6711
4523
54
18990
7979
13781
41
56
42
67
74
67
79
19510
60
44
73
53
8333
34
47
10594
4810
21269
4702
7417
16326
9768
16587
10109
26266
28849
16048
29664
35129
37222
36146
45826
62684
150
166
216
221
91
102
474
1950
2894
3252
3520
48
4112
91
4288
50
269
3248
4901
5584
1957
7027
2954
94
2233
64
54
62
2691
8712
426
9295
9617
141
11176
5341
12749
108
13704
9007
3223
14134
98
8149
81
1024
6207
8110
12907
5091
1351
14941
4520
295
59
45
18541
61
43
35
46
42
42
43
19679
6946
60
42
43
43
19688
56
62
53
55
37
42
61
61
20617
67
2426
33
75
52
36
49
57
49
37
48
36
51
44
48
37
51
47
1234
22474
6188
2919
9241
8217
9164
9249
17439
9021
6394
8739
28119
11175
23016
10998
27855
36582
23907
35741
44480
50050
