243
257
261
267
275
285
302
309
310
318
316
336
318
354
358
371
353
380
398
431
424
435
232
240
243
254
245
250
262
265
286
315
318
227
299
290
321
249
383
270
360
247
383
262
273
246
275
261
246
265
251
254
232
219
261
287
569
270
215
290
302
254
575
220
252
217
327
233
259
281
253
233
288
268
229
242
226
240
292
272
243
278
271
252
244
314
314
303
245
297
309
235
270
221
282
199
212
308
212
223
272
265
232
213
242
271
233
211
331
225
250
303
256
248
317
220
253
212
251
326
274
280
286
265
290
289
295
314
301
305
346
352
363
365
377
396
368
419
402
443
464
510
227
250
232
233
263
266
254
300
231
283
228
321
261
235
274
312
332
298
299
226
229
388
274
258
247
233
231
341
233
235
232
256
287
285
253
214
257
201
304
271
311
245
241
272
346
275
296
249
322
230
415
289
278
313
405
348
211
236
226
260
356
225
264
242
249
208
337
254
244
265
235
242
232
274
302
263
235
237
246
233
281
245
213
204
193
219
264
230
224
229
199
234
370
243
231
285
263
323
302
321
323
304
337
348
338
365
359
384
388
363
396
397
396
466
498
234
565
247
245
594
633
288
307
260
298
338
285
334
685
684
298
346
343
362
308
496
302
227
337
326
247
270
367
273
305
303
255
341
341
281
341
413
376
317
480
281
273
311
498
231
246
243
259
239
278
260
236
248
336
258
238
253
278
286
270
293
281
295
235
298
330
341
266
352
254
280
279
234
280
305
240
252
386
270
375
250
239
267
252
320
376
236
249
263
269
244
219
268
236
240
245
379
216
306
279
259
327
314
