92
101
79
79
95
136
63
110
89
106
71
71
72
75
68
66
66
92
82
73
67
99
65
106
96
101
91
78
85
74
59
82
88
73
62
99
68
72
81
60
73
54
59
56
68
125
69
73
75
67
72
84
85
75
95
60
93
98
57
60
69
66
68
99
86
68
96
96
63
74
66
72
60
65
71
74
77
78
80
65
66
55
123
87
64
55
92
72
76
57
71
66
97
91
59
59
61
94
80
116
85
53
91
56
86
68
89
52
90
120
56
77
118
56
64
52
64
78
107
80
68
70
69
109
79
84
47
65
67
90
118
70
68
104
44
58
52
82
73
43
48
65
59
53
40
52
51
44
39
70
68
58
57
79
56
68
55
56
57
56
55
57
50
70
56
65
38
46
44
73
103
105
56
43
57
54
62
45
53
51
97
64
61
95
100
98
60
59
67
85
86
49
43
41
40
59
86
48
90
78
53
53
66
51
61
120
67
45
78
47
72
59
48
87
44
47
73
64
87
58
71
66
48
39
143
61
69
67
61
61
66
75
61
56
79
60
84
81
77
75
58
84
89
106
104
101
112
56
52
77
78
71
109
65
56
59
68
77
48
56
53
53
67
75
96
120
78
84
67
67
50
72
83
55
56
61
82
95
73
94
48
45
93
74
44
74
86
94
70
93
47
55
55
61
43
67
39
69
39
81
69
72
50
58
50
85
50
68
101
70
74
38
58
80
68
70
95
64
92
112
78
62
68
68
61
65
40
115
96
101
71
59
37
58
67
82
36
70
53
78
52
61
84
48
73
61
54
37
51
71
94
36
64
63
59
82
92
83
77
68
