101
108
106
107
133
146
146
148
173
154
156
172
171
233
245
98
144
234
104
142
132
99
177
82
183
373
79
387
169
419
228
294
63
113
299
294
501
239
111
98
80
179
514
264
343
63
184
98
354
93
387
273
501
172
72
665
299
240
209
224
123
110
22
139
167
271
124
101
354
268
381
72
51
107
71
257
77
87
185
82
190
229
73
66
88
49
118
245
207
593
114
161
289
117
221
293
188
369
514
114
162
340
305
147
553
215
480
338
520
80
404
346
58
52
51
430
268
239
79
573
375
71
445
71
236
172
121
346
473
630
643
483
491
680
193
275
237
738
285
712
339
200
366
231
891
344
261
169
416
442
236
311
292
412
148
426
424
249
477
159
576
170
375
195
258
183
117
275
311
207
460
81
169
140
183
309
408
293
146
246
220
315
150
440
596
393
455
349
290
494
176
245
475
286
192
242
370
398
159
14
17
278
14
546
14
314
20
325
88
22
25
378
32
27
24
19
38
22
26
12
41
14
420
9
397
60
366
146
403
186
273
169
416
407
310
419
266
420
536
494
133
152
157
157
205
196
201
213
212
232
237
251
240
255
64
295
109
340
175
335
344
244
384
427
263
147
216
87
163
145
219
88
119
140
285
273
53
96
540
287
256
83
334
138
361
56
101
610
69
143
163
173
19
112
235
346
176
130
152
228
117
149
169
131
609
76
92
188
291
80
74
155
231
233
265
469
145
349
163
394
546
132
42
279
162
191
222
257
252
133
392
372
303
382
89
241
303
191
35
37
138
452
106
214
329
201
260
268
125
18
74
403
13
37
112
71
306
89
664
102
533
123
529
256
292
502
187
184
144
504
575
616
538
528
281
437
454
195
208
297
560
191
304
301
303
233
785
227
238
191
405
67
200
384
125
168
423
166
281
461
285
239
281
142
383
317
230
217
576
340
455
189
229
100
338
148
529
383
129
349
458
240
222
245
220
150
382
239
679
291
479
350
387
543
253
314
369
187
291
361
352
12
21
22
328
14
309
32
37
348
60
68
66
34
120
377
34
14
53
25
26
30
643
36
385
41
41
391
334
190
175
401
260
426
290
138
204
287
406
672
150
147
147
155
167
183
195
196
208
209
212
88
256
260
270
115
117
313
327
322
125
352
357
182
396
425
439
223
239
198
290
128
221
81
270
287
217
71
421
76
119
349
131
281
365
484
215
202
467
34
328
110
359
275
252
111
133
174
249
118
431
179
186
265
219
266
436
307
213
158
221
65
216
245
238
389
202
307
96
178
71
318
40
44
189
156
149
255
75
169
147
339
293
94
238
66
211
134
176
397
316
60
153
104
50
261
393
20
285
124
32
83
70
51
77
382
116
589
424
322
547
305
549
397
163
177
574
154
540
499
541
550
702
724
136
208
300
217
296
745
198
772
210
181
374
392
170
428
332
422
81
376
227
163
338
470
447
272
172
179
120
315
340
307
441
274
239
214
93
280
181
169
165
428
358
351
532
242
413
149
251
187
158
407
685
490
316
267
434
460
173
304
326
355
32
136
11
83
13
288
339
17
11
9
7
387
368
394
38
26
10
400
354
11
13
10
18
629
23
21
18
28
20
372
361
409
260
277
112
163
142
244
252
395
225
432
333
496
565
633
