113
105
119
173
33
99
1972
53
2093
52
117
48
2737
3140
3185
1271
299
3911
4344
2605
2328
57
6262
81
65
7304
2545
63
44
7227
3480
80
7707
8155
489
8826
2374
9906
10026
10105
10701
44
53
97
1686
4325
8464
13264
7299
11346
41
49
36
38
41
82
47
32
34
11477
14706
8974
8902
6529
7585
7611
17500
40
77
36
38
10197
59
41
56
70
48
48
50
52
46
70
55
75
1151
70
53
49
53
60
83
35
34
31
34
48
41
46
7264
17243
5448
11401
9706
23267
10249
12464
9119
6348
20103
15281
19743
14866
14723
17544
26802
40569
30981
32128
37144
64106
176
181
183
193
218
68
48
136
47
86
50
95
48
105
58
260
2032
2192
75
3107
3701
3488
2049
28
5943
61
54
3156
6961
100
8218
8210
8298
8720
50
6519
8831
9218
564
2363
9477
40
9644
5833
287
1132
2570
89
2286
13325
2564
1687
73
71
72
4306
14641
6581
15956
16492
6885
33
10688
1141
74
61
66
53
59
48
40
51
50
46
66
47
47
43
63
10627
48
18939
43
48
56
50
65
43
44
43
38
38
36
9954
17946
6490
18863
8003
12961
10167
8531
63
140
7152
10309
6857
1924
5785
7463
21496
13876
10782
25787
24203
25719
36713
31522
32066
42293
65729
131
163
141
213
222
72
99
124
81
78
164
94
2292
2381
2600
2664
2663
2794
3314
2558
2919
5736
1088
6976
8232
8266
2691
7864
69
80
244
385
9703
9853
10182
87
2005
53
72
10652
2543
8559
55
7913
5835
9690
10158
78
13607
13734
1652
6258
32
4449
37
40
46
61
47
44
41
52
6312
15239
6622
4954
11056
39
1062
18623
38
37
39
54
29
31
61
45
41
42
73
30
8623
36
47
38
41
34
8233
34
44
68
52
70
29
84
42
35
70
40
8789
5680
13951
20522
7803
11808
22403
9299
22678
8542
18258
14320
17270
24535
25228
30473
33003
37510
38207
61072
