648
728
774
786
781
801
880
156
987
130
333
95
1101
484
1168
1165
418
1179
263
509
366
277
359
254
342
478
311
206
262
1659
515
131
540
195
169
150
940
715
481
1905
1895
152
388
724
123
162
217
126
129
397
115
305
144
462
118
230
162
497
325
177
248
306
97
158
187
455
112
86
93
205
180
100
237
321
186
99
178
46
111
2560
195
232
174
64
89
336
71
379
857
92
27
99
131
214
967
141
191
212
121
558
782
1164
266
1235
397
299
613
303
608
348
808
1454
641
726
475
642
121
272
153
433
174
17
381
27
899
187
148
15
141
132
146
140
281
352
310
535
295
361
516
673
629
812
709
554
877
349
852
484
229
302
361
436
299
162
30
56
623
109
259
227
138
325
25
293
405
374
427
402
584
590
222
652
636
378
285
722
313
507
285
149
254
182
31
144
96
546
75
271
112
231
206
359
278
275
448
428
502
463
176
728
540
606
558
556
498
319
473
21
798
13
19
20
514
26
18
503
15
13
12
85
101
183
67
10
14
11
20
9
128
145
287
170
13
14
10
11
12
184
83
77
685
644
100
806
838
81
983
129
133
1103
1170
331
336
136
356
378
430
646
564
527
284
1909
1952
1960
238
121
160
2027
866
2096
402
101
362
143
147
87
2229
102
130
167
174
292
318
402
221
115
196
233
332
90
663
143
264
124
197
291
263
256
344
139
72
133
316
942
199
330
201
182
139
222
281
188
171
147
121
111
185
1140
350
181
238
171
121
128
162
193
269
236
285
148
317
134
269
545
205
335
143
188
498
26
62
366
77
262
141
81
257
109
51
93
207
643
1237
446
214
499
453
389
595
1204
219
470
685
404
480
484
702
556
334
181
18
227
23
111
31
174
458
266
753
391
258
578
552
504
500
780
781
653
768
842
464
297
633
344
398
319
571
118
363
16
57
291
184
395
241
671
437
223
18
404
611
713
292
783
1052
684
314
317
310
1012
383
288
549
374
649
180
147
206
171
29
190
84
528
244
548
586
754
483
418
780
929
727
461
1222
187
513
879
546
582
374
695
488
791
100
13
20
11
16
702
262
13
22
22
20
18
99
19
74
15
13
18
114
681
23
16
18
115
27
29
58
666
666
702
735
784
918
835
1038
942
274
1037
1034
1065
1158
275
1251
1158
526
1218
162
1265
173
729
551
758
376
164
152
254
270
1520
662
1467
719
171
330
141
273
168
237
337
599
217
190
600
362
866
1814
363
687
87
180
348
319
802
360
336
144
932
142
479
251
284
422
324
456
106
270
371
139
103
243
545
626
87
86
153
84
111
186
361
65
341
117
478
391
132
626
365
38
253
352
193
520
296
334
332
195
227
96
234
671
284
282
311
560
663
347
378
319
1120
262
711
325
56
815
19
703
513
41
928
385
862
1031
714
216
852
397
372
902
298
784
395
249
1152
814
1147
1153
1503
564
545
506
554
314
1909
431
74
808
127
266
357
1605
1869
612
852
875
444
67
811
243
1146
902
267
1107
928
1175
768
518
468
842
448
1146
1196
282
417
27
117
579
169
514
290
146
492
316
366
463
175
612
811
507
1705
746
841
808
484
698
449
996
419
28
827
1022
959
55
27
53
26
30
583
34
24
20
17
29
22
678
598
63
56
64
70
494
80
73
441
48
736
720
298
763
842
736
806
689
810
801
993
812
1022
1135
