283
284
321
370
1892
2211
3060
200
245
279
370
382
394
428
343
500
2680
4366
11046
7283
12570
17023
11119
8539
5418
9005
13398
152
210
256
98
107
85
117
79
68
116
366
14940
19176
15283
1875
17319
3553
19083
10930
5976
2453
10657
22390
8010
11810
11989
5940
54
47
45
52
51
45
52
49
50
76
1798
50
2258
27187
12823
27225
3222
30893
6807
27748
32430
12049
3423
12530
9176
5351
34872
10500
10989
4265
102
6135
11577
7424
95
111
96
81
105
92
69
76
114
85
68
82
1323
2563
5005
41790
10131
9965
19359
45175
49933
14725
15199
15844
19302
29009
33249
26810
38644
30067
38889
41257
311
317
383
114
1690
1898
3053
3261
3399
8284
2294
9676
11399
9904
111
183
200
12278
482
519
483
501
609
528
3332
3948
4970
7277
12858
3863
13922
10356
134
194
146
212
68
121
80
77
68
50
13136
481
10467
15152
8470
4723
19629
12273
18485
11266
4393
19131
3966
8220
22989
12035
62
97
54
87
98
91
69
94
123
91
102
7589
2234
2848
2973
10782
11097
6584
14939
4920
26443
5947
9676
4687
28232
29346
29894
11654
34059
100
122
145
96
105
118
119
178
131
54
94
68
83
1193
17848
5075
36603
10122
10207
40317
13627
45255
16705
19186
18142
51224
32891
28815
36876
38275
30602
43184
52161
358
2987
96
3234
3473
1478
107
5086
5157
8578
160
193
293
10828
10499
113
178
11979
2396
12505
8027
13005
14450
14615
2593
4149
15366
15393
3566
16237
16935
6216
17488
142
5790
6376
15446
3055
6566
23003
89
8403
6511
7945
11791
5743
7830
17562
26728
6410
72
87
74
89
961
73
69
66
78
63
2958
12403
4211
13757
66
58
65
90
65
73
86
55
27176
77
14345
106
69
54
139
106
82
12908
97
77
67
53
7963
111
78
72
64
81
55
61
57
68
94
5394
10097
12295
36627
37190
14506
17013
16899
19734
34155
22407
19926
32511
19063
53434
39706
31947
23357
28564
32885
34226
41362
43395
