342
390
435
366
511
549
515
541
648
283
543
680
608
616
656
278
685
772
756
315
824
849
874
312
486
255
271
976
285
428
984
423
316
326
258
317
415
169
285
337
459
251
253
186
356
321
441
366
213
299
256
256
166
266
265
237
203
332
382
176
374
616
234
214
244
353
237
328
262
287
267
201
282
242
328
271
582
270
173
276
217
178
255
292
272
173
261
349
282
316
270
267
241
233
271
259
149
295
219
230
219
185
243
325
367
194
249
303
266
328
242
253
248
243
224
260
345
424
292
373
362
442
461
506
533
541
563
523
525
645
564
670
639
694
288
710
319
392
300
744
282
270
276
750
191
850
801
859
340
884
886
343
280
286
294
223
356
200
305
229
236
228
307
250
277
303
153
201
384
264
338
192
349
354
192
226
230
275
209
211
195
326
351
174
232
251
378
274
151
220
151
269
365
195
280
271
178
324
344
248
197
290
240
167
273
160
396
177
302
296
183
419
193
247
234
202
141
130
200
411
211
148
301
236
324
309
260
193
257
151
302
142
300
264
223
294
324
228
378
336
425
447
453
500
498
582
583
607
648
699
717
710
735
336
787
283
328
355
815
839
865
887
887
388
958
399
422
155
201
1036
1037
235
264
425
248
341
460
344
347
519
419
345
207
205
360
175
385
659
645
260
332
158
391
163
155
216
195
417
347
532
235
223
445
484
464
229
159
160
154
243
165
197
173
326
217
202
248
207
397
286
195
176
173
173
348
166
305
213
209
326
249
597
571
166
221
588
223
860
1078
348
312
150
249
358
368
1106
248
232
279
253
289
277
506
306
533
339
387
610
657
533
