84
116
92
136
67
148
48
66
137
55
125
73
86
159
70
72
85
113
65
73
74
92
48
53
59
67
84
73
45
76
46
104
88
47
55
46
52
68
74
86
87
78
52
72
38
75
68
41
133
76
56
92
50
67
74
63
66
36
60
83
66
53
57
39
73
84
66
77
86
90
65
73
38
45
44
66
47
77
102
88
82
54
61
70
49
52
78
77
74
84
35
89
64
73
59
104
39
66
61
56
58
56
38
49
121
81
133
46
72
78
38
74
86
62
64
52
88
89
107
99
73
67
75
128
132
55
74
72
126
101
132
72
83
63
81
51
76
75
87
86
52
49
61
92
113
113
137
71
62
51
82
99
90
55
67
77
90
57
99
73
122
128
120
72
90
52
39
50
59
82
63
35
85
87
78
59
68
64
55
44
40
41
47
65
59
86
49
62
65
83
73
70
47
103
39
79
61
70
68
55
55
85
81
38
59
67
53
100
84
54
59
58
52
82
65
53
53
106
100
65
63
59
53
71
72
44
102
60
57
40
87
49
71
89
51
94
77
70
115
85
93
65
108
121
92
105
106
83
78
171
49
45
68
82
65
51
68
80
55
103
71
76
56
82
73
47
52
90
111
66
51
63
106
83
121
65
95
62
52
73
97
116
145
56
69
84
96
77
61
52
111
91
97
63
47
60
109
127
55
54
96
112
48
77
58
111
91
121
69
83
79
65
74
81
90
129
114
63
137
86
63
54
107
93
63
54
82
42
78
147
69
81
79
44
137
50
104
98
93
59
130
92
64
123
82
40
52
81
127
131
101
72
109
54
75
72
65
87
60
86
