125
160
164
153
203
204
149
155
197
219
203
220
246
223
124
269
279
273
307
112
340
309
215
358
214
178
225
71
128
160
209
117
301
205
362
104
284
367
589
278
362
448
92
170
158
124
23
400
265
349
84
281
506
143
142
198
380
192
172
455
361
233
162
102
678
139
115
323
49
260
141
121
232
245
178
234
508
734
225
277
132
187
80
269
77
129
158
144
176
134
184
197
147
133
262
381
275
271
316
377
565
582
484
593
683
499
551
16
42
87
625
590
679
102
623
458
638
139
92
262
518
636
577
154
184
428
145
909
219
1040
1033
784
881
1145
353
295
370
484
266
350
1227
1026
325
554
503
116
342
107
314
633
1399
729
443
444
114
647
220
677
181
359
493
258
620
343
354
845
678
681
408
314
344
346
603
498
598
152
471
421
275
367
267
489
621
566
310
249
310
224
240
384
521
488
405
510
446
408
324
16
310
783
20
15
341
330
14
15
27
17
414
23
38
12
564
18
27
21
17
16
404
20
20
29
22
351
329
128
191
533
264
559
333
232
565
378
556
648
459
506
643
677
87
109
135
141
186
184
221
136
232
202
212
211
250
170
277
283
308
341
110
344
218
371
382
410
205
175
234
138
220
314
158
249
115
279
96
318
268
79
219
141
96
404
637
71
215
306
667
189
396
318
128
129
240
173
178
196
115
171
265
152
176
276
128
357
456
229
110
482
129
171
64
151
278
80
246
190
102
60
293
56
85
239
193
687
108
376
133
135
208
249
701
119
231
211
267
187
293
282
114
558
286
315
414
343
418
430
317
469
600
526
425
22
47
127
102
341
118
484
253
551
95
748
271
721
527
878
770
705
715
271
981
411
375
256
1057
416
942
879
944
410
511
263
270
546
230
114
509
127
469
1307
100
759
204
389
605
395
238
1458
542
743
335
479
211
347
671
391
373
313
262
291
888
347
595
477
746
123
439
200
354
478
262
218
306
373
274
170
288
354
387
520
658
981
204
344
812
291
350
507
19
741
472
20
31
35
25
183
9
53
53
35
30
406
23
27
910
25
19
21
583
20
523
30
28
22
598
298
240
114
362
460
338
651
623
449
665
565
627
783
713
831
129
169
155
145
185
210
214
179
221
209
215
97
207
308
135
142
147
128
395
383
385
422
187
63
205
240
440
113
228
455
417
472
141
346
331
183
132
202
203
19
627
162
451
350
445
186
406
337
170
266
320
77
318
121
421
175
295
264
101
176
169
181
240
206
163
114
213
56
91
210
536
304
215
199
334
143
134
623
143
215
161
315
235
111
681
259
352
178
89
169
170
329
113
53
208
273
302
179
154
560
87
322
311
133
196
324
259
489
117
93
571
338
389
595
98
479
182
142
744
481
369
295
825
111
388
506
194
669
140
714
807
816
192
874
715
980
291
803
679
773
288
244
423
295
358
496
252
490
568
481
313
128
577
149
504
582
161
430
414
1194
223
459
541
297
281
162
261
336
774
610
255
388
646
343
223
298
185
939
448
189
318
526
444
231
316
292
529
524
300
225
693
252
716
550
559
210
450
501
330
16
444
308
22
14
19
22
18
19
21
16
18
511
17
16
483
23
35
23
28
498
905
71
56
58
516
288
300
295
447
159
482
471
430
493
574
606
619
628
776
803
