186
172
221
1478
2698
72
3384
4045
110
4498
4585
173
4703
5185
6385
2024
7440
117
3292
8404
8703
9434
75
9692
8559
10357
69
264
10714
10877
111
6326
3671
2689
50
68
81
13743
10700
1839
6153
297
8694
16681
3398
135
90
76
76
86
58
45
63
62
54
9600
3857
11381
44
941
37
56
39
29
35
65
42
49
36
8746
33
34
85
60
52
46
9937
3032
65
94
64
81
105
14249
78
77
81
110
50
74
55
62
70
21508
4424
17066
11544
19476
84
2533
16501
61
9983
10788
11268
24517
9838
7335
8849
33998
23400
26959
10816
38871
27107
25792
29678
29908
37545
71377
199
136
355
137
1849
3647
496
4854
97
4973
77
84
5811
1281
5908
250
124
94
6600
6983
5975
68
9490
2924
9552
9716
9791
56
3431
73
75
10127
80
107
127
60
67
65
11366
4363
62
2031
400
11443
7466
3080
163
7625
7702
13896
109
8183
14512
14720
2595
1120
3878
3520
10609
50
65
103
3505
10895
11714
9313
69
7901
10381
22179
8239
79
69
69
67
65
58
105
1167
72
1949
80
65
62
43
61
64
79
77
66
45
7397
58
45
64
59
65
58
49
62
33
60
27665
13482
8227
21280
21444
10493
10787
33100
16706
16004
25798
29966
41579
31616
35124
37853
43604
70220
219
294
327
375
217
218
98
140
2304
2339
3605
5129
5293
5493
158
5820
3323
7358
141
8363
2771
63
6309
8799
224
238
8649
4261
1396
285
10221
1336
77
10521
105
102
10844
92
11337
1454
12250
71
7673
3934
53
62
3997
94
65
12562
54
42
104
43
6650
14449
9486
2456
8154
3206
15314
2408
18047
7611
10712
10599
101
63
88
110
81
68
65
57
51
11482
65
59
85
60
61
51
73
68
57
55
36
54
102
11312
52
37
73
53
88
54
34
69
9476
4013
13154
9293
8989
29003
8155
29730
16009
20033
15895
18422
16098
10438
40778
30437
29879
29677
37513
35153
39570
58756
