314
327
331
331
403
397
410
417
425
431
459
483
469
507
506
531
574
547
546
520
575
291
303
631
282
305
328
341
278
285
247
271
237
371
259
272
393
445
279
276
194
389
323
177
165
242
683
684
391
235
236
287
274
288
503
256
251
337
261
252
276
280
219
311
237
317
175
198
313
245
254
458
225
245
272
269
235
263
173
248
195
262
251
201
252
281
179
202
264
209
264
301
225
260
190
243
287
295
181
305
318
250
243
222
293
235
275
168
229
149
174
286
297
197
303
243
344
227
271
298
320
344
368
376
408
412
419
459
459
464
477
492
490
500
504
513
516
530
554
270
635
271
307
681
353
330
283
308
375
804
314
343
343
401
258
343
228
360
339
413
391
199
230
491
230
152
187
341
182
573
150
387
311
266
221
237
319
473
173
232
166
296
285
181
392
202
172
187
206
180
288
243
242
348
204
207
237
312
156
150
243
211
195
222
200
200
286
260
188
233
191
285
157
151
242
249
197
217
387
313
190
299
389
248
218
211
202
180
161
231
214
157
257
167
206
183
192
175
270
322
355
370
374
372
396
397
428
450
436
455
448
505
496
518
501
553
515
570
661
687
692
350
315
322
320
746
299
321
317
237
404
459
308
354
497
355
409
198
162
189
407
346
300
202
452
220
259
155
217
303
229
269
366
421
362
460
227
170
188
439
355
214
399
299
286
191
385
442
437
328
480
263
162
315
567
587
174
214
358
294
150
339
196
323
317
377
341
408
326
278
504
271
278
218
307
193
178
184
219
205
192
344
217
369
302
342
163
317
392
279
257
202
181
408
236
362
179
238
314
602
