86
61
91
61
57
75
72
132
45
114
47
67
113
59
40
64
55
72
74
75
51
89
83
85
90
43
100
83
94
74
44
39
68
88
154
80
67
100
38
72
76
95
54
66
38
75
41
72
88
84
41
59
86
39
54
74
37
70
55
56
78
58
86
87
45
50
58
94
39
63
59
67
45
104
79
62
72
55
57
45
58
109
61
66
58
61
43
76
81
72
81
94
53
51
81
84
54
83
50
82
49
43
43
82
58
41
59
72
71
91
54
64
53
47
55
55
76
74
54
67
69
59
124
148
49
102
137
170
58
45
61
75
69
50
56
50
90
65
49
42
104
49
68
61
115
59
149
79
48
50
77
49
87
37
99
48
72
39
45
63
71
73
55
55
45
66
70
46
54
40
52
63
50
72
43
61
53
51
47
58
62
49
39
80
53
96
58
50
75
44
59
60
42
43
58
87
49
36
43
93
80
77
38
98
49
70
52
65
55
74
40
70
57
44
83
48
68
54
59
49
69
58
45
47
45
73
48
102
84
63
49
71
41
41
67
39
37
58
41
71
69
38
87
113
73
58
65
101
118
128
177
183
72
50
36
61
51
54
57
147
59
112
67
60
61
66
36
51
52
74
61
59
162
71
72
49
42
70
131
126
45
69
137
45
87
52
78
59
84
117
79
130
72
82
60
182
43
64
39
40
168
66
41
56
53
51
47
112
70
150
88
63
93
84
46
87
91
54
62
72
46
48
131
87
91
81
122
168
130
49
81
104
72
105
67
43
114
69
72
75
127
80
71
80
94
45
124
162
115
90
66
108
85
95
63
46
61
141
55
57
