2589
2656
572
3588
880
4056
1845
374
772
284
401
535
261
446
400
214
402
277
299
269
252
160
639
476
1710
311
1937
618
808
1864
1860
230
236
2306
346
2127
281
232
570
411
203
578
529
2630
230
455
451
249
800
366
2935
187
670
276
458
538
456
305
277
262
184
177
499
272
330
349
710
263
278
397
408
358
216
232
549
309
393
192
300
317
329
237
318
422
353
304
247
165
204
194
266
435
172
229
215
334
200
208
198
258
252
573
349
301
236
328
234
668
329
675
407
337
251
217
197
317
301
342
323
523
2721
2819
697
649
2698
2751
516
533
283
416
267
372
194
451
301
271
322
262
375
397
269
370
357
338
263
212
262
411
238
414
256
184
2227
2242
324
184
413
248
204
173
406
490
176
409
542
370
224
1939
1938
1771
239
206
1952
483
320
525
198
2136
2132
665
506
403
590
250
528
243
370
223
466
334
255
366
242
183
508
397
402
357
183
240
918
365
356
268
341
366
194
320
224
973
404
431
172
328
366
361
394
373
235
381
290
222
288
252
222
259
219
272
483
415
203
332
492
494
378
240
253
282
272
381
2370
2387
440
520
319
2093
2242
806
491
847
334
396
817
227
390
473
677
255
216
477
2172
178
396
2466
249
334
1261
401
320
223
369
649
399
206
327
335
339
387
385
325
272
210
297
322
273
209
175
390
345
292
1837
185
212
1866
1854
2041
175
459
395
241
356
317
230
199
337
409
422
605
176
2145
220
2132
534
407
395
625
177
178
307
265
284
311
376
198
393
231
219
510
235
674
393
223
205
321
368
758
215
224
188
197
684
470
323
214
187
441
331
206
225
453
403
193
172
367
476
214
278
266
441
302
