142
148
84
75
171
97
128
41
60
86
80
117
70
122
116
89
67
107
49
157
122
75
56
56
53
173
71
74
106
87
53
106
91
89
110
71
111
67
101
54
89
74
138
82
96
45
71
78
77
95
66
61
85
80
104
83
69
46
54
97
95
50
70
76
108
63
76
80
85
68
76
105
68
45
92
90
98
88
82
56
78
101
76
89
85
70
77
76
63
58
44
51
63
67
89
54
61
67
89
67
59
80
69
73
86
71
73
81
89
53
42
64
96
57
91
77
37
65
49
53
126
182
51
91
161
50
51
83
117
122
274
64
102
118
36
74
67
51
86
82
89
107
111
121
48
68
321
62
330
77
101
63
51
86
64
86
80
66
88
40
90
95
88
57
59
73
61
100
104
89
66
62
77
67
118
60
98
69
60
89
69
111
59
95
65
63
56
79
51
48
92
86
78
62
73
87
62
90
51
66
54
79
58
68
99
100
78
82
57
83
86
92
59
99
73
99
55
78
56
80
84
51
86
83
79
52
51
70
58
84
82
75
64
61
66
45
62
44
82
57
102
154
169
47
66
167
93
77
106
138
139
146
77
84
61
107
74
59
65
48
70
95
91
76
56
109
157
59
95
98
106
65
70
117
71
120
127
100
94
101
65
72
75
67
70
67
102
126
130
51
96
48
96
97
71
70
82
78
68
73
101
98
93
75
99
86
84
49
55
124
48
83
62
56
78
51
74
64
60
104
69
83
73
76
69
89
92
91
57
76
69
83
93
79
83
62
70
67
91
77
72
82
54
57
110
78
99
53
92
72
76
112
53
48
78
96
48
72
161
126
