50
140
151
138
180
218
236
234
93
244
50
154
50
136
284
88
53
229
267
160
196
515
541
215
103
376
645
240
173
231
75
197
284
444
148
194
487
63
482
141
196
181
93
384
96
185
154
100
154
56
287
85
158
76
88
171
106
50
144
140
150
81
182
62
456
56
76
53
68
151
573
198
254
88
96
638
86
38
901
46
74
42
273
160
148
191
40
42
159
156
42
66
82
108
190
103
88
141
174
209
478
203
86
424
162
299
84
278
54
230
106
498
163
82
318
528
267
297
611
299
669
526
170
80
191
322
675
443
456
116
509
250
483
237
692
448
304
512
155
418
496
112
220
348
255
568
590
132
588
338
38
335
79
12
431
60
694
838
29
402
27
19
29
31
19
24
19
18
176
14
18
26
33
18
16
514
43
10
282
385
147
584
342
97
38
620
451
84
87
201
9
36
189
63
116
188
266
201
374
573
512
184
432
311
832
292
136
278
450
473
377
738
368
161
349
307
293
461
780
435
176
185
785
220
233
313
256
391
208
331
587
304
703
329
201
285
29
44
48
32
126
164
212
83
248
121
255
269
285
321
331
94
144
128
149
250
321
377
205
399
330
142
319
81
94
232
569
102
942
385
100
468
90
544
122
180
526
179
1154
150
257
399
318
323
323
386
441
443
73
449
96
59
158
660
1644
162
40
76
61
92
162
91
247
140
135
1120
648
163
127
112
122
115
182
159
300
74
37
306
165
164
57
99
70
60
164
57
406
7
90
55
201
75
234
147
297
171
222
193
94
523
525
174
64
433
320
366
39
62
246
38
327
43
427
333
362
94
38
229
36
560
229
473
576
518
179
743
209
602
225
148
577
330
90
115
580
253
245
763
79
469
8
81
60
486
200
510
127
268
284
342
410
221
202
756
529
493
236
353
147
389
223
389
323
546
420
162
385
443
120
667
106
262
758
125
266
244
204
764
370
234
229
366
314
361
429
276
228
450
357
202
109
483
423
274
50
217
135
55
152
51
381
161
539
264
255
294
272
363
305
370
8
11
301
33
35
419
10
14
15
9
18
16
10
10
23
13
27
11
484
24
16
17
512
422
491
331
545
525
521
553
75
83
116
152
156
170
187
76
214
237
257
171
103
55
72
342
140
189
67
387
137
82
352
241
103
109
138
102
263
65
171
237
342
81
219
226
203
302
509
592
87
120
172
98
35
236
150
113
73
520
277
161
619
126
218
367
314
220
174
215
378
115
57
168
198
221
80
250
212
73
162
51
49
57
96
35
83
73
193
169
195
77
324
48
42
37
524
267
156
135
68
59
162
151
190
162
169
101
63
150
139
34
79
134
618
134
75
74
206
84
300
169
124
98
124
314
191
273
198
128
618
174
502
531
521
520
232
310
615
98
666
142
563
123
235
258
887
228
530
294
1026
288
232
451
1094
365
128
613
693
414
165
266
274
325
272
609
509
218
918
441
149
204
421
379
456
612
13
8
246
8
7
10
8
16
13
342
505
54
45
31
41
10
28
13
7
21
11
227
15
17
308
447
185
467
529
502
286
529
157
402
672
479
123
333
155
159
236
443
296
110
102
143
397
363
424
157
703
785
144
345
149
158
187
125
311
273
328
418
610
437
358
257
424
334
470
347
320
735
26
298
