131
125
83
1799
2699
42
37
2689
62
4876
5036
1867
28
8529
2877
8191
10151
74
7251
10435
11001
1175
150
1694
12261
12361
1943
241
8221
31
36
47
40
35
38
38
1376
41
2631
48
76
6144
5437
8675
56
18338
11036
10386
24109
3076
4707
12684
9066
5077
3790
6902
11874
10471
24129
21765
72
147
73
40
59
55
42
138
43
35
49
5188
7017
2803
8815
115
16159
86
31
106
55
56
37
48
33
28067
848
1616
16198
8116
1564
2680
42003
8055
5718
9321
54
57
48
51
45
54
35
44
58
54
51
48
51
17589
8948
6643
33187
50198
14447
37988
25191
31605
48975
62037
1695
4012
80
32
32
36
34
41
46
34
37
39
55
5281
8275
8502
49
8702
9367
9446
7796
9628
11230
11282
1831
3912
2394
154
96
108
11559
45
1179
58
6922
6543
1122
41
39
36
35
49
29
42
30
16381
9702
2655
40
17130
28497
77
10663
1000
2344
10502
265
2320
12329
263
40
44
42
53
41
50
52
3717
8210
65
57
2024
5475
5378
2429
61
9142
31381
6196
24723
2390
60
34114
7559
1649
10621
36932
2284
68
8475
41168
6951
18716
6191
31
33
33
31
31
32
36
41
43
44
39
61
32
8244
10294
46573
6667
3334
8342
14621
14607
18249
27487
40901
40293
73589
120
1725
2009
2313
4504
4907
2236
6131
8507
51
44
64
106
8814
65
74
7694
36
9702
47
69
9871
1253
11316
3051
3136
12122
5217
74
3078
94
831
2920
42
212
9035
47
39
32
40
34
32
25
37
6919
8243
135
8204
9656
8030
11312
43
1871
23214
5191
6748
5547
29214
89
10861
20478
12937
25718
23127
15487
6632
10030
6356
7893
10492
34
49
56
47
29
29
39
34
5356
33
36755
2954
17371
11133
266
32
32
43
42
52
32
2145
15344
10038
16611
3879
51
63
39
36
1772
40
30
43
38
45
33
39
34
36
7978
2829
5502
7751
35523
48386
29568
34944
35327
67005
