246
260
274
280
290
301
330
343
354
369
383
440
228
208
239
239
251
251
242
231
316
271
284
257
201
228
173
242
142
240
188
179
218
128
131
188
167
145
156
236
136
205
132
136
215
159
129
205
142
132
179
200
197
141
137
136
202
144
238
173
246
237
132
160
128
155
241
132
135
143
194
219
137
144
194
154
152
196
196
197
281
191
206
144
151
136
128
208
133
131
234
137
157
155
162
141
144
140
148
280
196
140
118
128
150
121
201
119
148
131
136
135
452
138
134
197
129
147
231
362
244
263
280
299
315
317
372
380
414
416
430
280
243
293
604
354
294
286
292
373
221
258
475
262
493
407
277
234
253
213
250
221
212
243
245
227
473
155
423
223
200
234
220
225
213
238
256
112
226
350
206
357
200
349
322
212
240
261
189
191
218
202
286
210
216
197
269
231
222
212
209
210
202
220
204
216
227
228
227
248
207
249
188
222
191
189
210
256
208
224
208
212
199
186
250
206
197
190
200
221
223
215
223
199
297
206
164
234
205
198
246
205
197
212
195
294
177
208
187
238
248
253
255
238
268
285
347
382
397
397
484
244
253
527
238
239
316
407
187
177
304
414
498
503
276
133
171
134
334
130
213
193
243
234
124
131
218
163
221
145
199
120
279
220
134
180
305
164
126
281
228
128
119
239
257
146
215
118
229
134
168
156
266
295
214
142
245
232
212
270
130
147
262
136
216
136
209
264
261
161
271
131
262
124
144
246
121
144
344
366
139
214
135
272
238
123
146
223
144
121
381
226
146
128
144
279
203
225
263
240
233
197
255
234
283
261
228
238
244
275
