54
77
45
43
41
49
40
41
51
59
49
42
64
62
60
38
40
93
37
37
50
53
51
50
51
36
42
59
61
69
64
48
62
61
41
35
32
40
57
35
44
59
50
31
58
36
33
37
36
58
54
42
33
43
48
42
29
38
58
37
56
36
42
52
54
54
37
57
45
35
50
41
39
30
37
58
37
50
87
64
37
57
46
37
49
39
69
34
57
31
35
54
44
42
40
44
39
38
63
35
67
42
36
67
37
38
46
52
50
47
38
36
44
43
35
31
43
42
49
97
72
80
66
53
69
72
90
61
58
51
57
134
54
46
62
92
64
59
59
54
63
59
58
58
45
46
54
46
62
51
61
51
67
49
60
57
47
75
82
56
55
53
48
62
44
58
107
105
44
69
46
49
76
62
46
80
41
74
67
52
76
85
89
58
45
41
57
61
61
76
82
48
45
58
39
55
44
90
59
63
59
43
43
47
55
56
57
70
76
55
42
86
56
60
65
53
53
63
52
43
92
48
78
51
64
67
73
42
54
127
116
58
46
43
70
103
59
64
56
59
70
90
74
93
102
105
79
104
75
61
63
60
53
60
86
106
76
59
85
72
51
73
69
66
75
63
75
72
66
72
96
63
61
60
74
54
64
57
84
52
74
48
109
63
59
53
65
58
53
65
51
86
52
62
140
59
56
55
90
117
65
62
61
53
65
49
64
56
48
55
62
60
52
77
48
50
73
81
50
81
71
48
90
85
52
78
52
74
70
60
50
51
50
63
52
47
65
54
49
63
57
94
82
52
50
52
57
48
52
63
52
55
49
45
62
66
61
64
66
87
