83
107
162
164
178
161
192
87
81
276
315
182
197
193
445
430
76
179
270
110
150
470
447
306
255
742
315
327
171
74
726
107
504
142
119
617
160
173
82
335
168
210
162
94
212
677
132
206
81
175
218
191
77
96
63
222
164
133
88
69
99
98
102
612
266
73
106
140
144
66
501
33
120
104
137
67
533
111
139
501
321
119
183
191
162
113
92
152
57
89
97
128
276
370
83
437
67
74
281
186
39
51
189
32
74
64
626
135
69
111
95
67
210
174
384
457
173
449
212
696
265
379
606
150
204
158
96
258
356
465
212
481
265
389
243
318
440
240
36
166
123
306
340
153
467
341
344
137
133
271
231
117
253
313
239
184
363
426
232
216
273
318
436
256
520
367
118
230
439
380
129
139
105
272
320
89
311
151
84
224
165
290
280
348
234
260
206
138
76
400
165
310
313
100
8
102
11
10
207
24
53
6
7
6
5
5
112
43
71
325
8
8
5
5
5
48
172
10
6
36
47
35
10
32
444
80
85
384
237
238
171
290
497
282
48
222
159
46
148
55
114
148
188
203
214
244
117
260
256
76
300
84
161
69
36
58
114
48
101
444
175
143
484
224
276
103
143
60
135
363
235
121
234
180
268
117
755
73
80
144
358
308
511
120
94
120
72
74
84
489
117
33
273
89
446
68
91
67
449
216
302
67
110
121
171
180
374
114
92
256
160
29
58
160
176
113
74
255
639
208
92
160
81
122
238
100
84
81
84
69
45
31
95
155
37
137
71
32
67
39
24
561
84
119
68
83
89
194
274
76
154
340
95
158
260
392
349
350
453
119
105
558
532
372
484
386
114
538
10
67
152
604
126
287
663
124
339
414
226
224
269
622
516
176
440
557
267
333
247
380
236
163
185
224
401
392
356
164
366
212
252
258
150
250
94
141
558
193
234
265
261
341
194
302
82
416
174
63
555
506
28
216
401
81
442
199
103
140
83
197
101
150
435
27
425
136
389
491
243
370
371
427
248
333
327
673
355
318
324
96
277
138
8
29
16
208
14
338
17
12
10
12
9
18
17
415
19
16
9
22
20
9
24
20
212
275
260
421
457
394
94
105
113
131
143
170
92
177
88
65
130
254
254
264
147
102
91
169
133
187
247
96
268
326
169
511
126
275
643
58
209
48
326
87
177
338
128
567
223
199
410
238
97
202
77
1006
185
180
70
240
56
293
65
161
249
45
117
314
44
70
47
337
97
159
84
686
143
180
132
70
295
163
134
120
98
96
217
614
92
140
70
143
77
527
67
131
118
47
121
13
124
130
43
64
36
15
63
106
27
45
19
21
15
18
10
23
25
20
25
17
21
85
12
29
29
140
9
173
187
561
259
86
65
577
130
359
197
372
204
400
70
150
533
259
328
248
613
315
172
254
676
97
71
49
166
158
573
112
297
618
332
269
610
109
385
342
303
456
248
241
115
27
7
45
148
80
55
68
118
130
296
340
232
504
260
312
214
306
350
432
265
134
170
196
137
180
128
125
413
190
561
249
292
105
238
172
178
354
420
201
356
154
74
317
229
240
200
568
343
112
390
92
202
131
234
282
319
207
354
266
564
247
445
367
175
204
312
237
267
290
202
643
300
166
56
74
27
27
30
388
