189
234
105
63
70
992
1817
52
51
2080
28
2227
4188
2181
31
2620
43
56
49
32
40
23
30
5446
8218
34
8431
79
8621
8915
50
10204
6955
11471
195
31
51
11995
2251
8447
5004
301
6926
51
9933
9987
7303
8197
68
13467
13664
21415
4494
7773
23659
4596
2136
20653
17362
20852
9669
77
61
102
140
56
49
42
45
207
131
52
7545
1186
4788
261
2340
2390
2507
26462
6295
2826
41
30
32
34
28
37
33
16183
8397
956
32315
9559
5094
2455
53
63
12929
75
89
92
95
128
48
51
59
69
43
53
51
47
9535
6249
31826
19211
16252
35912
30678
47642
140
1498
2149
3297
4167
4171
82
3602
31
35
7324
7627
8800
9126
10031
8537
44
50
1842
65
11762
11864
8136
123
78
1944
72
1183
2524
49
46
2430
6106
9135
6568
20531
198
12164
149
59
14136
16646
17906
3086
74
2130
40
98
80
21486
1143
105
86
8775
7528
4275
918
13354
64
4983
2437
22945
7759
8895
3281
6367
2483
7816
31
40
28
33
34
35
38
52
39
38
33
49
34
51
42
29
60
44
44
41
5535
37
50
37
32
31
29
33
29
30
49
42
35
33
32
36
44
57
18841
34972
19460
19069
10362
7223
9440
5099
10416
30788
34575
34732
30384
51470
107
140
146
154
147
175
179
110
68
64
75
144
98
404
1317
1671
3540
3934
3767
7760
140
6925
9523
2358
11368
3181
8922
38
31
25
29
27
40
40
41
9765
8121
8488
8720
9550
2373
2760
92
46
117
67
41
88
35
36
38
32
7418
17794
56
6695
2678
2845
16946
5316
15112
12522
8557
17334
404
26021
25129
5402
1899
2264
2137
3121
7129
21057
2346
50
51
85
73
76
43
38
35
31
34
76
7186
9361
9694
1181
36778
7958
4766
34025
5158
67
58
42
57
59
49
44
44
46
41
40
7847
31
48
6924
4627
10690
8617
8816
16864
28016
26359
37519
35108
50436
