246
256
268
289
300
313
311
341
374
381
389
217
219
515
286
270
260
223
220
234
298
366
371
237
282
250
213
298
259
357
310
240
239
231
342
322
216
239
295
210
225
223
219
287
206
230
263
261
207
237
201
199
267
238
210
231
170
219
200
145
208
192
140
220
164
143
164
184
199
177
301
213
214
159
196
135
218
156
126
203
282
182
210
219
167
167
125
170
140
141
202
220
138
127
201
137
161
156
136
127
178
219
135
125
131
166
135
133
127
201
124
140
158
135
133
152
147
237
144
178
256
265
280
294
296
295
304
304
406
414
407
415
237
225
229
272
252
260
310
313
289
281
301
307
240
221
244
254
231
213
228
247
234
203
214
271
293
250
285
252
331
257
373
299
248
231
221
233
220
234
233
255
231
242
225
209
207
219
255
232
255
230
239
254
221
222
256
225
238
230
220
227
220
226
238
384
205
121
185
116
204
226
217
128
205
127
128
248
232
214
263
254
119
118
252
214
129
221
197
234
128
121
193
230
220
305
122
118
226
134
265
163
224
190
140
196
195
213
149
218
274
277
278
294
314
333
338
368
371
386
435
223
501
235
229
245
243
319
310
321
352
231
256
337
439
259
236
306
340
231
188
149
146
223
207
292
284
223
206
138
227
210
172
165
147
213
155
315
190
156
221
244
186
199
237
162
155
357
169
207
135
166
168
156
206
214
196
135
131
242
220
198
204
138
135
210
172
147
204
141
196
253
186
165
153
194
156
247
192
205
144
198
172
159
135
184
232
185
191
239
219
140
157
193
193
144
151
151
198
194
157
248
226
197
181
237
149
148
224
202
