59
68
48
56
83
51
45
51
48
56
41
62
40
60
36
33
35
37
39
36
65
61
39
79
70
38
40
55
57
62
52
34
67
51
38
36
39
43
65
66
69
35
62
51
37
42
40
64
46
48
37
58
49
36
37
57
41
48
34
43
87
40
68
36
71
55
57
62
67
110
52
32
55
92
37
82
57
53
35
59
37
68
58
61
144
64
47
41
89
57
39
67
113
88
32
57
30
76
44
67
69
34
35
56
78
64
66
60
39
86
37
48
34
62
52
45
57
57
61
82
57
80
87
35
51
70
71
111
37
37
38
97
90
70
59
61
42
68
37
40
71
91
35
85
34
63
70
64
66
151
34
36
78
51
82
34
61
64
48
79
70
37
53
36
83
49
56
174
36
36
38
55
85
61
32
177
59
35
37
39
59
35
59
71
61
36
274
42
43
64
35
58
76
54
38
92
58
37
52
57
61
86
61
57
68
44
62
53
64
32
71
53
52
40
31
54
62
34
37
50
39
31
120
41
64
106
58
32
31
51
37
37
62
47
30
64
52
57
83
79
74
59
54
46
37
45
51
56
62
40
57
37
65
52
48
90
36
41
46
59
37
56
63
34
62
43
54
54
59
45
43
51
42
37
40
50
40
47
61
46
43
43
48
75
64
38
39
49
47
73
56
70
40
51
73
76
76
79
88
41
57
54
36
55
49
45
51
47
46
61
117
84
93
65
39
64
66
83
61
71
56
45
60
43
55
59
38
40
56
49
49
52
95
45
40
42
55
60
57
46
64
47
57
52
98
64
52
68
58
74
75
59
71
86
83
53
56
70
73
95
