101
136
41
152
160
168
195
52
206
205
221
35
98
74
242
9
50
19
66
268
17
93
19
148
102
96
186
120
148
195
185
480
271
252
238
93
324
255
163
145
47
127
10
22
10
142
10
31
500
174
121
403
210
90
271
193
82
163
152
104
164
95
137
212
152
207
530
128
271
211
78
74
34
84
53
76
8
14
122
19
73
92
12
125
11
277
14
196
128
44
66
157
787
62
232
158
168
157
124
130
85
66
80
277
386
37
134
71
58
105
30
148
305
81
10
147
119
8
126
66
52
10
8
20
342
132
110
84
83
169
169
227
175
259
316
480
51
347
601
25
437
269
497
154
496
522
237
177
573
124
336
11
39
36
13
308
54
279
272
416
737
96
467
311
458
788
859
124
197
150
266
185
160
356
381
215
216
447
409
352
424
272
143
164
124
312
316
276
274
631
306
689
151
316
193
134
509
198
193
450
180
294
308
418
403
110
322
161
168
236
137
236
446
156
230
452
224
264
330
297
322
371
167
315
701
300
342
138
338
381
287
70
358
263
273
343
229
235
461
622
65
128
131
153
151
167
164
202
90
137
307
126
214
101
218
223
44
84
445
117
507
168
236
135
148
434
524
118
49
311
59
165
267
43
178
138
65
57
279
106
112
868
87
150
388
191
466
501
358
106
94
168
150
215
211
133
111
256
128
97
169
90
203
72
47
51
88
94
49
56
159
142
137
370
81
43
178
101
95
132
84
117
77
153
101
69
516
134
52
67
111
48
176
342
440
177
68
116
55
214
46
50
94
125
93
245
162
472
174
445
253
322
226
578
448
86
271
546
473
658
194
375
201
362
258
272
317
455
300
312
343
239
462
219
380
318
323
203
592
17
70
15
73
111
162
224
366
490
332
493
130
368
320
498
411
390
318
146
295
178
148
419
379
215
288
700
329
109
139
155
324
356
284
152
356
165
281
363
259
134
330
366
141
397
303
109
258
252
532
250
425
188
214
252
417
492
512
453
358
296
146
281
638
191
341
82
92
243
9
12
53
19
20
49
65
62
88
15
16
10
10
12
52
10
10
15
18
13
404
237
254
52
47
9
167
8
10
10
11
46
124
127
139
144
145
65
213
237
99
46
282
143
75
237
373
399
205
152
448
204
194
113
369
525
144
99
103
384
187
336
177
321
124
252
137
199
454
37
263
144
151
169
112
127
466
101
59
176
55
118
188
107
500
647
100
104
222
282
189
260
118
298
281
138
317
240
48
83
71
115
237
142
374
212
194
294
76
96
256
61
110
54
272
77
59
198
141
219
152
73
30
83
138
39
140
221
61
44
180
19
90
58
89
99
166
116
231
119
274
58
108
297
151
141
242
307
402
341
527
483
301
226
502
514
624
533
335
271
561
7
6
675
649
94
109
219
308
92
108
279
136
350
416
134
474
209
516
239
198
299
279
214
303
370
371
375
177
202
373
353
251
393
289
197
543
78
286
199
283
147
274
292
301
526
173
318
179
407
160
151
217
244
333
187
308
253
84
285
468
158
131
384
269
434
231
310
211
265
332
318
256
332
398
606
256
332
366
333
444
335
148
357
33
42
38
24
15
12
14
9
90
17
12
15
18
10
25
12
13
11
24
17
384
289
275
465
544
482
469
515
