137
44
108
1650
3282
3290
54
1786
34
40
28
30
48
30
40
32
41
6337
44
7798
8313
9078
9839
8289
10040
1100
1733
12117
12406
2026
81
49
2517
42
7697
161
70
2770
122
7094
1016
3620
48
2187
14680
19880
15991
14155
42
7243
3345
416
19876
36
31
27
34
25
37
25
2595
45
79
52
9817
326
10490
20694
62
71
18726
6630
2713
52
55
30995
8377
57
4796
4713
5026
8963
1427
6051
12845
8876
12846
50
40
27
27
29
29
35
4914
21795
27
28
32
46
40
35
60
42
62
31
31
37
42
6339
9593
10132
8586
8605
28604
24984
15979
26962
42179
57303
120
156
315
144
427
113
72
2242
35
48
51
1162
41
39
65
56
4138
1956
6067
7207
60
7288
2091
8435
8444
52
55
10967
13030
5896
2103
6782
242
13440
288
7546
2568
8473
45
17693
6839
1671
4029
8621
7353
8491
1740
41
33
35
33
26
44
31
29
38
8871
8704
124
66
66
67
22241
37
73
32
49
2874
2847
29060
3873
1485
5623
6602
17025
62
58
54
29
27
33
39
30
33
2905
2308
13141
14414
4554
11635
1538
10944
18518
22097
20168
6933
7327
6958
42
47
63
76
41
63
44
87
50
48
77
57
52
22497
6793
6224
11390
15841
34570
42603
38713
57692
1974
41
80
2534
63
4127
60
7155
8359
8689
40
9209
2217
9476
1711
10094
10319
11887
49
9399
1035
1611
3668
60
94
94
60
97
17777
7897
53
47
1021
248
66
2140
3206
11895
8635
13087
365
15209
22263
2316
68
22696
17961
68
2866
55
6552
2187
92
100
2924
63
8980
4431
1585
7916
10543
5558
13284
41
66
5892
4196
6544
19240
29023
43
37
31
47
66
49
30043
53
33
36
37
30
34
31
36
51
38
40
59
37
48
45
79
48
43
45
40
32
50
41
29
54
45
42
35
28
12434
10054
10505
4521
11845
10521
22192
11522
8482
5837
15332
31299
42625
55779
