335
76
89
531
560
75
739
820
238
823
917
240
183
1053
505
494
94
301
194
166
99
75
1278
129
1417
373
679
157
448
352
633
170
212
430
108
96
709
420
1802
311
204
22
247
22
803
79
20
25
22
2009
205
146
207
151
98
351
76
221
343
219
889
280
201
226
450
101
184
295
650
310
106
66
335
170
306
245
66
171
96
38
36
980
20
133
277
188
292
26
86
129
223
169
99
196
241
78
197
338
281
387
134
240
171
22
244
23
14
8
9
164
180
254
221
50
1412
71
223
1259
173
136
871
262
1206
645
839
561
409
1144
727
422
565
1269
434
649
360
125
736
131
793
191
542
16
17
210
109
173
101
33
587
169
311
383
500
248
331
313
903
666
492
799
704
593
765
669
777
526
206
663
253
570
588
620
31
147
577
84
97
262
220
114
208
240
19
565
458
320
480
643
807
405
230
972
310
526
829
432
302
632
208
205
166
17
108
564
94
273
132
136
283
268
314
428
343
514
455
517
176
703
849
607
591
666
443
802
466
668
177
747
162
425
168
211
877
213
49
201
37
142
74
41
480
114
620
672
679
696
735
161
232
205
245
192
378
1111
338
295
1182
1268
361
378
175
409
155
400
119
1501
185
391
1642
178
198
525
97
688
255
500
398
659
251
129
117
318
239
106
2120
329
130
386
87
128
756
346
176
768
14
98
201
758
184
491
92
287
290
86
594
191
190
210
187
277
299
207
277
135
127
84
66
143
181
220
260
134
96
668
314
135
246
194
210
232
755
976
241
157
325
109
124
1527
452
751
513
388
691
1150
534
520
784
608
325
460
597
113
253
443
686
288
46
19
1144
160
19
319
269
316
284
512
261
500
283
657
357
418
528
626
560
1120
786
908
796
426
541
481
428
455
480
795
89
32
397
55
112
210
1040
126
481
297
25
299
296
208
366
577
600
817
754
404
580
266
598
746
513
491
403
477
323
129
29
534
114
230
220
80
182
195
370
230
391
382
624
545
640
189
839
799
736
512
762
829
329
782
658
19
37
15
16
46
69
660
105
159
35
811
352
815
12
12
265
13
78
16
24
19
177
21
11
100
57
14
19
47
177
61
102
21
17
12
77
12
20
59
380
512
725
809
842
927
986
152
312
131
1088
568
202
1253
890
626
304
450
465
524
483
171
772
344
529
1860
112
48
102
293
180
2011
279
2081
600
836
151
135
603
207
387
187
285
139
314
104
87
460
83
107
60
271
166
173
222
229
282
249
312
869
229
1018
126
354
134
1382
326
118
331
209
1839
198
147
98
1459
326
165
1360
263
95
170
87
171
495
207
166
108
188
199
154
662
209
686
563
210
189
277
184
179
782
641
603
722
82
370
1271
283
661
534
454
605
102
363
174
11
105
834
33
313
486
24
185
270
737
306
408
1066
358
333
320
293
397
847
560
544
501
230
709
180
569
136
1037
21
120
26
37
41
686
100
136
79
50
27
28
33
1119
109
765
163
62
71
199
15
230
37
22
352
22
32
63
129
55
42
1137
73
17
794
319
12
69
13
18
340
11
91
155
169
118
444
527
627
263
27
308
511
567
431
846
903
495
310
953
302
166
370
74
207
359
86
220
774
196
253
470
555
341
433
361
508
638
729
929
787
850
758
412
990
116
79
38
486
836
187
226
134
946
201
65
106
313
