187
215
236
510
1701
2614
3770
123
4731
12454
48
63
67
83
84
74
60
49
6580
15998
14814
11600
12611
3780
14980
10793
16372
19568
18079
23778
7747
8132
5334
7851
14700
88
71
45
74
49
23370
46
53
47
26233
22437
122
166
32738
247
14901
9173
1868
30091
7670
5307
32499
43505
3067
3054
4923
37080
1715
2010
47
53
59
65
49
43
72
74
41
47
48
12865
6563
10695
10881
6114
2894
8543
11006
4443
11468
51919
11929
20099
3594
5639
6389
8969
942
10241
66
3269
3599
58
83
57
59
65
62
60
51
61
58
51
50
14592
14974
30365
23410
17831
33678
30213
27086
39618
31334
46069
261
280
322
328
1531
2737
2860
140
2787
11187
7274
3302
56
52
60
44
49
47
56
15008
54
10042
11949
10019
13611
18856
18774
16627
16832
20961
6475
3784
9846
12096
9861
113
142
25272
132
111
76
95
77
76
89
67
30930
322
1741
29814
14084
27851
4780
6346
11762
2776
32856
27624
2506
38114
9252
5514
43731
10310
48804
72
138
85
68
60
64
72
99
85
88
72
11259
2125
6763
2383
5958
8137
12003
2995
5455
11537
11618
19708
7088
4509
5883
7926
947
10197
81
3351
53
68
57
61
56
50
49
58
52
83
3228
68
51
15821
19345
14471
32450
19625
36232
36930
39426
28128
26713
40905
322
327
366
524
1633
2060
2894
198
2234
11564
6382
13260
13687
4380
65
62
60
47
59
10329
58
51
76
11794
16190
11502
17164
20472
15410
21683
6312
8828
6344
11069
9577
106
136
106
116
150
118
65
74
77
62
30565
23940
370
14700
5655
29730
6787
9241
1988
27931
2321
4317
35646
30707
32376
11983
5302
47371
1497
5381
1865
48
46372
57
31
49
73
44
34
51
48
44
44
10643
11273
6187
5120
9069
3460
10950
11272
4750
19985
4503
6112
6980
10252
10364
787
86
3169
71
55
69
71
74
62
55
70
51
62
5164
60
62
27850
28808
15299
20663
34655
16787
17718
40036
27472
29441
49304
