281
388
471
498
520
527
578
618
623
629
353
683
673
370
299
314
275
243
255
350
234
279
138
361
229
216
205
342
371
201
193
273
233
306
164
179
211
243
148
233
144
255
296
242
151
156
212
237
324
235
243
242
259
143
140
220
294
238
189
299
292
206
209
271
261
187
290
300
287
127
299
141
407
184
218
298
171
204
383
220
363
328
153
311
195
174
150
249
171
165
389
180
226
233
151
127
156
248
138
143
129
125
333
159
199
293
144
725
745
659
763
115
713
780
854
384
250
333
251
349
285
291
340
464
463
476
481
502
512
241
547
245
569
702
370
279
255
342
267
314
286
283
366
437
537
310
272
236
290
271
264
284
421
235
151
253
157
180
360
281
233
238
228
175
250
238
169
193
290
210
267
216
234
165
225
275
290
251
254
211
215
215
164
214
173
247
268
357
328
192
238
327
169
296
236
361
193
290
206
258
392
342
158
266
314
303
246
149
224
312
258
205
259
238
251
232
288
236
339
312
302
202
298
211
151
181
207
152
208
190
261
168
192
223
301
191
222
278
263
318
275
296
302
317
357
431
432
474
549
253
552
247
276
608
299
621
312
348
320
269
302
242
326
448
345
374
340
412
425
179
172
276
265
222
257
169
179
148
316
160
152
322
226
230
235
283
282
231
161
157
180
199
261
250
201
152
135
137
206
175
228
256
165
274
163
155
157
184
133
198
172
231
318
187
150
131
134
231
137
163
242
204
250
149
158
205
144
208
211
244
222
136
249
212
245
179
210
359
172
260
155
215
317
285
128
244
171
192
213
129
207
177
246
215
146
171
256
165
211
213
