113
72
140
110
102
72
61
92
65
63
53
91
85
93
72
70
60
120
73
58
121
96
55
66
68
129
96
82
132
73
116
91
98
103
70
82
99
85
61
66
72
71
115
66
71
93
120
108
82
108
115
67
80
71
91
82
110
87
123
103
77
57
117
114
72
76
77
78
60
59
94
84
90
92
65
63
85
79
60
116
56
73
38
102
67
61
80
40
69
36
65
96
69
38
41
37
68
56
60
70
35
62
73
67
70
43
38
63
49
85
68
75
33
68
62
62
54
61
71
44
54
120
147
52
125
94
111
62
66
63
76
71
43
92
71
61
51
52
92
45
54
66
79
53
49
47
37
49
83
81
62
60
52
44
79
53
44
92
77
71
56
69
61
46
58
85
49
63
40
48
86
54
49
41
67
49
42
82
44
44
113
59
55
55
110
42
45
42
68
76
56
50
40
39
44
45
77
61
43
47
66
44
64
89
46
74
80
61
68
64
57
44
45
57
71
50
61
55
64
64
65
56
60
71
69
96
59
43
46
69
56
62
58
63
44
74
44
56
51
96
93
98
63
75
86
115
55
47
57
41
81
70
37
64
42
49
92
79
92
34
56
73
37
58
50
84
70
65
46
38
40
59
40
81
47
77
37
83
36
62
54
76
71
50
39
62
58
37
54
41
55
31
72
87
40
71
37
93
35
62
74
60
42
44
48
46
44
65
45
35
53
55
44
65
55
51
36
55
53
53
41
58
56
47
49
38
69
57
55
41
41
38
34
43
57
69
80
52
35
76
58
45
71
51
55
38
37
50
47
52
41
61
59
48
53
46
39
66
70
47
