135
138
168
173
46
238
82
146
260
321
151
93
149
72
62
223
113
211
557
585
317
200
657
707
526
197
186
362
103
220
305
218
360
238
97
225
158
45
241
1044
181
271
369
160
152
460
68
103
202
229
166
83
600
73
282
169
108
70
46
389
92
85
8
17
221
100
20
75
12
254
209
179
68
493
229
315
124
105
511
1106
216
54
100
92
127
295
215
120
51
147
337
58
58
141
39
292
165
20
83
275
39
165
191
131
400
549
274
484
104
43
19
12
513
87
6
121
356
17
24
96
255
85
15
142
288
468
13
320
59
35
18
198
9
7
306
98
13
22
16
325
26
29
311
100
84
52
161
45
366
574
251
93
207
111
107
206
634
543
580
369
650
580
563
560
606
10
518
725
111
214
589
315
801
269
178
733
259
938
357
630
631
394
341
498
963
386
240
414
319
756
73
382
276
171
325
504
200
236
303
230
435
421
243
247
236
738
372
357
358
446
486
130
415
239
230
400
437
373
221
413
323
216
300
401
275
348
775
349
425
569
436
464
436
471
387
289
285
562
751
739
126
130
149
170
184
189
64
212
215
64
256
265
82
262
158
80
128
110
228
85
120
342
255
167
61
618
317
396
99
140
264
483
611
393
218
337
178
81
158
134
110
114
155
181
75
235
163
115
232
376
240
296
171
144
96
167
115
332
419
138
97
99
117
179
79
164
112
128
86
304
359
150
224
106
172
1316
35
222
78
94
201
20
38
120
248
1034
189
84
124
204
129
118
86
233
144
125
255
125
137
88
156
401
48
263
382
350
494
189
488
317
464
471
340
199
612
760
262
592
679
636
398
774
625
77
27
272
199
259
488
121
130
109
194
516
485
161
1020
260
739
180
684
308
433
275
916
250
385
200
459
391
369
341
348
83
214
55
529
51
58
677
303
530
34
79
175
490
597
215
125
402
198
529
277
106
233
148
350
306
262
239
423
296
486
110
354
373
151
240
376
356
425
150
275
787
257
251
248
396
297
423
240
315
807
274
195
284
409
446
375
338
481
10
18
10
34
411
434
427
11
17
18
35
28
18
23
33
20
28
262
23
39
24
20
9
305
463
592
626
471
703
86
105
106
150
205
225
108
248
296
320
119
208
134
14
18
11
395
26
77
443
65
397
69
579
321
271
375
150
538
215
191
57
110
237
431
189
119
105
264
449
118
170
107
222
107
372
124
84
465
110
13
13
145
243
94
7
24
10
163
184
129
196
202
83
225
216
219
183
168
92
213
209
55
95
16
78
16
16
190
8
108
871
251
18
88
132
347
92
546
385
678
228
193
260
193
299
73
274
312
563
339
66
43
41
136
107
149
168
123
169
74
278
83
55
60
283
155
64
167
14
131
229
108
116
30
35
387
34
266
80
695
190
158
145
121
161
123
246
71
184
93
384
914
598
788
609
570
810
526
432
789
503
701
505
227
916
412
252
63
8
179
70
123
211
388
264
138
385
332
233
195
315
362
319
489
265
191
224
158
292
204
247
320
65
347
280
249
69
254
211
178
321
412
643
86
168
606
138
340
356
360
534
375
151
226
316
152
176
116
280
195
182
215
160
296
204
217
245
253
174
138
212
282
378
344
450
765
798
345
466
620
537
294
178
484
139
76
237
47
149
