233
3244
4536
4922
64
5295
2218
8272
9488
9515
35
52
9582
49
36
51
32
40
54
53
10854
11125
12228
158
7106
4512
338
64
64
6646
123
89
3501
71
84
8812
3074
11508
14935
16197
17530
57
1802
7548
95
35
3594
1255
53
29
32
35
47
51
43
35
17542
25029
20612
1323
242
12324
29534
7447
45
40
27
31
29
32
6310
31
2850
6145
266
39
46
65
52
94
4165
11551
40261
28597
2961
8445
2300
1625
2558
10754
909
13702
7082
7726
7623
10835
6039
12149
83
94
84
34
34
67
52
75
39
44
51
47
51
23402
28631
4418
34829
8795
18350
38776
37964
53065
102
34
44
58
46
72
28
32
30
123
1762
4516
4774
4895
5498
2784
7971
8446
9108
223
8573
11269
11962
139
93
12299
7896
63
49
7350
2667
112
377
2627
11260
13698
51
26557
48
1735
38
49
49
44
55
46
43
31
17891
18945
1096
1030
19255
25917
3466
37
55
65
47
41
38
40
42
33
62
3386
6052
95
2776
27405
110
94
28614
8265
8076
7132
7772
12122
6739
14461
227
36788
9028
53
49
87
33113
3467
1261
12510
1832
3883
24326
3596
8349
7099
802
824
59
69
37
66
45
47
54
35
47
39
29
34978
8749
11142
9622
10534
4732
9963
14661
44445
37366
51933
142
176
198
200
177
118
127
426
101
98
285
63
1326
2014
2243
116
67
83
3777
4469
4085
7002
8283
8839
10091
2720
95
8568
9429
5716
3311
95
136
81
46
65
53
35
99
77
49
12905
2604
3932
8520
6357
8256
8564
12449
58
46
65
55
54
48
49
44
22499
9652
61
20905
15167
15349
24977
3163
17697
303
1369
2395
10845
92
95
47
34
35
33
46
45
20405
3801
2802
30566
2723
1262
6488
2885
12751
3644
7140
32139
5674
38144
13552
8327
106
32646
67
38
12753
43
48
47
47
44
45
35
45
52
49
9659
3815
8102
8764
8764
9074
28007
19174
28710
36295
59151
