278
287
324
349
355
353
345
398
406
499
283
575
306
280
637
281
299
365
387
421
256
230
251
431
344
243
254
329
250
156
262
391
201
198
186
170
137
324
271
285
185
291
238
227
172
156
183
155
209
181
163
264
141
171
176
272
160
216
275
180
241
173
198
143
155
153
211
194
225
192
192
174
256
171
253
158
173
160
172
202
185
156
157
197
155
194
147
153
285
174
161
281
165
183
209
171
182
158
152
169
165
187
182
148
137
254
213
163
190
192
251
210
154
167
168
172
202
170
204
280
311
317
317
326
348
353
359
388
470
465
257
256
582
286
293
300
299
693
335
332
276
293
275
276
242
274
330
255
228
284
196
229
226
214
167
236
288
295
328
185
195
220
364
331
321
331
170
308
163
171
230
196
282
310
213
191
272
221
310
276
289
200
247
343
265
247
160
168
221
184
253
217
239
298
172
196
171
172
356
289
231
378
268
220
183
249
172
282
242
248
217
166
182
270
212
262
179
217
219
168
154
199
200
225
264
224
239
167
207
256
226
153
231
193
239
182
216
188
205
261
282
285
323
326
366
383
426
434
437
442
560
280
286
596
279
295
299
276
361
300
329
375
285
296
309
299
366
310
334
335
351
252
307
249
263
268
551
525
316
406
302
308
262
265
297
352
317
248
257
297
333
259
233
241
256
256
292
236
274
290
321
287
308
245
242
281
330
307
225
267
284
236
270
273
273
224
239
261
230
247
329
283
254
314
239
277
276
295
419
247
308
335
229
247
348
359
227
201
216
258
271
202
317
257
244
202
261
216
277
405
291
211
225
208
189
290
181
205
209
204
