55
53
59
48
37
37
99
33
34
39
36
61
64
50
36
58
33
36
68
40
57
38
49
45
46
54
55
46
39
60
65
45
37
38
57
39
45
54
38
43
43
61
39
43
39
66
41
39
34
45
45
57
50
47
63
59
39
39
61
65
53
48
59
85
66
56
37
54
52
35
35
59
39
38
41
35
48
45
40
41
58
43
57
59
67
46
44
40
51
43
44
60
38
59
56
39
56
41
40
40
65
42
63
48
46
37
58
41
43
74
46
55
42
57
54
41
48
46
53
56
53
60
92
65
39
44
86
68
54
58
50
45
66
62
87
46
40
35
56
78
39
44
44
36
51
59
60
49
79
45
39
66
48
36
43
44
53
72
49
53
57
50
56
39
42
70
56
48
73
79
40
82
45
51
41
64
56
51
80
47
40
55
41
32
53
83
67
65
78
42
37
37
40
52
90
61
58
38
55
47
55
49
36
49
47
50
58
55
41
38
38
50
49
52
42
79
40
38
65
45
62
62
55
38
51
52
48
59
36
51
44
56
64
49
50
56
65
40
68
63
61
66
91
39
56
61
59
82
71
39
93
42
65
56
55
54
44
45
70
48
72
58
52
67
68
57
65
43
51
56
36
43
44
69
50
39
40
85
71
46
48
43
40
79
60
46
51
55
125
49
35
58
57
38
49
45
51
61
47
36
98
37
59
55
37
45
42
44
80
41
43
43
69
62
67
44
54
52
53
52
61
35
64
39
43
47
41
58
49
50
39
51
40
39
46
91
44
37
78
64
38
38
51
39
45
59
45
37
42
38
63
51
63
35
39
55
49
47
47
45
